0.000000000000000000e+00 1.522435897435897405e-02 2.297008547008547175e-02 7.300569800569800365e-03 8.012820512820512109e-03
0.000000000000000000e+00 1.994301994301994271e-02 4.580662393162392848e-02 6.766381766381766340e-03 6.677350427350427046e-03
0.000000000000000000e+00 2.359330484330484159e-02 6.143162393162392848e-02 6.588319088319088621e-03 6.410256410256410034e-03
0.000000000000000000e+00 3.579059829059828834e-02 1.083066239316239354e-01 7.478632478632478951e-03 8.279914529914529989e-03
0.000000000000000000e+00 4.424857549857549865e-02 1.452991452991453103e-01 6.232193732193732315e-03 6.410256410256410034e-03
0.000000000000000000e+00 5.635683760683760785e-02 1.343482905982905928e-01 1.014957264957264994e-02 1.495726495726495790e-02
0.000000000000000000e+00 9.918091168091168475e-02 1.578525641025640969e-01 7.834757834757835257e-03 5.876068376068376009e-03
0.000000000000000000e+00 1.285612535612535579e-01 1.566506410256410242e-01 6.054131054131053728e-03 5.608974358974358997e-03
0.000000000000000000e+00 1.469907407407407274e-01 1.538461538461538547e-01 5.876068376068376009e-03 3.739316239316239476e-03
0.000000000000000000e+00 1.566951566951566843e-01 1.519764957264957139e-01 6.766381766381766340e-03 5.876068376068376009e-03
0.000000000000000000e+00 1.680911680911680861e-01 1.682692307692307820e-01 4.273504273504273934e-03 9.081196581196581893e-03
0.000000000000000000e+00 1.642628205128205121e-01 1.506410256410256332e-01 6.232193732193732315e-03 6.410256410256410034e-03
0.000000000000000000e+00 3.575498575498575748e-01 1.440972222222222099e-01 7.122507122507122646e-03 6.677350427350427046e-03
0.000000000000000000e+00 3.637820512820512664e-01 1.578525641025640969e-01 7.834757834757835257e-03 5.876068376068376009e-03
0.000000000000000000e+00 3.639601139601139623e-01 1.647970085470085444e-01 6.410256410256410034e-03 5.341880341880341984e-03
0.000000000000000000e+00 2.558760683760683552e-01 1.424946581196581130e-01 6.766381766381766340e-03 6.143162393162393022e-03
0.000000000000000000e+00 3.954772079772079785e-01 1.444978632478632341e-01 6.054131054131053728e-03 6.944444444444444059e-03
0.000000000000000000e+00 4.753383190883190834e-01 1.470352564102564152e-01 7.300569800569800365e-03 7.745726495726495964e-03
0.000000000000000000e+00 4.886039886039886260e-01 4.326923076923076816e-02 8.903133903133903307e-03 7.478632478632478951e-03
0.000000000000000000e+00 5.487891737891738009e-01 5.088141025641025605e-02 4.629629629629629373e-03 1.255341880341880392e-02
0.000000000000000000e+00 5.892094017094017255e-01 2.243589743589743599e-02 6.766381766381766340e-03 5.341880341880341984e-03
0.000000000000000000e+00 7.102920227920227481e-01 8.466880341880342331e-02 3.561253561253561323e-03 1.068376068376068397e-02
0.000000000000000000e+00 7.241809116809116986e-01 5.622329059829059977e-02 5.341880341880341984e-03 1.148504273504273587e-02
0.000000000000000000e+00 7.285434472934473327e-01 7.011217948717948789e-02 5.519943019943019703e-03 1.201923076923076990e-02
0.000000000000000000e+00 7.394943019943019946e-01 1.091079059829059839e-01 4.629629629629629373e-03 1.148504273504273587e-02
0.000000000000000000e+00 7.443910256410256610e-01 1.254006410256410242e-01 4.807692307692307959e-03 1.201923076923076990e-02
0.000000000000000000e+00 7.483974358974359031e-01 1.388888888888888951e-01 5.341880341880341984e-03 1.282051282051282007e-02
0.000000000000000000e+00 7.518696581196581130e-01 1.515758547008546897e-01 5.876068376068376009e-03 1.095085470085470011e-02
0.000000000000000000e+00 7.565883190883191389e-01 1.669337606837606736e-01 4.629629629629629373e-03 9.615384615384615918e-03
0.000000000000000000e+00 8.663639601139601076e-01 1.165865384615384637e-01 6.232193732193732315e-03 9.882478632478632063e-03
0.000000000000000000e+00 8.467770655270655533e-01 1.606570512820512941e-01 5.876068376068376009e-03 1.041666666666666609e-02
0.000000000000000000e+00 9.465811965811965489e-01 1.001602564102564187e-02 6.766381766381766340e-03 8.814102564102564014e-03
0.000000000000000000e+00 8.881766381766381668e-01 7.932692307692307265e-02 6.054131054131053728e-03 8.547008547008547868e-03
0.000000000000000000e+00 9.330484330484330180e-02 1.724091880341880323e-01 3.917378917378917629e-03 1.095085470085470011e-02
0.000000000000000000e+00 1.009615384615384637e-01 1.725427350427350404e-01 3.917378917378917629e-03 1.121794871794871799e-02
0.000000000000000000e+00 1.050569800569800538e-01 1.717414529914529919e-01 3.561253561253561323e-03 9.081196581196581893e-03
0.000000000000000000e+00 1.160968660968660915e-01 1.713408119658119677e-01 3.917378917378917629e-03 1.255341880341880392e-02
0.000000000000000000e+00 1.201923076923076955e-01 1.704059829059829112e-01 3.561253561253561323e-03 9.615384615384615918e-03
0.000000000000000000e+00 1.244658119658119677e-01 1.702724358974359031e-01 3.917378917378917629e-03 8.814102564102564014e-03
0.000000000000000000e+00 3.089387464387464283e-02 3.011485042735042583e-01 4.807692307692307959e-03 9.882478632478632063e-03
0.000000000000000000e+00 3.329772079772079507e-02 3.116987179487179516e-01 4.273504273504273934e-03 9.615384615384615918e-03
0.000000000000000000e+00 8.484686609686609149e-02 2.918002136752136932e-01 3.383190883190883170e-03 9.348290598290598039e-03
0.000000000000000000e+00 7.220441595441595695e-02 3.193108974358974117e-01 5.163817663817663398e-03 4.006410256410256054e-03
0.000000000000000000e+00 8.618233618233618609e-02 3.162393162393162260e-01 3.917378917378917629e-03 9.615384615384615918e-03
0.000000000000000000e+00 9.526353276353276278e-02 3.141025641025640969e-01 4.629629629629629373e-03 1.014957264957264994e-02
0.000000000000000000e+00 9.597578347578347713e-02 2.885950854700854440e-01 4.985754985754985678e-03 1.095085470085470011e-02
0.000000000000000000e+00 1.113782051282051350e-01 2.817841880341880323e-01 4.807692307692307959e-03 1.228632478632478604e-02
0.000000000000000000e+00 1.186787749287749327e-01 2.791132478632478708e-01 5.163817663817663398e-03 1.228632478632478604e-02
0.000000000000000000e+00 1.266915954415954448e-01 2.769764957264957417e-01 4.095441595441595348e-03 1.014957264957264994e-02
0.000000000000000000e+00 1.321225071225071157e-01 1.704059829059829112e-01 3.561253561253561323e-03 1.014957264957264994e-02
0.000000000000000000e+00 1.362179487179487059e-01 1.706730769230769273e-01 3.917378917378917629e-03 1.121794871794871799e-02
0.000000000000000000e+00 1.401353276353276278e-01 1.713408119658119677e-01 3.561253561253561323e-03 9.882478632478632063e-03
0.000000000000000000e+00 1.483262108262108359e-01 1.694711538461538547e-01 3.917378917378917629e-03 1.095085470085470011e-02
0.000000000000000000e+00 1.599893162393162260e-01 1.690705128205128305e-01 4.451566951566951653e-03 1.121794871794871799e-02
0.000000000000000000e+00 1.343482905982905928e-01 2.743055555555555802e-01 4.451566951566951653e-03 1.121794871794871799e-02
0.000000000000000000e+00 1.381766381766381668e-01 2.737713675213675479e-01 4.629629629629629373e-03 1.068376068376068397e-02
0.000000000000000000e+00 1.417378917378917247e-01 2.724358974358974117e-01 3.917378917378917629e-03 1.014957264957264994e-02
0.000000000000000000e+00 1.457443019943019946e-01 2.709668803418803229e-01 3.383190883190883170e-03 9.348290598290598039e-03
0.000000000000000000e+00 1.494836182336182206e-01 2.706997863247863068e-01 3.739316239316239476e-03 9.348290598290598039e-03
0.000000000000000000e+00 1.618589743589743668e-01 2.701655982905982745e-01 3.561253561253561323e-03 9.348290598290598039e-03
0.000000000000000000e+00 1.502849002849002968e-01 2.998130341880341776e-01 3.917378917378917629e-03 1.148504273504273587e-02
0.000000000000000000e+00 1.574964387464387328e-01 2.996794871794871695e-01 4.807692307692307959e-03 1.121794871794871799e-02
0.000000000000000000e+00 1.647079772079771964e-01 2.955395299145299193e-01 3.917378917378917629e-03 1.148504273504273587e-02
0.000000000000000000e+00 1.763710826210826144e-01 2.950053418803418870e-01 4.095441595441595348e-03 1.041666666666666609e-02
0.000000000000000000e+00 2.136752136752136655e-01 2.731036324786324521e-01 6.054131054131053728e-03 4.540598290598290947e-03
0.000000000000000000e+00 2.022792022792022915e-01 2.946047008547008628e-01 3.917378917378917629e-03 9.615384615384615918e-03
0.000000000000000000e+00 2.132300569800569812e-01 3.294604700854700807e-01 6.944444444444444059e-03 6.143162393162393022e-03
0.000000000000000000e+00 2.443910256410256332e-01 2.122061965811965767e-01 8.725071225071224720e-03 6.677350427350427046e-03
0.000000000000000000e+00 3.636930199430199462e-01 1.900373931623931534e-01 8.368945868945869282e-03 5.608974358974358997e-03
0.000000000000000000e+00 3.634259259259259300e-01 2.077991452991453103e-01 7.122507122507122646e-03 4.807692307692307959e-03
0.000000000000000000e+00 2.651353276353276556e-01 3.235844017094017255e-01 7.122507122507122646e-03 6.143162393162393022e-03
0.000000000000000000e+00 3.099180911680911588e-01 3.206463675213675479e-01 7.656695156695156670e-03 6.143162393162393022e-03
0.000000000000000000e+00 3.457086894586894332e-01 3.191773504273504036e-01 6.944444444444444059e-03 5.876068376068376009e-03
0.000000000000000000e+00 4.131054131054130996e-01 1.919070512820512941e-01 6.410256410256410034e-03 6.143162393162393022e-03
0.000000000000000000e+00 4.098112535612535856e-01 2.092681623931623991e-01 5.876068376068376009e-03 5.608974358974358997e-03
0.000000000000000000e+00 4.697293447293447444e-01 3.207799145299145560e-01 6.410256410256410034e-03 8.012820512820512109e-03
0.000000000000000000e+00 4.829059829059829112e-01 3.080929487179487336e-01 4.273504273504273934e-03 1.041666666666666609e-02
0.000000000000000000e+00 4.707977207977208089e-01 2.747061965811966044e-01 6.054131054131053728e-03 5.608974358974358997e-03
0.000000000000000000e+00 4.568198005698005937e-01 2.669604700854700807e-01 4.451566951566951653e-03 1.095085470085470011e-02
0.000000000000000000e+00 4.585113960113960108e-01 2.536057692307692180e-01 3.917378917378917629e-03 8.279914529914529989e-03
0.000000000000000000e+00 4.737357549857549865e-01 2.506677350427350404e-01 8.012820512820512109e-03 6.677350427350427046e-03
0.000000000000000000e+00 4.764957264957264682e-01 2.333066239316239354e-01 7.478632478632478951e-03 6.677350427350427046e-03
0.000000000000000000e+00 4.905626780626780592e-01 2.477297008547008628e-01 4.629629629629629373e-03 1.255341880341880392e-02
0.000000000000000000e+00 4.851317663817663606e-01 2.871260683760683552e-01 4.451566951566951653e-03 9.615384615384615918e-03
0.000000000000000000e+00 5.776353276353276556e-01 3.066239316239316448e-01 4.273504273504273934e-03 1.014957264957264994e-02
0.000000000000000000e+00 7.669159544159543929e-01 2.008547008547008628e-01 4.273504273504273934e-03 1.121794871794871799e-02
0.000000000000000000e+00 7.724358974358974672e-01 2.216880341880341776e-01 5.341880341880341984e-03 1.175213675213675202e-02
0.000000000000000000e+00 7.794693732193732627e-01 2.934027777777777901e-01 6.232193732193732315e-03 7.211538461538461939e-03
0.000000000000000000e+00 7.611289173789174134e-01 3.230502136752136932e-01 5.163817663817663398e-03 1.201923076923076990e-02
0.000000000000000000e+00 7.567663817663817794e-01 3.246527777777777901e-01 4.629629629629629373e-03 1.041666666666666609e-02
0.000000000000000000e+00 8.043091168091167642e-01 2.959401709401709435e-01 5.341880341880341984e-03 1.014957264957264994e-02
0.000000000000000000e+00 8.461538461538461453e-01 3.291933760683760646e-01 3.917378917378917629e-03 1.095085470085470011e-02
0.000000000000000000e+00 8.264779202279202153e-01 2.483974358974359031e-01 5.876068376068376009e-03 1.175213675213675202e-02
0.000000000000000000e+00 9.667913105413105113e-01 2.166132478632478708e-01 7.656695156695156670e-03 5.341880341880341984e-03
0.000000000000000000e+00 2.356659544159544206e-01 3.426816239316239354e-01 8.725071225071224720e-03 5.341880341880341984e-03
0.000000000000000000e+00 1.276709401709401615e-01 4.439102564102563875e-01 5.698005698005698290e-03 6.944444444444444059e-03
0.000000000000000000e+00 1.321225071225071157e-01 4.416399572649572502e-01 7.122507122507122646e-03 8.814102564102564014e-03
0.000000000000000000e+00 1.764601139601139623e-01 4.722222222222222099e-01 3.917378917378917629e-03 1.014957264957264994e-02
0.000000000000000000e+00 3.358262108262108359e-01 4.169337606837607013e-01 4.985754985754985678e-03 1.121794871794871799e-02
0.000000000000000000e+00 3.607549857549857686e-01 4.134615384615384359e-01 4.273504273504273934e-03 1.121794871794871799e-02
0.000000000000000000e+00 3.652065527065527228e-01 4.169337606837607013e-01 4.629629629629629373e-03 1.068376068376068397e-02
0.000000000000000000e+00 3.690349002849002691e-01 4.178685897435897578e-01 4.807692307692307959e-03 1.201923076923076990e-02
0.000000000000000000e+00 3.239850427350427498e-01 4.262820512820512664e-01 6.232193732193732315e-03 5.341880341880341984e-03
0.000000000000000000e+00 3.354700854700854440e-01 4.441773504273504036e-01 7.122507122507122646e-03 5.876068376068376009e-03
0.000000000000000000e+00 2.986111111111111049e-01 4.565972222222222099e-01 5.698005698005698290e-03 5.608974358974358997e-03
0.000000000000000000e+00 2.759971509971509973e-01 4.707532051282051211e-01 7.122507122507122646e-03 7.211538461538461939e-03
0.000000000000000000e+00 4.322471509971509973e-01 3.693910256410256610e-01 6.588319088319088621e-03 9.615384615384615918e-03
0.000000000000000000e+00 3.829237891737891641e-01 4.238782051282051211e-01 4.807692307692307959e-03 1.068376068376068397e-02
0.000000000000000000e+00 4.084757834757834494e-01 4.326923076923077094e-01 4.629629629629629373e-03 1.121794871794871799e-02
0.000000000000000000e+00 4.069622507122507282e-01 4.599358974358974117e-01 6.232193732193732315e-03 6.410256410256410034e-03
0.000000000000000000e+00 4.392806267806267928e-01 4.415064102564102422e-01 6.054131054131053728e-03 1.282051282051282007e-02
0.000000000000000000e+00 4.512998575498575748e-01 4.606036324786324521e-01 7.656695156695156670e-03 7.745726495726495964e-03
0.000000000000000000e+00 4.464921652421652287e-01 4.776976495726495964e-01 8.725071225071224720e-03 8.814102564102564014e-03
0.000000000000000000e+00 5.420227920227920215e-01 4.001068376068376287e-01 8.903133903133903307e-03 8.012820512820512109e-03
0.000000000000000000e+00 7.398504273504273865e-01 3.537660256410256610e-01 8.547008547008547868e-03 6.677350427350427046e-03
0.000000000000000000e+00 7.313924501424501345e-01 3.816773504273504036e-01 6.944444444444444059e-03 6.410256410256410034e-03
0.000000000000000000e+00 7.232015669515668987e-01 3.807425213675213471e-01 6.232193732193732315e-03 6.143162393162393022e-03
0.000000000000000000e+00 6.789529914529914834e-01 3.951655982905982745e-01 3.917378917378917629e-03 1.148504273504273587e-02
0.000000000000000000e+00 6.836716524216523982e-01 3.943643162393162260e-01 3.027065527065526864e-03 1.041666666666666609e-02
0.000000000000000000e+00 6.551816239316239354e-01 4.504540598290598385e-01 3.739316239316239476e-03 1.148504273504273587e-02
0.000000000000000000e+00 6.635505698005698116e-01 4.500534188034188143e-01 3.383190883190883170e-03 1.014957264957264994e-02
0.000000000000000000e+00 6.800213675213675479e-01 4.504540598290598385e-01 3.561253561253561323e-03 1.148504273504273587e-02
0.000000000000000000e+00 6.922186609686609149e-01 4.488514957264957417e-01 3.739316239316239476e-03 1.095085470085470011e-02
0.000000000000000000e+00 7.654024216524216717e-01 3.476228632478632341e-01 5.876068376068376009e-03 1.201923076923076990e-02
0.000000000000000000e+00 7.733262108262107803e-01 3.430822649572649596e-01 4.629629629629629373e-03 1.148504273504273587e-02
0.000000000000000000e+00 7.774216524216523982e-01 3.412126068376068466e-01 4.273504273504273934e-03 1.041666666666666609e-02
0.000000000000000000e+00 8.316417378917378977e-01 3.855502136752136932e-01 5.876068376068376009e-03 5.074786324786324972e-03
0.000000000000000000e+00 8.593304843304843121e-01 3.934294871794871695e-01 6.766381766381766340e-03 5.341880341880341984e-03
0.000000000000000000e+00 9.101673789173788665e-01 4.035790598290598385e-01 6.232193732193732315e-03 5.341880341880341984e-03
0.000000000000000000e+00 9.342948717948718063e-01 4.087873931623931534e-01 6.766381766381766340e-03 5.608974358974358997e-03
0.000000000000000000e+00 9.462250712250712681e-01 4.110576923076922906e-01 8.190883190883190695e-03 6.410256410256410034e-03
0.000000000000000000e+00 9.560185185185184897e-01 4.131944444444444198e-01 7.122507122507122646e-03 5.876068376068376009e-03
0.000000000000000000e+00 9.669693732193732627e-01 4.150641025641025883e-01 1.014957264957264994e-02 7.478632478632478951e-03
0.000000000000000000e+00 9.955484330484331013e-01 4.202724358974359031e-01 8.190883190883190695e-03 6.143162393162393022e-03
0.000000000000000000e+00 9.746260683760683552e-01 4.157318376068376287e-01 6.944444444444444059e-03 6.143162393162393022e-03
0.000000000000000000e+00 9.330484330484331013e-01 4.262820512820512664e-01 7.834757834757835257e-03 5.341880341880341984e-03
0.000000000000000000e+00 9.479166666666666297e-01 4.290865384615384359e-01 6.944444444444444059e-03 5.074786324786324972e-03
0.000000000000000000e+00 9.569978632478632896e-01 4.308226495726495964e-01 7.300569800569800365e-03 5.876068376068376009e-03
0.000000000000000000e+00 9.894052706552706189e-01 4.698183760683760646e-01 4.095441595441595348e-03 9.615384615384615918e-03
0.000000000000000000e+00 8.950320512820513219e-01 4.532585470085470081e-01 5.163817663817663398e-03 1.282051282051282007e-02
0.000000000000000000e+00 9.027777777777777901e-01 4.606036324786324521e-01 4.273504273504273934e-03 1.041666666666666609e-02
0.000000000000000000e+00 3.730413105413105668e-01 6.332799145299145005e-01 5.698005698005698290e-03 5.876068376068376009e-03
0.000000000000000000e+00 3.571937321937321830e-01 6.241987179487179516e-01 4.629629629629629373e-03 9.081196581196581893e-03
0.000000000000000000e+00 3.486467236467236663e-01 6.271367521367521292e-01 7.122507122507122646e-03 7.478632478632478951e-03
0.000000000000000000e+00 3.563034188034188143e-01 6.518429487179486781e-01 2.849002849002849145e-03 9.348290598290598039e-03
0.000000000000000000e+00 2.699430199430199462e-01 5.072115384615384359e-01 6.766381766381766340e-03 6.410256410256410034e-03
0.000000000000000000e+00 2.642450142450142314e-01 5.442040598290598385e-01 6.766381766381766340e-03 6.677350427350427046e-03
0.000000000000000000e+00 4.103454415954416179e-01 5.711805555555555802e-01 4.451566951566951653e-03 1.041666666666666609e-02
0.000000000000000000e+00 4.040242165242165506e-01 5.948183760683760646e-01 3.917378917378917629e-03 1.014957264957264994e-02
0.000000000000000000e+00 3.856837606837607013e-01 6.303418803418803229e-01 5.341880341880341984e-03 7.478632478632478951e-03
0.000000000000000000e+00 3.962784900284900269e-01 6.547809829059828557e-01 3.383190883190883170e-03 9.882478632478632063e-03
0.000000000000000000e+00 4.067841880341880323e-01 6.292735042735042583e-01 3.739316239316239476e-03 1.228632478632478604e-02
0.000000000000000000e+00 4.114138176638176825e-01 6.408920940170940161e-01 7.656695156695156670e-03 5.608974358974358997e-03
0.000000000000000000e+00 4.187143874643874386e-01 6.068376068376067911e-01 6.588319088319088621e-03 5.876068376068376009e-03
0.000000000000000000e+00 6.427172364672364413e-01 6.188568376068376287e-01 3.739316239316239476e-03 1.175213675213675202e-02
0.000000000000000000e+00 7.865918803418803229e-01 5.026709401709401615e-01 4.451566951566951653e-03 1.068376068376068397e-02
0.000000000000000000e+00 7.899750712250712681e-01 5.291132478632478708e-01 3.027065527065526864e-03 8.547008547008547868e-03
0.000000000000000000e+00 7.919337606837606458e-01 5.440705128205127750e-01 4.095441595441595348e-03 1.121794871794871799e-02
0.000000000000000000e+00 8.017272079772079785e-01 6.250000000000000000e-01 4.807692307692307959e-03 1.068376068376068397e-02
0.000000000000000000e+00 8.075142450142450690e-01 6.314102564102563875e-01 3.561253561253561323e-03 8.547008547008547868e-03
0.000000000000000000e+00 8.004807692307692735e-01 6.116452991452991927e-01 4.451566951566951653e-03 1.121794871794871799e-02
0.000000000000000000e+00 8.079594017094017255e-01 5.810630341880341776e-01 4.451566951566951653e-03 1.201923076923076990e-02
0.000000000000000000e+00 8.134793447293446889e-01 6.247329059829059839e-01 5.519943019943019703e-03 1.335470085470085409e-02
0.000000000000000000e+00 9.870014245014244736e-01 5.674412393162393542e-01 3.561253561253561323e-03 8.814102564102564014e-03
0.000000000000000000e+00 9.025106837606837740e-01 5.344551282051281937e-01 4.807692307692307959e-03 1.121794871794871799e-02
0.000000000000000000e+00 9.045584045584045274e-01 5.530181623931623713e-01 3.561253561253561323e-03 1.041666666666666609e-02
0.000000000000000000e+00 9.092770655270655533e-01 5.884081196581196771e-01 4.451566951566951653e-03 1.068376068376068397e-02
0.000000000000000000e+00 9.048254985754985436e-01 6.241987179487179516e-01 4.451566951566951653e-03 1.014957264957264994e-02
0.000000000000000000e+00 9.129273504273504036e-01 6.160523504273504036e-01 4.629629629629629373e-03 9.882478632478632063e-03
0.000000000000000000e+00 6.617699430199430743e-01 8.289262820512820484e-01 3.027065527065526864e-03 8.814102564102564014e-03
0.000000000000000000e+00 7.337962962962962798e-01 6.916399572649573058e-01 3.561253561253561323e-03 9.348290598290598039e-03
0.000000000000000000e+00 7.384259259259259300e-01 6.880341880341880323e-01 4.273504273504273934e-03 1.228632478632478604e-02
0.000000000000000000e+00 6.536680911680912143e-01 7.393162393162393542e-01 3.561253561253561323e-03 1.068376068376068397e-02
0.000000000000000000e+00 8.051103988603988126e-01 7.661591880341880323e-01 3.383190883190883170e-03 8.814102564102564014e-03
0.000000000000000000e+00 8.026175213675214026e-01 8.323985042735042583e-01 4.095441595441595348e-03 9.882478632478632063e-03
0.000000000000000000e+00 9.144408831908832358e-01 8.063568376068376287e-01 4.095441595441595348e-03 1.175213675213675202e-02
0.000000000000000000e+00 9.136396011396011874e-01 8.344017094017094349e-01 4.629629629629629373e-03 1.014957264957264994e-02
0.000000000000000000e+00 9.158653846153845812e-01 7.626869658119658224e-01 3.383190883190883170e-03 9.348290598290598039e-03
0.000000000000000000e+00 9.149750712250712681e-01 7.888621794871795156e-01 4.451566951566951653e-03 1.095085470085470011e-02
0.000000000000000000e+00 1.883903133903133964e-01 8.631143162393162260e-01 6.054131054131053728e-03 6.143162393162393022e-03
0.000000000000000000e+00 1.595441595441595417e-01 9.057158119658119677e-01 4.985754985754985678e-03 1.068376068376068397e-02
0.000000000000000000e+00 7.004095441595441507e-01 9.511217948717948234e-01 6.232193732193732315e-03 7.478632478632478951e-03
0.000000000000000000e+00 6.632834757834757955e-01 8.418803418803418870e-01 3.561253561253561323e-03 9.615384615384615918e-03
0.000000000000000000e+00 6.656873219373219408e-01 8.719284188034187588e-01 4.095441595441595348e-03 9.882478632478632063e-03
0.000000000000000000e+00 6.710292022792022637e-01 9.261485042735042583e-01 3.739316239316239476e-03 9.882478632478632063e-03
0.000000000000000000e+00 6.274038461538461453e-01 8.898237179487179516e-01 4.451566951566951653e-03 1.095085470085470011e-02
0.000000000000000000e+00 8.024394586894586512e-01 8.448183760683760646e-01 3.383190883190883170e-03 1.228632478632478604e-02
0.000000000000000000e+00 7.997685185185184897e-01 8.868856837606837740e-01 3.739316239316239476e-03 1.201923076923076990e-02
0.000000000000000000e+00 8.163283475783476018e-01 9.694177350427350959e-01 4.095441595441595348e-03 1.148504273504273587e-02
0.000000000000000000e+00 9.115918803418803229e-01 8.836805555555555802e-01 3.739316239316239476e-03 1.201923076923076990e-02
0.000000000000000000e+00 9.004629629629629095e-01 9.317574786324785974e-01 3.561253561253561323e-03 1.041666666666666609e-02
0.000000000000000000e+00 9.001068376068376287e-01 9.436431623931623713e-01 3.561253561253561323e-03 1.014957264957264994e-02
0.000000000000000000e+00 9.096331908831908342e-01 9.488514957264957417e-01 5.876068376068376009e-03 1.469017094017094002e-02
0.000000000000000000e+00 9.099893162393162260e-01 9.324252136752136932e-01 4.451566951566951653e-03 1.121794871794871799e-02
0.000000000000000000e+00 9.125712250712251228e-01 8.597756410256410797e-01 4.629629629629629373e-03 1.282051282051282007e-02
0.000000000000000000e+00 9.107905982905982745e-01 8.979700854700854995e-01 4.273504273504273934e-03 1.228632478632478604e-02
0.000000000000000000e+00 6.309650997150997309e-01 8.401442307692307265e-01 4.451566951566951653e-03 1.255341880341880392e-02
0.000000000000000000e+00 8.044871794871795156e-01 8.046207264957264682e-01 2.492877492877492839e-03 1.362179487179487197e-02
0.000000000000000000e+00 8.138354700854700807e-01 8.633814102564102422e-01 4.095441595441595348e-03 1.255341880341880392e-02
0.000000000000000000e+00 7.539173789173788665e-01 7.912660256410256610e-01 7.122507122507122646e-03 5.074786324786324972e-03
0.000000000000000000e+00 7.715455840455840431e-01 7.797809829059828557e-01 6.766381766381766340e-03 5.074786324786324972e-03
0.000000000000000000e+00 7.417200854700854995e-01 1.543803418803418870e-01 4.451566951566951653e-03 1.068376068376068397e-02
0.000000000000000000e+00 7.497329059829059839e-01 1.812232905982905928e-01 4.095441595441595348e-03 1.148504273504273587e-02
0.000000000000000000e+00 7.531160968660968180e-01 1.943108974358974395e-01 5.519943019943019703e-03 1.148504273504273587e-02
0.000000000000000000e+00 7.711894586894586512e-01 2.514690170940170888e-01 4.985754985754985678e-03 8.814102564102564014e-03
0.000000000000000000e+00 3.437500000000000000e-01 1.463675213675213749e-01 4.095441595441595348e-03 1.014957264957264994e-02
0.000000000000000000e+00 3.294159544159544484e-02 3.512286324786324798e-02 4.273504273504273934e-03 7.745726495726495964e-03
0.000000000000000000e+00 1.006054131054131065e-02 1.875000000000000000e-01 7.656695156695156670e-03 7.478632478632478951e-03
0.000000000000000000e+00 2.060185185185185175e-01 2.944711538461538547e-01 4.273504273504273934e-03 1.148504273504273587e-02
0.000000000000000000e+00 5.074786324786324521e-01 3.018162393162393195e-02 9.615384615384615918e-03 6.944444444444444059e-03
0.000000000000000000e+00 8.018162393162393542e-01 5.329861111111111605e-01 4.629629629629629373e-03 1.095085470085470011e-02
0.000000000000000000e+00 8.035968660968660915e-01 5.466079059829059839e-01 4.629629629629629373e-03 1.148504273504273587e-02
0.000000000000000000e+00 8.062678062678062529e-01 5.634348290598291120e-01 4.985754985754985678e-03 1.255341880341880392e-02
0.000000000000000000e+00 7.714565527065526673e-01 4.889155982905982745e-01 7.656695156695156670e-03 6.143162393162393022e-03
0.000000000000000000e+00 9.272613960113960108e-01 6.800213675213675479e-01 8.368945868945869282e-03 6.410256410256410034e-03
0.000000000000000000e+00 9.111467236467236663e-01 6.044337606837606458e-01 3.561253561253561323e-03 9.615384615384615918e-03
0.000000000000000000e+00 9.372329059829059839e-01 6.452991452991453381e-01 6.944444444444444059e-03 5.876068376068376009e-03
0.000000000000000000e+00 9.845085470085470636e-01 9.907852564102563875e-01 6.766381766381766340e-03 5.074786324786324972e-03
0.000000000000000000e+00 9.946581196581196771e-01 9.913194444444444198e-01 7.122507122507122646e-03 5.608974358974358997e-03
0.000000000000000000e+00 9.499643874643874941e-01 9.882478632478632896e-01 8.190883190883190695e-03 4.807692307692307959e-03
0.000000000000000000e+00 8.338675213675214026e-01 9.909188034188034511e-01 6.766381766381766340e-03 6.410256410256410034e-03
