0.000000000000000000e+00 3.703703703703703498e-01 6.944444444444444753e-02 7.122507122507122646e-03 5.876068376068376009e-03
0.000000000000000000e+00 3.537215099715099731e-01 6.036324786324786390e-02 4.807692307692307959e-03 9.615384615384615918e-03
0.000000000000000000e+00 3.453525641025640969e-01 6.396901709401708880e-02 7.656695156695156670e-03 7.745726495726495964e-03
0.000000000000000000e+00 3.347578347578347713e-01 6.103098290598290426e-02 6.410256410256410034e-03 6.143162393162393022e-03
0.000000000000000000e+00 3.530982905982906206e-01 8.840811965811966322e-02 3.917378917378917629e-03 1.014957264957264994e-02
0.000000000000000000e+00 4.070512820512820484e-01 5.608974358974358997e-03 4.985754985754985678e-03 1.014957264957264994e-02
0.000000000000000000e+00 4.011752136752136932e-01 2.938034188034188005e-02 4.985754985754985678e-03 1.175213675213675202e-02
0.000000000000000000e+00 4.148860398860398924e-01 4.019764957264957556e-02 8.903133903133903307e-03 8.279914529914529989e-03
0.000000000000000000e+00 4.042022792022791911e-01 6.410256410256409687e-02 4.273504273504273934e-03 1.228632478632478604e-02
0.000000000000000000e+00 3.828347578347578439e-01 6.583867521367521569e-02 6.766381766381766340e-03 8.279914529914529989e-03
0.000000000000000000e+00 3.940527065527065775e-01 9.014423076923076816e-02 4.273504273504273934e-03 1.041666666666666609e-02
0.000000000000000000e+00 6.411146723646723444e-01 2.897970085470085583e-02 4.451566951566951653e-03 1.095085470085470011e-02
0.000000000000000000e+00 6.430733618233618332e-01 5.836004273504273587e-02 4.095441595441595348e-03 1.255341880341880392e-02
0.000000000000000000e+00 8.108084045584045274e-01 1.629273504273504383e-02 4.451566951566951653e-03 1.175213675213675202e-02
0.000000000000000000e+00 8.044871794871795156e-01 6.129807692307692041e-02 4.629629629629629373e-03 1.201923076923076990e-02
0.000000000000000000e+00 8.165954415954416179e-01 6.063034188034188005e-02 4.629629629629629373e-03 1.335470085470085409e-02
0.000000000000000000e+00 8.030626780626780592e-01 4.767628205128204844e-02 4.629629629629629373e-03 1.201923076923076990e-02
0.000000000000000000e+00 9.131054131054131551e-01 2.136752136752136794e-02 4.273504273504273934e-03 1.014957264957264994e-02
0.000000000000000000e+00 6.639957264957264682e-01 2.715010683760683552e-01 3.205128205128205017e-03 8.279914529914529989e-03
0.000000000000000000e+00 6.655092592592593004e-01 2.844551282051281937e-01 3.739316239316239476e-03 9.081196581196581893e-03
0.000000000000000000e+00 6.686253561253561184e-01 3.161057692307692180e-01 3.561253561253561323e-03 9.882478632478632063e-03
0.000000000000000000e+00 6.547364672364672789e-01 1.801549145299145283e-01 4.629629629629629373e-03 1.095085470085470011e-02
0.000000000000000000e+00 8.086716524216523982e-01 2.044604700854700807e-01 3.027065527065526864e-03 1.041666666666666609e-02
0.000000000000000000e+00 8.069800569800569257e-01 2.727029914529914278e-01 3.561253561253561323e-03 1.068376068376068397e-02
0.000000000000000000e+00 8.063568376068376287e-01 2.851228632478632341e-01 3.027065527065526864e-03 1.255341880341880392e-02
0.000000000000000000e+00 8.183760683760683552e-01 3.038194444444444198e-01 4.273504273504273934e-03 1.201923076923076990e-02
0.000000000000000000e+00 7.744836182336182206e-01 2.131410256410256332e-01 7.300569800569800365e-03 4.807692307692307959e-03
0.000000000000000000e+00 7.740384615384615641e-01 2.187500000000000000e-01 7.834757834757835257e-03 4.807692307692307959e-03
0.000000000000000000e+00 7.573005698005698116e-01 2.319711538461538547e-01 7.478632478632478951e-03 5.608974358974358997e-03
0.000000000000000000e+00 8.042200854700854995e-01 3.269230769230769273e-01 4.095441595441595348e-03 1.282051282051282007e-02
0.000000000000000000e+00 9.207621082621082476e-01 1.987179487179487059e-01 3.917378917378917629e-03 1.121794871794871799e-02
0.000000000000000000e+00 9.204059829059828557e-01 2.267628205128205121e-01 4.273504273504273934e-03 1.068376068376068397e-02
0.000000000000000000e+00 9.173789173789174134e-01 3.222489316239316448e-01 3.561253561253561323e-03 1.255341880341880392e-02
0.000000000000000000e+00 9.189814814814815103e-01 2.720352564102563875e-01 3.917378917378917629e-03 9.348290598290598039e-03
0.000000000000000000e+00 9.204950142450142314e-01 2.127403846153846090e-01 3.739316239316239476e-03 8.814102564102564014e-03
0.000000000000000000e+00 9.200498575498575748e-01 2.435897435897435848e-01 3.917378917378917629e-03 1.175213675213675202e-02
0.000000000000000000e+00 1.552706552706552834e-01 3.616452991452991372e-01 4.629629629629629373e-03 1.068376068376068397e-02
0.000000000000000000e+00 3.929843304843304574e-01 4.468482905982906206e-01 6.410256410256410034e-03 9.615384615384615918e-03
0.000000000000000000e+00 4.548611111111111049e-01 4.863782051282051211e-01 6.588319088319088621e-03 6.410256410256410034e-03
0.000000000000000000e+00 4.859330484330484090e-01 4.967948717948718063e-01 7.122507122507122646e-03 6.410256410256410034e-03
0.000000000000000000e+00 6.032763532763533165e-01 4.465811965811966044e-01 4.985754985754985678e-03 1.175213675213675202e-02
0.000000000000000000e+00 6.741452991452991927e-01 3.711271367521367659e-01 4.273504273504273934e-03 1.041666666666666609e-02
0.000000000000000000e+00 6.273148148148147696e-01 4.927884615384615641e-01 7.478632478632478951e-03 4.807692307692307959e-03
0.000000000000000000e+00 6.482371794871795156e-01 4.893162393162392987e-01 5.876068376068376009e-03 3.739316239316239476e-03
0.000000000000000000e+00 6.674679487179486781e-01 4.861111111111111049e-01 7.300569800569800365e-03 4.807692307692307959e-03
0.000000000000000000e+00 7.118945868945868449e-01 4.762286324786324521e-01 6.054131054131053728e-03 4.807692307692307959e-03
0.000000000000000000e+00 7.209757834757835049e-01 4.740918803418803229e-01 7.122507122507122646e-03 5.341880341880341984e-03
0.000000000000000000e+00 7.292556980056980054e-01 4.720886752136752018e-01 7.300569800569800365e-03 5.608974358974358997e-03
0.000000000000000000e+00 7.042378917378917524e-01 3.952991452991452825e-01 6.766381766381766340e-03 6.410256410256410034e-03
0.000000000000000000e+00 8.213141025641025328e-01 4.119925213675213471e-01 4.095441595441595348e-03 1.148504273504273587e-02
0.000000000000000000e+00 7.634437321937321830e-01 3.852831196581196771e-01 3.383190883190883170e-03 1.255341880341880392e-02
0.000000000000000000e+00 8.393874643874643660e-01 4.340277777777777901e-01 7.478632478632478951e-03 6.410256410256410034e-03
0.000000000000000000e+00 8.926282051282051766e-01 4.551282051282051211e-01 8.903133903133903307e-03 5.341880341880341984e-03
0.000000000000000000e+00 9.039351851851852304e-01 4.545940170940170888e-01 7.300569800569800365e-03 4.807692307692307959e-03
0.000000000000000000e+00 9.196937321937321830e-01 4.540598290598290565e-01 7.122507122507122646e-03 4.273504273504273934e-03
0.000000000000000000e+00 9.569088319088319139e-01 4.272168803418803229e-01 8.903133903133903307e-03 5.608974358974358997e-03
0.000000000000000000e+00 9.917200854700854995e-01 4.292200854700854440e-01 6.944444444444444059e-03 5.876068376068376009e-03
0.000000000000000000e+00 9.529024216524216717e-01 4.541933760683760646e-01 6.944444444444444059e-03 5.608974358974358997e-03
0.000000000000000000e+00 9.380341880341880323e-01 4.539262820512820484e-01 8.547008547008547868e-03 6.143162393162393022e-03
0.000000000000000000e+00 9.163105413105413488e-01 3.884882478632478708e-01 5.698005698005698290e-03 1.469017094017094002e-02
0.000000000000000000e+00 9.066061253561253919e-01 3.717948717948718063e-01 3.739316239316239476e-03 9.615384615384615918e-03
0.000000000000000000e+00 9.063390313390313757e-01 3.838141025641025883e-01 3.561253561253561323e-03 9.081196581196581893e-03
0.000000000000000000e+00 9.167556980056980054e-01 3.377403846153846367e-01 3.739316239316239476e-03 1.095085470085470011e-02
0.000000000000000000e+00 9.156873219373219408e-01 3.724626068376068466e-01 3.383190883190883170e-03 9.348290598290598039e-03
0.000000000000000000e+00 8.824786324786324521e-01 4.551282051282051211e-01 8.190883190883190695e-03 4.807692307692307959e-03
0.000000000000000000e+00 3.640491452991452825e-01 6.538461538461538547e-01 3.383190883190883170e-03 8.012820512820512109e-03
0.000000000000000000e+00 4.788105413105412933e-01 5.790598290598291120e-01 3.561253561253561323e-03 8.012820512820512109e-03
0.000000000000000000e+00 4.524572649572649596e-01 6.382211538461538547e-01 6.054131054131053728e-03 5.074786324786324972e-03
0.000000000000000000e+00 4.740028490028490027e-01 6.485042735042735318e-01 3.205128205128205017e-03 9.081196581196581893e-03
0.000000000000000000e+00 4.787215099715099731e-01 6.495726495726495964e-01 4.095441595441595348e-03 1.068376068376068397e-02
0.000000000000000000e+00 4.828169515669515910e-01 6.515758547008546619e-01 4.095441595441595348e-03 1.095085470085470011e-02
0.000000000000000000e+00 6.165420227920227481e-01 5.468750000000000000e-01 6.232193732193732315e-03 8.814102564102564014e-03
0.000000000000000000e+00 6.030092592592593004e-01 5.681089743589743390e-01 3.027065527065526864e-03 9.081196581196581893e-03
0.000000000000000000e+00 6.162749287749287319e-01 5.550213675213675479e-01 4.985754985754985678e-03 8.012820512820512109e-03
0.000000000000000000e+00 6.171652421652421561e-01 5.825320512820513219e-01 5.341880341880341984e-03 6.944444444444444059e-03
0.000000000000000000e+00 6.173433048433047965e-01 6.018963675213675479e-01 4.273504273504273934e-03 6.677350427350427046e-03
0.000000000000000000e+00 6.524216524216523982e-01 6.647970085470085166e-01 7.122507122507122646e-03 5.341880341880341984e-03
0.000000000000000000e+00 6.521545584045583821e-01 6.581196581196581130e-01 7.656695156695156670e-03 5.876068376068376009e-03
0.000000000000000000e+00 6.387108262108261991e-01 5.193643162393162260e-01 6.410256410256410034e-03 4.540598290598290947e-03
0.000000000000000000e+00 6.477920227920227481e-01 5.173611111111111605e-01 7.834757834757835257e-03 4.807692307692307959e-03
0.000000000000000000e+00 6.573183760683760646e-01 5.148237179487179516e-01 7.300569800569800365e-03 5.074786324786324972e-03
0.000000000000000000e+00 6.845619658119658224e-01 5.070779914529914834e-01 6.232193732193732315e-03 5.074786324786324972e-03
0.000000000000000000e+00 6.753027065527065220e-01 5.097489316239316448e-01 6.944444444444444059e-03 5.074786324786324972e-03
0.000000000000000000e+00 7.470619658119658224e-01 5.431356837606837740e-01 3.383190883190883170e-03 9.348290598290598039e-03
0.000000000000000000e+00 7.452813390313390851e-01 6.022970085470085166e-01 3.739316239316239476e-03 1.335470085470085409e-02
0.000000000000000000e+00 7.370904558404558493e-01 6.662660256410256610e-01 4.451566951566951653e-03 1.041666666666666609e-02
0.000000000000000000e+00 7.467058404558404305e-01 5.558226495726495964e-01 3.027065527065526864e-03 9.081196581196581893e-03
0.000000000000000000e+00 9.883368945868945543e-01 6.658653846153845812e-01 4.095441595441595348e-03 1.121794871794871799e-02
0.000000000000000000e+00 3.458867521367521292e-01 7.450587606837606458e-01 8.368945868945869282e-03 2.964743589743589619e-02
0.000000000000000000e+00 4.764066951566951480e-01 8.158386752136752573e-01 6.944444444444444059e-03 5.608974358974358997e-03
0.000000000000000000e+00 4.806801994301994063e-01 7.723023504273504036e-01 6.944444444444444059e-03 6.677350427350427046e-03
0.000000000000000000e+00 4.801460113960113740e-01 7.776442307692307265e-01 6.588319088319088621e-03 5.608974358974358997e-03
0.000000000000000000e+00 4.980413105413105668e-01 8.210470085470085166e-01 3.205128205128205017e-03 9.081196581196581893e-03
0.000000000000000000e+00 5.008903133903134242e-01 8.354700854700854995e-01 7.478632478632478951e-03 7.478632478632478951e-03
0.000000000000000000e+00 5.139779202279202153e-01 8.365384615384615641e-01 5.519943019943019703e-03 6.410256410256410034e-03
0.000000000000000000e+00 5.178062678062678170e-01 8.131677350427350959e-01 3.205128205128205017e-03 1.041666666666666609e-02
0.000000000000000000e+00 5.222578347578347158e-01 8.102297008547008073e-01 3.205128205128205017e-03 9.348290598290598039e-03
0.000000000000000000e+00 5.261752136752136932e-01 8.094284188034187588e-01 3.561253561253561323e-03 1.095085470085470011e-02
0.000000000000000000e+00 5.351673789173788665e-01 8.054220085470085166e-01 3.739316239316239476e-03 1.095085470085470011e-02
0.000000000000000000e+00 5.392628205128204844e-01 8.031517094017094349e-01 3.383190883190883170e-03 8.547008547008547868e-03
0.000000000000000000e+00 5.436253561253561184e-01 8.010149572649573058e-01 2.849002849002849145e-03 9.081196581196581893e-03
0.000000000000000000e+00 5.440705128205127750e-01 8.229166666666666297e-01 8.368945868945869282e-03 6.944444444444444059e-03
0.000000000000000000e+00 5.548433048433047965e-01 8.190438034188034511e-01 5.341880341880341984e-03 6.143162393162393022e-03
0.000000000000000000e+00 5.664173789173788665e-01 7.911324786324785974e-01 4.273504273504273934e-03 1.335470085470085409e-02
0.000000000000000000e+00 5.746972934472934780e-01 7.864583333333333703e-01 3.383190883190883170e-03 9.882478632478632063e-03
0.000000000000000000e+00 5.876958689458688934e-01 8.035523504273504036e-01 6.588319088319088621e-03 6.143162393162393022e-03
0.000000000000000000e+00 6.016737891737892197e-01 7.975427350427350959e-01 7.122507122507122646e-03 6.944444444444444059e-03
0.000000000000000000e+00 5.966880341880341776e-01 6.709401709401708880e-01 6.410256410256410034e-03 9.615384615384615918e-03
0.000000000000000000e+00 5.982905982905982745e-01 7.422542735042735318e-01 6.766381766381766340e-03 1.014957264957264994e-02
0.000000000000000000e+00 6.075498575498575748e-01 7.601495726495726135e-01 3.561253561253561323e-03 1.014957264957264994e-02
0.000000000000000000e+00 6.159188034188034511e-01 7.501335470085470636e-01 6.054131054131053728e-03 7.745726495726495964e-03
0.000000000000000000e+00 6.160078347578347158e-01 7.423878205128204844e-01 5.519943019943019703e-03 7.745726495726495964e-03
0.000000000000000000e+00 6.155626780626780592e-01 7.342414529914529364e-01 5.698005698005698290e-03 7.478632478632478951e-03
0.000000000000000000e+00 6.154736467236466835e-01 7.260950854700854995e-01 5.876068376068376009e-03 8.814102564102564014e-03
0.000000000000000000e+00 6.157407407407406996e-01 7.180822649572649041e-01 5.698005698005698290e-03 7.745726495726495964e-03
0.000000000000000000e+00 6.445868945868945543e-01 7.111378205128204844e-01 7.122507122507122646e-03 6.143162393162393022e-03
0.000000000000000000e+00 6.440527065527065220e-01 6.778846153846154188e-01 3.561253561253561323e-03 8.547008547008547868e-03
0.000000000000000000e+00 6.484152421652421561e-01 6.766826923076922906e-01 3.383190883190883170e-03 8.279914529914529989e-03
0.000000000000000000e+00 7.323717948717948234e-01 6.801549145299145005e-01 5.341880341880341984e-03 1.255341880341880392e-02
0.000000000000000000e+00 7.046830484330484090e-01 7.299679487179486781e-01 4.807692307692307959e-03 7.478632478632478951e-03
0.000000000000000000e+00 8.267450142450142314e-01 7.290331196581196771e-01 8.190883190883190695e-03 8.814102564102564014e-03
0.000000000000000000e+00 8.457977207977207534e-01 7.487980769230768718e-01 6.410256410256410034e-03 7.745726495726495964e-03
0.000000000000000000e+00 9.895833333333333703e-01 7.506677350427350959e-01 5.876068376068376009e-03 6.143162393162393022e-03
0.000000000000000000e+00 9.886930199430199462e-01 7.572115384615384359e-01 6.588319088319088621e-03 5.876068376068376009e-03
0.000000000000000000e+00 9.888710826210825866e-01 7.622863247863247427e-01 7.300569800569800365e-03 4.807692307692307959e-03
0.000000000000000000e+00 9.885149572649573058e-01 7.685630341880341776e-01 7.656695156695156670e-03 7.211538461538461939e-03
0.000000000000000000e+00 9.878917378917378977e-01 7.751068376068376287e-01 7.122507122507122646e-03 5.876068376068376009e-03
0.000000000000000000e+00 9.865562678062678170e-01 7.815170940170940161e-01 6.232193732193732315e-03 6.944444444444444059e-03
0.000000000000000000e+00 9.792556980056980054e-01 7.789797008547008073e-01 5.519943019943019703e-03 1.201923076923076990e-02
0.000000000000000000e+00 9.867343304843304574e-01 7.883279914529914834e-01 7.300569800569800365e-03 7.745726495726495964e-03
0.000000000000000000e+00 9.872685185185184897e-01 6.798878205128204844e-01 3.027065527065526864e-03 9.348290598290598039e-03
0.000000000000000000e+00 8.957443019943019946e-01 7.739049145299145005e-01 6.944444444444444059e-03 6.677350427350427046e-03
0.000000000000000000e+00 4.187143874643874386e-01 8.617788461538461453e-01 5.876068376068376009e-03 6.677350427350427046e-03
0.000000000000000000e+00 4.278846153846153633e-01 8.579059829059828557e-01 7.834757834757835257e-03 7.478632478632478951e-03
0.000000000000000000e+00 4.368767806267806475e-01 8.526976495726495964e-01 5.519943019943019703e-03 6.143162393162393022e-03
0.000000000000000000e+00 4.450676638176638278e-01 8.673878205128204844e-01 5.876068376068376009e-03 7.211538461538461939e-03
0.000000000000000000e+00 4.655448717948718063e-01 8.576388888888888395e-01 6.588319088319088621e-03 6.944444444444444059e-03
0.000000000000000000e+00 4.739138176638176825e-01 8.543002136752136932e-01 6.232193732193732315e-03 6.677350427350427046e-03
0.000000000000000000e+00 4.866452991452991372e-01 8.490918803418803229e-01 5.698005698005698290e-03 5.876068376068376009e-03
0.000000000000000000e+00 4.964387464387464144e-01 8.444177350427350959e-01 7.834757834757835257e-03 7.211538461538461939e-03
0.000000000000000000e+00 5.050747863247863068e-01 8.404113247863247427e-01 7.656695156695156670e-03 6.677350427350427046e-03
0.000000000000000000e+00 5.667735042735042583e-01 9.493856837606837740e-01 3.917378917378917629e-03 9.882478632478632063e-03
0.000000000000000000e+00 5.748753561253561184e-01 9.449786324786324521e-01 3.739316239316239476e-03 9.081196581196581893e-03
0.000000000000000000e+00 6.865206552706553111e-01 8.514957264957264682e-01 4.807692307692307959e-03 8.012820512820512109e-03
0.000000000000000000e+00 7.197293447293446889e-01 8.661858974358974672e-01 3.561253561253561323e-03 8.547008547008547868e-03
0.000000000000000000e+00 7.067307692307692735e-01 8.723290598290598385e-01 5.698005698005698290e-03 6.944444444444444059e-03
0.000000000000000000e+00 7.054843304843304574e-01 8.912927350427350959e-01 6.766381766381766340e-03 8.012820512820512109e-03
0.000000000000000000e+00 7.146545584045583821e-01 8.969017094017094349e-01 7.656695156695156670e-03 8.547008547008547868e-03
0.000000000000000000e+00 7.516915954415954726e-01 8.995726495726495964e-01 6.232193732193732315e-03 6.410256410256410034e-03
0.000000000000000000e+00 7.512464387464387050e-01 9.196047008547008073e-01 7.834757834757835257e-03 8.012820512820512109e-03
0.000000000000000000e+00 7.589921652421652842e-01 9.035790598290598385e-01 5.876068376068376009e-03 7.478632478632478951e-03
0.000000000000000000e+00 7.827635327635327211e-01 9.177350427350426942e-01 6.766381766381766340e-03 7.478632478632478951e-03
0.000000000000000000e+00 7.698539886039885705e-01 9.098557692307692735e-01 5.163817663817663398e-03 5.074786324786324972e-03
0.000000000000000000e+00 7.679843304843304574e-01 9.297542735042735318e-01 6.766381766381766340e-03 6.944444444444444059e-03
0.000000000000000000e+00 8.096509971509971981e-01 9.344284188034187588e-01 6.410256410256410034e-03 7.211538461538461939e-03
0.000000000000000000e+00 8.166844729344728826e-01 9.389690170940171443e-01 6.944444444444444059e-03 7.211538461538461939e-03
0.000000000000000000e+00 8.058226495726495964e-01 9.520566239316239354e-01 1.014957264957264994e-02 1.095085470085470011e-02
0.000000000000000000e+00 8.326210826210825866e-01 9.683493589743589203e-01 6.410256410256410034e-03 7.745726495726495964e-03
0.000000000000000000e+00 8.413461538461538547e-01 9.740918803418803229e-01 6.054131054131053728e-03 7.478632478632478951e-03
0.000000000000000000e+00 8.717948717948718063e-01 8.601762820512820484e-01 3.561253561253561323e-03 8.814102564102564014e-03
0.000000000000000000e+00 8.559472934472934780e-01 8.792735042735042583e-01 3.205128205128205017e-03 8.547008547008547868e-03
0.000000000000000000e+00 8.639601139601139623e-01 8.855502136752136932e-01 3.561253561253561323e-03 9.882478632478632063e-03
0.000000000000000000e+00 8.634259259259259300e-01 8.967681623931623713e-01 7.122507122507122646e-03 7.211538461538461939e-03
0.000000000000000000e+00 8.569266381766381668e-01 9.176014957264957417e-01 3.739316239316239476e-03 1.041666666666666609e-02
0.000000000000000000e+00 9.594907407407406996e-01 9.114583333333333703e-01 4.095441595441595348e-03 1.255341880341880392e-02
0.000000000000000000e+00 9.568198005698005382e-01 9.294871794871795156e-01 4.095441595441595348e-03 1.014957264957264994e-02
0.000000000000000000e+00 9.516559829059828557e-01 9.674145299145299193e-01 3.739316239316239476e-03 1.068376068376068397e-02
0.000000000000000000e+00 8.953881766381766028e-01 9.869123931623932089e-01 6.588319088319088621e-03 6.944444444444444059e-03
0.000000000000000000e+00 3.703703703703703498e-01 9.375000000000000000e-02 4.629629629629629373e-03 9.615384615384615918e-03
0.000000000000000000e+00 7.362891737891738009e-01 1.302083333333333426e-01 3.917378917378917629e-03 9.882478632478632063e-03
0.000000000000000000e+00 7.405626780626780592e-01 1.264690170940170888e-01 4.629629629629629373e-03 1.201923076923076990e-02
0.000000000000000000e+00 7.456374643874643660e-01 1.740117521367521292e-01 8.368945868945869282e-03 9.348290598290598039e-03
0.000000000000000000e+00 5.033831908831908342e-01 8.181089743589743390e-01 3.917378917378917629e-03 9.081196581196581893e-03
0.000000000000000000e+00 5.305377492877493273e-01 8.071581196581196771e-01 3.739316239316239476e-03 1.014957264957264994e-02
0.000000000000000000e+00 2.676282051282051211e-01 8.725961538461538547e-01 4.985754985754985678e-03 1.335470085470085409e-02
0.000000000000000000e+00 7.603276353276353650e-01 9.249465811965812412e-01 7.478632478632478951e-03 6.944444444444444059e-03
0.000000000000000000e+00 7.238247863247863068e-01 9.026442307692307265e-01 7.122507122507122646e-03 7.211538461538461939e-03
0.000000000000000000e+00 7.114494301994301884e-01 7.215544871794872250e-01 5.519943019943019703e-03 8.814102564102564014e-03
0.000000000000000000e+00 9.182692307692307265e-01 2.982104700854700807e-01 4.629629629629629373e-03 1.041666666666666609e-02
0.000000000000000000e+00 9.060719373219373596e-01 3.859508547008547175e-02 4.807692307692307959e-03 1.308760683760683795e-02
0.000000000000000000e+00 9.084757834757835049e-01 5.622329059829059977e-02 4.629629629629629373e-03 7.745726495726495964e-03
0.000000000000000000e+00 9.169337606837606458e-01 5.061431623931623991e-02 5.163817663817663398e-03 1.041666666666666609e-02
0.000000000000000000e+00 9.147970085470085166e-01 3.659188034188034372e-02 4.451566951566951653e-03 1.068376068376068397e-02
0.000000000000000000e+00 7.238247863247863900e-02 7.944711538461538547e-01 6.944444444444444059e-03 7.745726495726495964e-03
0.000000000000000000e+00 9.998219373219373318e-02 7.892628205128204844e-01 8.368945868945869282e-03 1.014957264957264994e-02
0.000000000000000000e+00 8.085826210826211335e-01 2.437232905982905928e-01 2.492877492877492839e-03 1.255341880341880392e-02
