0.000000000000000000e+00 1.437856125356125336e-01 4.674145299145299019e-03 3.739316239316239476e-03 8.279914529914529989e-03
0.000000000000000000e+00 1.522435897435897301e-01 5.608974358974358997e-03 3.917378917378917629e-03 1.014957264957264994e-02
0.000000000000000000e+00 1.649750712250712126e-01 5.608974358974358997e-03 4.807692307692307959e-03 9.615384615384615918e-03
0.000000000000000000e+00 1.871438746438746359e-01 3.271901709401709574e-02 3.561253561253561323e-03 9.882478632478632063e-03
0.000000000000000000e+00 1.915954415954415901e-01 3.365384615384615224e-02 3.917378917378917629e-03 1.068376068376068397e-02
0.000000000000000000e+00 1.480591168091168197e-01 4.807692307692307959e-03 3.739316239316239476e-03 8.547008547008547868e-03
0.000000000000000000e+00 1.699608262108261991e-01 4.674145299145299019e-03 3.027065527065526864e-03 7.211538461538461939e-03
0.000000000000000000e+00 2.571225071225071157e-01 7.612179487179487024e-03 3.917378917378917629e-03 9.882478632478632063e-03
0.000000000000000000e+00 2.614850427350427498e-01 8.146367521367521916e-03 4.095441595441595348e-03 1.148504273504273587e-02
0.000000000000000000e+00 2.657585470085470081e-01 7.745726495726495964e-03 4.095441595441595348e-03 1.068376068376068397e-02
0.000000000000000000e+00 2.889957264957264682e-01 9.615384615384615918e-03 3.561253561253561323e-03 1.068376068376068397e-02
0.000000000000000000e+00 2.930021367521367659e-01 9.615384615384615918e-03 3.739316239316239476e-03 1.175213675213675202e-02
0.000000000000000000e+00 2.971866096866097040e-01 9.081196581196581893e-03 4.273504273504273934e-03 1.228632478632478604e-02
0.000000000000000000e+00 3.068910256410256610e-01 9.481837606837606111e-03 4.451566951566951653e-03 1.362179487179487197e-02
0.000000000000000000e+00 3.592414529914529919e-01 3.832799145299145560e-02 3.383190883190883170e-03 1.095085470085470011e-02
0.000000000000000000e+00 5.097934472934473327e-01 1.456997863247863345e-01 6.766381766381766340e-03 6.677350427350427046e-03
0.000000000000000000e+00 5.086360398860398924e-01 1.523771367521367659e-01 5.876068376068376009e-03 5.608974358974358997e-03
0.000000000000000000e+00 5.585826210826211335e-01 1.172542735042735040e-01 7.834757834757835257e-03 3.311965811965811995e-02
0.000000000000000000e+00 7.121616809116808611e-01 8.680555555555555247e-02 5.163817663817663398e-03 1.923076923076923184e-02
0.000000000000000000e+00 7.124287749287748772e-01 1.021634615384615363e-01 3.561253561253561323e-03 1.041666666666666609e-02
0.000000000000000000e+00 7.126958689458688934e-01 1.152510683760683829e-01 3.739316239316239476e-03 1.201923076923076990e-02
0.000000000000000000e+00 7.126958689458688934e-01 1.295405982905983022e-01 3.739316239316239476e-03 1.228632478632478604e-02
0.000000000000000000e+00 6.738782051282051766e-01 7.959401709401708880e-02 3.383190883190883170e-03 7.478632478632478951e-03
0.000000000000000000e+00 6.777065527065526673e-01 8.199786324786324798e-02 3.561253561253561323e-03 9.081196581196581893e-03
0.000000000000000000e+00 6.940883190883191389e-01 1.017628205128205121e-01 6.054131054131053728e-03 6.410256410256410034e-03
0.000000000000000000e+00 6.945334757834757955e-01 1.324786324786324798e-01 6.944444444444444059e-03 6.410256410256410034e-03
0.000000000000000000e+00 7.291666666666666297e-01 1.574519230769230727e-01 8.547008547008547868e-03 7.745726495726495964e-03
0.000000000000000000e+00 6.312321937321937471e-01 7.331730769230769551e-02 4.629629629629629373e-03 9.882478632478632063e-03
0.000000000000000000e+00 6.944444444444444198e-01 1.641292735042735040e-01 6.054131054131053728e-03 5.074786324786324972e-03
0.000000000000000000e+00 6.767272079772079785e-01 1.649305555555555525e-01 8.368945868945869282e-03 6.677350427350427046e-03
0.000000000000000000e+00 7.582799145299145005e-01 1.582532051282051211e-01 8.012820512820512109e-03 6.677350427350427046e-03
0.000000000000000000e+00 8.228276353276353650e-01 3.071581196581196511e-03 7.122507122507122646e-03 5.074786324786324972e-03
0.000000000000000000e+00 8.381410256410256610e-01 3.365384615384615224e-02 6.766381766381766340e-03 5.341880341880341984e-03
0.000000000000000000e+00 8.464209401709401615e-01 3.352029914529914417e-02 6.588319088319088621e-03 5.608974358974358997e-03
0.000000000000000000e+00 8.557692307692307265e-01 3.325320512820512803e-02 7.122507122507122646e-03 6.143162393162393022e-03
0.000000000000000000e+00 8.085826210826211335e-01 6.864316239316239909e-02 4.985754985754985678e-03 1.121794871794871799e-02
0.000000000000000000e+00 8.188212250712251228e-01 7.024572649572649596e-02 4.095441595441595348e-03 1.282051282051282007e-02
0.000000000000000000e+00 8.189992877492877632e-01 8.653846153846153633e-02 3.383190883190883170e-03 1.121794871794871799e-02
0.000000000000000000e+00 7.750178062678062529e-01 1.582532051282051211e-01 7.300569800569800365e-03 5.074786324786324972e-03
0.000000000000000000e+00 7.837428774928775210e-01 1.582532051282051211e-01 8.725071225071224720e-03 6.143162393162393022e-03
0.000000000000000000e+00 8.303952991452991927e-01 1.638621794871794879e-01 7.656695156695156670e-03 6.143162393162393022e-03
0.000000000000000000e+00 9.261930199430199462e-01 1.963141025641025605e-02 6.944444444444444059e-03 6.143162393162393022e-03
0.000000000000000000e+00 9.391025641025640969e-01 1.896367521367521222e-02 8.190883190883190695e-03 7.478632478632478951e-03
0.000000000000000000e+00 9.617165242165242045e-01 1.562500000000000000e-02 8.547008547008547868e-03 7.211538461538461939e-03
0.000000000000000000e+00 9.781873219373219408e-01 1.060363247863247843e-01 4.451566951566951653e-03 1.121794871794871799e-02
0.000000000000000000e+00 9.826388888888888395e-01 1.033653846153846090e-01 4.451566951566951653e-03 1.014957264957264994e-02
0.000000000000000000e+00 9.908297720797720753e-01 1.009615384615384637e-01 4.451566951566951653e-03 1.335470085470085409e-02
0.000000000000000000e+00 9.951032763532763337e-01 1.004273504273504314e-01 3.739316239316239476e-03 1.068376068376068397e-02
0.000000000000000000e+00 9.869123931623932089e-01 1.255341880341880323e-01 5.163817663817663398e-03 1.068376068376068397e-02
0.000000000000000000e+00 9.736467236467236663e-01 2.590811965811965975e-02 7.122507122507122646e-03 4.273504273504273934e-03
0.000000000000000000e+00 2.679843304843304921e-02 1.729433760683760646e-01 3.739316239316239476e-03 9.348290598290598039e-03
0.000000000000000000e+00 3.142806267806267512e-02 1.734775641025640969e-01 3.739316239316239476e-03 1.148504273504273587e-02
0.000000000000000000e+00 3.534544159544159708e-02 1.746794871794871695e-01 4.095441595441595348e-03 1.335470085470085409e-02
0.000000000000000000e+00 3.997507122507122646e-02 1.736111111111111049e-01 4.807692307692307959e-03 1.121794871794871799e-02
0.000000000000000000e+00 4.451566951566951480e-02 1.737446581196581130e-01 4.273504273504273934e-03 1.201923076923076990e-02
0.000000000000000000e+00 4.843304843304842983e-02 1.760149572649572780e-01 4.273504273504273934e-03 1.228632478632478604e-02
0.000000000000000000e+00 6.606125356125355785e-02 1.744123931623931534e-01 4.629629629629629373e-03 1.282051282051282007e-02
0.000000000000000000e+00 7.532051282051281660e-02 1.744123931623931534e-01 3.561253561253561323e-03 1.068376068376068397e-02
0.000000000000000000e+00 8.315527065527066053e-02 1.745459401709401615e-01 3.917378917378917629e-03 1.041666666666666609e-02
0.000000000000000000e+00 8.742877492877493273e-02 1.742788461538461453e-01 3.917378917378917629e-03 9.882478632478632063e-03
0.000000000000000000e+00 1.051460113960114018e-01 1.750801282051281937e-01 3.739316239316239476e-03 9.348290598290598039e-03
0.000000000000000000e+00 1.063034188034188005e-01 1.976495726495726413e-01 6.410256410256410034e-03 6.410256410256410034e-03
0.000000000000000000e+00 1.141381766381766444e-01 1.975160256410256332e-01 7.478632478632478951e-03 5.608974358974358997e-03
0.000000000000000000e+00 2.136752136752136794e-02 3.161057692307692180e-01 7.834757834757835257e-03 8.279914529914529989e-03
0.000000000000000000e+00 2.439458689458689350e-02 3.315972222222222099e-01 7.122507122507122646e-03 8.279914529914529989e-03
0.000000000000000000e+00 1.493055555555555525e-01 1.770833333333333426e-01 4.095441595441595348e-03 1.228632478632478604e-02
0.000000000000000000e+00 1.534009971509971426e-01 1.768162393162393264e-01 3.739316239316239476e-03 1.014957264957264994e-02
0.000000000000000000e+00 1.577635327635327767e-01 1.773504273504273587e-01 4.273504273504273934e-03 1.175213675213675202e-02
0.000000000000000000e+00 1.625712250712250673e-01 1.772168803418803507e-01 3.917378917378917629e-03 1.041666666666666609e-02
0.000000000000000000e+00 1.801103988603988681e-01 1.782852564102564152e-01 3.739316239316239476e-03 1.255341880341880392e-02
0.000000000000000000e+00 1.846509971509971426e-01 1.781517094017094072e-01 4.273504273504273934e-03 1.282051282051282007e-02
0.000000000000000000e+00 1.894586894586894610e-01 1.780181623931623991e-01 3.205128205128205017e-03 1.148504273504273587e-02
0.000000000000000000e+00 1.926638176638176547e-01 2.001869658119658224e-01 7.478632478632478951e-03 6.143162393162393022e-03
0.000000000000000000e+00 2.018340455840455794e-01 2.001869658119658224e-01 6.944444444444444059e-03 5.608974358974358997e-03
0.000000000000000000e+00 2.509793447293447444e-01 1.796207264957264960e-01 3.383190883190883170e-03 9.348290598290598039e-03
0.000000000000000000e+00 2.548076923076922906e-01 1.802884615384615363e-01 3.917378917378917629e-03 1.121794871794871799e-02
0.000000000000000000e+00 2.692307692307692180e-01 1.804220085470085444e-01 3.561253561253561323e-03 1.201923076923076990e-02
0.000000000000000000e+00 2.727920227920228036e-01 1.805555555555555525e-01 3.561253561253561323e-03 1.014957264957264994e-02
0.000000000000000000e+00 2.768874643874643660e-01 1.813568376068376009e-01 3.561253561253561323e-03 1.121794871794871799e-02
0.000000000000000000e+00 2.861467236467236663e-01 1.821581196581196493e-01 4.273504273504273934e-03 1.175213675213675202e-02
0.000000000000000000e+00 2.903311965811966044e-01 1.809561965811965767e-01 3.739316239316239476e-03 9.348290598290598039e-03
0.000000000000000000e+00 3.084045584045583821e-01 1.829594017094016978e-01 3.917378917378917629e-03 1.335470085470085409e-02
0.000000000000000000e+00 3.126780626780626959e-01 1.820245726495726413e-01 3.917378917378917629e-03 1.201923076923076990e-02
0.000000000000000000e+00 3.173076923076922906e-01 1.814903846153846090e-01 3.561253561253561323e-03 1.095085470085470011e-02
0.000000000000000000e+00 2.889957264957264682e-01 2.024572649572649596e-01 8.190883190883190695e-03 6.410256410256410034e-03
0.000000000000000000e+00 2.993233618233618332e-01 2.029914529914529919e-01 7.478632478632478951e-03 6.410256410256410034e-03
0.000000000000000000e+00 3.271901709401709435e-01 1.818910256410256332e-01 3.739316239316239476e-03 9.615384615384615918e-03
0.000000000000000000e+00 3.444622507122507282e-01 1.828258547008546897e-01 4.095441595441595348e-03 1.148504273504273587e-02
0.000000000000000000e+00 3.397435897435897578e-01 1.840277777777777901e-01 4.629629629629629373e-03 1.388888888888888812e-02
0.000000000000000000e+00 3.760683760683760646e-01 2.057959401709401615e-01 7.122507122507122646e-03 6.143162393162393022e-03
0.000000000000000000e+00 4.894052706552706744e-01 3.194444444444444198e-01 8.725071225071224720e-03 6.944444444444444059e-03
0.000000000000000000e+00 4.957264957264957417e-01 2.601495726495726690e-01 7.478632478632478951e-03 7.478632478632478951e-03
0.000000000000000000e+00 6.248219373219373596e-01 1.738782051282051211e-01 3.917378917378917629e-03 9.615384615384615918e-03
0.000000000000000000e+00 6.009615384615384359e-01 1.957799145299145283e-01 7.834757834757835257e-03 7.478632478632478951e-03
0.000000000000000000e+00 5.985576923076922906e-01 2.210202991452991372e-01 8.368945868945869282e-03 7.211538461538461939e-03
0.000000000000000000e+00 5.965099715099715372e-01 2.395833333333333426e-01 5.698005698005698290e-03 5.876068376068376009e-03
0.000000000000000000e+00 5.905448717948718063e-01 2.825854700854700807e-01 7.300569800569800365e-03 5.876068376068376009e-03
0.000000000000000000e+00 5.923254985754985436e-01 2.755074786324786529e-01 8.368945868945869282e-03 7.211538461538461939e-03
0.000000000000000000e+00 5.892984330484331013e-01 3.004807692307692180e-01 7.656695156695156670e-03 6.410256410256410034e-03
0.000000000000000000e+00 6.944444444444444198e-01 1.705395299145299193e-01 7.834757834757835257e-03 5.608974358974358997e-03
0.000000000000000000e+00 6.945334757834757955e-01 1.817574786324786251e-01 6.944444444444444059e-03 5.608974358974358997e-03
0.000000000000000000e+00 6.951566951566952035e-01 1.883012820512820484e-01 6.054131054131053728e-03 5.876068376068376009e-03
0.000000000000000000e+00 6.292735042735042583e-01 1.753472222222222099e-01 4.273504273504273934e-03 1.041666666666666609e-02
0.000000000000000000e+00 6.370192307692307265e-01 1.778846153846153910e-01 5.163817663817663398e-03 1.175213675213675202e-02
0.000000000000000000e+00 6.413817663817663606e-01 1.782852564102564152e-01 4.985754985754985678e-03 1.255341880341880392e-02
0.000000000000000000e+00 6.500178062678062529e-01 1.785523504273504314e-01 4.451566951566951653e-03 9.882478632478632063e-03
0.000000000000000000e+00 6.544693732193732627e-01 1.814903846153846090e-01 5.163817663817663398e-03 1.362179487179487197e-02
0.000000000000000000e+00 6.307870370370370905e-01 2.032585470085470081e-01 3.739316239316239476e-03 1.014957264957264994e-02
0.000000000000000000e+00 6.388888888888888395e-01 2.051282051282051211e-01 3.917378917378917629e-03 1.014957264957264994e-02
0.000000000000000000e+00 6.430733618233618332e-01 2.069978632478632341e-01 3.739316239316239476e-03 9.081196581196581893e-03
0.000000000000000000e+00 6.473468660968660915e-01 2.065972222222222099e-01 4.095441595441595348e-03 1.095085470085470011e-02
0.000000000000000000e+00 6.618589743589743390e-01 2.100694444444444475e-01 3.917378917378917629e-03 1.041666666666666609e-02
0.000000000000000000e+00 6.663105413105413488e-01 2.107371794871794879e-01 4.629629629629629373e-03 1.014957264957264994e-02
0.000000000000000000e+00 6.700498575498575748e-01 2.114049145299145283e-01 4.629629629629629373e-03 1.095085470085470011e-02
0.000000000000000000e+00 6.741452991452991927e-01 2.136752136752136655e-01 4.273504273504273934e-03 1.014957264957264994e-02
0.000000000000000000e+00 6.782407407407406996e-01 2.147435897435897301e-01 3.917378917378917629e-03 1.014957264957264994e-02
0.000000000000000000e+00 7.467948717948718063e-01 2.422542735042735040e-01 7.834757834757835257e-03 5.876068376068376009e-03
0.000000000000000000e+00 7.469729344729344467e-01 2.491987179487179516e-01 6.766381766381766340e-03 4.807692307692307959e-03
0.000000000000000000e+00 7.472400284900284628e-01 2.561431623931623713e-01 8.368945868945869282e-03 6.410256410256410034e-03
0.000000000000000000e+00 7.464387464387464144e-01 2.625534188034188143e-01 7.478632478632478951e-03 5.341880341880341984e-03
0.000000000000000000e+00 7.663817663817663606e-01 2.729700854700854440e-01 8.190883190883190695e-03 6.410256410256410034e-03
0.000000000000000000e+00 8.119658119658119677e-01 2.513354700854700807e-01 8.547008547008547868e-03 6.944444444444444059e-03
0.000000000000000000e+00 8.341346153846154188e-01 2.238247863247863345e-01 4.451566951566951653e-03 9.081196581196581893e-03
0.000000000000000000e+00 8.417022792022792466e-01 2.243589743589743668e-01 4.629629629629629373e-03 1.175213675213675202e-02
0.000000000000000000e+00 8.540776353276353650e-01 2.243589743589743668e-01 4.451566951566951653e-03 1.282051282051282007e-02
0.000000000000000000e+00 8.655626780626780592e-01 2.238247863247863345e-01 4.985754985754985678e-03 1.175213675213675202e-02
0.000000000000000000e+00 8.731303418803418870e-01 2.234241452991453103e-01 5.163817663817663398e-03 1.308760683760683795e-02
0.000000000000000000e+00 8.603098290598291120e-01 2.443910256410256332e-01 7.300569800569800365e-03 5.876068376068376009e-03
0.000000000000000000e+00 8.426816239316239354e-01 2.612179487179487336e-01 7.656695156695156670e-03 5.876068376068376009e-03
0.000000000000000000e+00 8.436609686609686243e-01 2.693643162393162260e-01 7.834757834757835257e-03 6.677350427350427046e-03
0.000000000000000000e+00 8.674323361823361722e-01 2.633547008547008628e-01 8.725071225071224720e-03 6.410256410256410034e-03
0.000000000000000000e+00 8.675213675213675479e-01 2.572115384615384359e-01 7.834757834757835257e-03 5.876068376068376009e-03
0.000000000000000000e+00 8.969907407407406996e-01 2.220886752136752018e-01 4.095441595441595348e-03 1.095085470085470011e-02
0.000000000000000000e+00 9.045584045584045274e-01 2.297008547008546897e-01 6.766381766381766340e-03 1.121794871794871799e-02
0.000000000000000000e+00 8.847044159544159569e-01 2.467948717948718063e-01 1.050569800569800538e-02 7.478632478632478951e-03
0.000000000000000000e+00 8.841702279202279247e-01 2.596153846153846367e-01 6.944444444444444059e-03 5.876068376068376009e-03
0.000000000000000000e+00 8.920049857549857686e-01 2.665598290598290565e-01 7.300569800569800365e-03 6.410256410256410034e-03
0.000000000000000000e+00 9.597578347578347158e-01 2.785790598290598385e-01 7.478632478632478951e-03 1.068376068376068397e-02
0.000000000000000000e+00 9.460470085470085166e-01 2.927350427350427498e-01 7.834757834757835257e-03 9.081196581196581893e-03
0.000000000000000000e+00 9.302884615384615641e-01 3.318643162393162260e-01 6.944444444444444059e-03 9.348290598290598039e-03
0.000000000000000000e+00 9.403490028490028019e-01 3.211805555555555802e-01 7.834757834757835257e-03 9.348290598290598039e-03
0.000000000000000000e+00 3.650284900284900269e-02 3.788728632478632341e-01 7.122507122507122646e-03 8.279914529914529989e-03
0.000000000000000000e+00 4.451566951566951480e-02 4.153311965811966044e-01 6.766381766381766340e-03 7.478632478632478951e-03
0.000000000000000000e+00 5.689102564102564014e-02 4.057158119658119677e-01 1.014957264957264994e-02 1.549145299145299193e-02
0.000000000000000000e+00 9.980413105413105113e-02 4.290865384615384359e-01 7.300569800569800365e-03 7.211538461538461939e-03
0.000000000000000000e+00 9.357193732193731794e-02 4.429754273504273310e-01 4.807692307692307959e-03 1.095085470085470011e-02
0.000000000000000000e+00 1.010505698005697978e-01 4.429754273504273310e-01 4.451566951566951653e-03 1.201923076923076990e-02
0.000000000000000000e+00 1.059472934472934502e-01 4.429754273504273310e-01 3.561253561253561323e-03 1.041666666666666609e-02
0.000000000000000000e+00 1.165420227920227897e-01 4.425747863247863068e-01 4.451566951566951653e-03 1.282051282051282007e-02
0.000000000000000000e+00 1.204594017094017117e-01 4.415064102564102422e-01 3.739316239316239476e-03 9.081196581196581893e-03
0.000000000000000000e+00 1.250000000000000000e-01 4.413728632478632341e-01 3.917378917378917629e-03 9.348290598290598039e-03
0.000000000000000000e+00 7.256054131054130718e-02 4.598023504273504036e-01 8.012820512820512109e-03 6.677350427350427046e-03
0.000000000000000000e+00 1.279380341880341776e-01 4.280181623931623713e-01 9.081196581196581893e-03 6.677350427350427046e-03
0.000000000000000000e+00 1.469907407407407274e-01 4.257478632478632341e-01 6.944444444444444059e-03 5.876068376068376009e-03
0.000000000000000000e+00 1.571403133903133964e-01 4.237446581196581130e-01 7.300569800569800365e-03 6.143162393162393022e-03
0.000000000000000000e+00 1.650641025641025605e-01 4.224091880341880323e-01 6.054131054131053728e-03 5.074786324786324972e-03
0.000000000000000000e+00 1.325676638176638278e-01 4.411057692307692180e-01 4.095441595441595348e-03 9.882478632478632063e-03
0.000000000000000000e+00 1.369301994301994341e-01 4.420405982905982745e-01 3.917378917378917629e-03 1.068376068376068397e-02
0.000000000000000000e+00 1.409366096866096763e-01 4.424412393162392987e-01 4.095441595441595348e-03 1.148504273504273587e-02
0.000000000000000000e+00 1.487713675213675202e-01 4.408386752136752018e-01 4.451566951566951653e-03 1.148504273504273587e-02
0.000000000000000000e+00 1.603454415954415901e-01 4.408386752136752018e-01 4.095441595441595348e-03 1.148504273504273587e-02
0.000000000000000000e+00 1.682692307692307820e-01 4.401709401709401615e-01 4.273504273504273934e-03 1.068376068376068397e-02
0.000000000000000000e+00 2.444800569800569812e-01 4.857104700854700807e-01 9.259259259259258745e-03 6.677350427350427046e-03
0.000000000000000000e+00 2.568554131054130996e-01 4.161324786324786529e-01 8.725071225071224720e-03 6.944444444444444059e-03
0.000000000000000000e+00 2.757300569800569812e-01 4.208066239316239354e-01 6.232193732193732315e-03 6.143162393162393022e-03
0.000000000000000000e+00 3.270121082621082476e-01 4.157318376068376287e-01 8.012820512820512109e-03 6.143162393162393022e-03
0.000000000000000000e+00 3.573717948717948789e-01 4.188034188034188143e-01 7.122507122507122646e-03 6.410256410256410034e-03
0.000000000000000000e+00 3.636930199430199462e-01 4.333600427350427498e-01 7.656695156695156670e-03 5.074786324786324972e-03
0.000000000000000000e+00 3.639601139601139623e-01 4.401709401709401615e-01 6.054131054131053728e-03 4.807692307692307959e-03
0.000000000000000000e+00 3.636039886039886260e-01 4.650106837606837740e-01 8.190883190883190695e-03 4.807692307692307959e-03
0.000000000000000000e+00 3.636930199430199462e-01 4.827724358974359031e-01 7.300569800569800365e-03 5.074786324786324972e-03
0.000000000000000000e+00 3.956552706552706744e-01 4.200053418803418870e-01 6.054131054131053728e-03 6.677350427350427046e-03
0.000000000000000000e+00 4.124821937321937471e-01 4.670138888888888951e-01 7.656695156695156670e-03 7.211538461538461939e-03
0.000000000000000000e+00 4.095441595441595695e-01 4.843750000000000000e-01 6.410256410256410034e-03 6.143162393162393022e-03
0.000000000000000000e+00 4.784544159544159569e-01 4.902510683760683552e-01 7.834757834757835257e-03 7.211538461538461939e-03
0.000000000000000000e+00 4.757834757834757955e-01 4.233440170940170888e-01 7.834757834757835257e-03 6.944444444444444059e-03
0.000000000000000000e+00 7.240028490028490582e-01 3.348023504273504036e-01 5.698005698005698290e-03 1.255341880341880392e-02
0.000000000000000000e+00 7.103810541310541238e-01 3.639155982905982745e-01 4.095441595441595348e-03 1.041666666666666609e-02
0.000000000000000000e+00 7.286324786324785974e-01 3.504273504273504036e-01 5.341880341880341984e-03 1.282051282051282007e-02
0.000000000000000000e+00 7.393162393162393542e-01 3.883547008547008628e-01 6.054131054131053728e-03 1.121794871794871799e-02
0.000000000000000000e+00 7.441239316239316448e-01 4.046474358974359031e-01 4.985754985754985678e-03 1.121794871794871799e-02
0.000000000000000000e+00 7.480413105413105113e-01 4.184027777777777901e-01 5.341880341880341984e-03 1.255341880341880392e-02
0.000000000000000000e+00 7.409188034188034511e-01 4.334935897435897578e-01 5.341880341880341984e-03 1.014957264957264994e-02
0.000000000000000000e+00 7.486645299145299193e-01 4.607371794871794601e-01 5.163817663817663398e-03 1.282051282051282007e-02
0.000000000000000000e+00 8.659188034188034511e-01 3.974358974358974117e-01 6.766381766381766340e-03 1.068376068376068397e-02
0.000000000000000000e+00 7.516915954415954726e-01 4.309561965811966044e-01 5.519943019943019703e-03 1.201923076923076990e-02
0.000000000000000000e+00 7.559650997150997309e-01 4.459134615384615641e-01 4.807692307692307959e-03 1.201923076923076990e-02
0.000000000000000000e+00 7.660256410256410797e-01 4.798344017094017255e-01 5.698005698005698290e-03 1.095085470085470011e-02
0.000000000000000000e+00 7.531160968660968180e-01 4.738247863247863068e-01 5.163817663817663398e-03 1.121794871794871799e-02
0.000000000000000000e+00 8.463319088319087857e-01 4.415064102564102422e-01 5.698005698005698290e-03 9.615384615384615918e-03
0.000000000000000000e+00 8.876424501424501345e-01 3.604433760683760646e-01 6.766381766381766340e-03 8.814102564102564014e-03
0.000000000000000000e+00 9.658119658119658224e-01 4.983974358974359031e-01 7.478632478632478951e-03 5.341880341880341984e-03
0.000000000000000000e+00 3.383190883190883430e-02 5.810630341880341776e-01 4.985754985754985678e-03 1.041666666666666609e-02
0.000000000000000000e+00 8.475783475783475740e-02 5.625000000000000000e-01 4.629629629629629373e-03 8.547008547008547868e-03
0.000000000000000000e+00 9.606481481481481122e-02 5.587606837606837740e-01 5.876068376068376009e-03 1.175213675213675202e-02
0.000000000000000000e+00 8.627136752136752018e-02 5.862713675213675479e-01 4.451566951566951653e-03 9.615384615384615918e-03
0.000000000000000000e+00 9.481837606837606458e-02 5.840010683760683552e-01 4.451566951566951653e-03 1.041666666666666609e-02
0.000000000000000000e+00 1.113782051282051350e-01 5.523504273504273865e-01 5.519943019943019703e-03 1.282051282051282007e-02
0.000000000000000000e+00 1.187678062678062668e-01 5.496794871794872250e-01 5.341880341880341984e-03 1.282051282051282007e-02
0.000000000000000000e+00 1.265135327635327767e-01 5.479433760683760646e-01 5.163817663817663398e-03 1.148504273504273587e-02
0.000000000000000000e+00 1.341702279202279247e-01 5.448717948717948234e-01 4.451566951566951653e-03 1.228632478632478604e-02
0.000000000000000000e+00 1.381766381766381668e-01 5.448717948717948234e-01 4.273504273504273934e-03 1.068376068376068397e-02
0.000000000000000000e+00 1.420049857549857686e-01 5.436698717948718063e-01 4.095441595441595348e-03 9.882478632478632063e-03
0.000000000000000000e+00 1.458333333333333426e-01 5.422008547008546619e-01 3.917378917378917629e-03 1.068376068376068397e-02
0.000000000000000000e+00 1.493945868945869004e-01 5.415331196581196771e-01 3.917378917378917629e-03 9.882478632478632063e-03
0.000000000000000000e+00 1.621260683760683829e-01 5.413995726495726135e-01 4.451566951566951653e-03 1.121794871794871799e-02
0.000000000000000000e+00 1.573183760683760646e-01 5.702457264957264682e-01 4.807692307692307959e-03 1.121794871794871799e-02
0.000000000000000000e+00 1.647079772079771964e-01 5.666399572649573058e-01 4.629629629629629373e-03 1.255341880341880392e-02
0.000000000000000000e+00 1.761039886039885982e-01 5.662393162393162260e-01 4.273504273504273934e-03 1.068376068376068397e-02
0.000000000000000000e+00 2.132300569800569812e-01 5.455395299145299193e-01 6.232193732193732315e-03 4.540598290598290947e-03
0.000000000000000000e+00 2.018340455840455794e-01 5.662393162393162260e-01 4.451566951566951653e-03 1.014957264957264994e-02
0.000000000000000000e+00 2.056623931623931534e-01 5.665064102564102422e-01 3.917378917378917629e-03 1.175213675213675202e-02
0.000000000000000000e+00 2.267628205128205121e-01 5.988247863247863068e-01 7.300569800569800365e-03 5.876068376068376009e-03
0.000000000000000000e+00 1.665776353276353372e-01 6.089743589743589203e-01 6.232193732193732315e-03 5.876068376068376009e-03
0.000000000000000000e+00 2.693198005698005937e-01 5.956196581196581130e-01 7.300569800569800365e-03 4.807692307692307959e-03
0.000000000000000000e+00 2.994123931623931534e-01 5.936164529914529364e-01 6.588319088319088621e-03 6.143162393162393022e-03
0.000000000000000000e+00 2.946047008547008628e-01 6.089743589743589203e-01 8.012820512820512109e-03 5.341880341880341984e-03
0.000000000000000000e+00 3.245192307692307820e-01 6.060363247863247427e-01 6.944444444444444059e-03 5.876068376068376009e-03
0.000000000000000000e+00 4.053596866096866314e-01 5.081463675213675479e-01 5.876068376068376009e-03 5.608974358974358997e-03
0.000000000000000000e+00 4.410612535612535856e-01 5.981570512820513219e-01 7.834757834757835257e-03 5.608974358974358997e-03
0.000000000000000000e+00 4.315349002849002691e-01 6.442307692307692735e-01 6.944444444444444059e-03 1.068376068376068397e-02
0.000000000000000000e+00 4.786324786324786529e-01 5.869391025641025328e-01 4.985754985754985678e-03 8.814102564102564014e-03
0.000000000000000000e+00 4.902955840455840431e-01 6.100427350427350959e-01 5.876068376068376009e-03 8.547008547008547868e-03
0.000000000000000000e+00 4.582443019943019946e-01 5.288461538461538547e-01 3.739316239316239476e-03 8.547008547008547868e-03
0.000000000000000000e+00 4.564636752136752018e-01 5.420673076923077094e-01 3.739316239316239476e-03 1.095085470085470011e-02
0.000000000000000000e+00 4.703525641025640969e-01 5.502136752136752573e-01 6.232193732193732315e-03 5.876068376068376009e-03
0.000000000000000000e+00 4.862891737891738009e-01 5.550213675213675479e-01 4.273504273504273934e-03 1.228632478632478604e-02
0.000000000000000000e+00 4.731125356125356340e-01 5.265758547008546619e-01 7.834757834757835257e-03 7.211538461538461939e-03
0.000000000000000000e+00 4.763176638176638278e-01 5.092147435897436125e-01 8.190883190883190695e-03 6.677350427350427046e-03
0.000000000000000000e+00 5.770121082621082476e-01 5.831997863247863068e-01 3.739316239316239476e-03 1.095085470085470011e-02
0.000000000000000000e+00 7.385149572649573058e-01 6.320779914529914834e-01 9.081196581196581893e-03 7.211538461538461939e-03
0.000000000000000000e+00 7.304131054131054457e-01 6.599893162393162260e-01 6.766381766381766340e-03 6.410256410256410034e-03
0.000000000000000000e+00 7.223112535612535856e-01 6.590544871794872250e-01 6.944444444444444059e-03 6.143162393162393022e-03
0.000000000000000000e+00 6.976495726495726135e-01 6.569177350427350959e-01 6.410256410256410034e-03 4.540598290598290947e-03
0.000000000000000000e+00 6.865206552706553111e-01 6.562500000000000000e-01 8.725071225071224720e-03 5.876068376068376009e-03
0.000000000000000000e+00 7.604166666666666297e-01 5.010683760683760646e-01 4.807692307692307959e-03 1.121794871794871799e-02
0.000000000000000000e+00 7.701210826210825866e-01 5.303151709401708880e-01 5.341880341880341984e-03 7.745726495726495964e-03
0.000000000000000000e+00 7.716346153846154188e-01 5.005341880341880323e-01 5.876068376068376009e-03 1.282051282051282007e-02
0.000000000000000000e+00 8.142806267806267373e-01 5.447382478632478708e-01 6.054131054131053728e-03 1.095085470085470011e-02
0.000000000000000000e+00 8.263888888888888395e-01 5.284455128205127750e-01 6.054131054131053728e-03 1.095085470085470011e-02
0.000000000000000000e+00 7.785790598290598385e-01 5.726495726495726135e-01 6.944444444444444059e-03 8.547008547008547868e-03
0.000000000000000000e+00 7.719907407407406996e-01 6.220619658119658224e-01 5.519943019943019703e-03 1.175213675213675202e-02
0.000000000000000000e+00 7.645121082621082476e-01 6.263354700854700807e-01 5.876068376068376009e-03 1.121794871794871799e-02
0.000000000000000000e+00 7.522257834757835049e-01 6.057692307692307265e-01 5.163817663817663398e-03 1.068376068376068397e-02
0.000000000000000000e+00 7.557870370370370905e-01 6.034989316239316448e-01 5.163817663817663398e-03 1.041666666666666609e-02
0.000000000000000000e+00 7.604166666666666297e-01 6.022970085470085166e-01 4.807692307692307959e-03 1.121794871794871799e-02
0.000000000000000000e+00 8.317307692307692735e-01 6.081730769230768718e-01 2.849002849002849145e-03 9.081196581196581893e-03
0.000000000000000000e+00 8.449964387464387050e-01 6.085737179487179516e-01 3.383190883190883170e-03 1.095085470085470011e-02
0.000000000000000000e+00 8.303952991452991927e-01 6.646634615384615641e-01 5.876068376068376009e-03 5.074786324786324972e-03
0.000000000000000000e+00 1.757478632478632341e-01 7.426549145299145005e-01 3.917378917378917629e-03 1.041666666666666609e-02
0.000000000000000000e+00 1.270477207977208089e-01 7.144764957264957417e-01 5.876068376068376009e-03 6.944444444444444059e-03
0.000000000000000000e+00 1.318554131054130996e-01 7.134081196581196771e-01 5.519943019943019703e-03 5.876068376068376009e-03
0.000000000000000000e+00 3.346688034188033956e-01 6.945779914529914834e-01 4.451566951566951653e-03 1.148504273504273587e-02
0.000000000000000000e+00 3.343126780626780592e-01 7.211538461538461453e-01 8.012820512820512109e-03 5.876068376068376009e-03
0.000000000000000000e+00 3.599537037037037202e-01 6.907051282051281937e-01 4.095441595441595348e-03 1.228632478632478604e-02
0.000000000000000000e+00 3.644052706552706744e-01 6.951121794871795156e-01 4.807692307692307959e-03 1.095085470085470011e-02
0.000000000000000000e+00 3.687678062678062529e-01 6.965811965811965489e-01 4.985754985754985678e-03 1.282051282051282007e-02
0.000000000000000000e+00 2.977207977207977363e-01 7.337072649572649041e-01 7.122507122507122646e-03 7.478632478632478951e-03
0.000000000000000000e+00 2.750178062678062529e-01 7.479967948717948234e-01 7.656695156695156670e-03 7.211538461538461939e-03
0.000000000000000000e+00 2.685185185185185452e-01 7.833867521367521292e-01 7.122507122507122646e-03 6.410256410256410034e-03
0.000000000000000000e+00 2.632656695156695426e-01 8.206463675213675479e-01 6.944444444444444059e-03 8.279914529914529989e-03
0.000000000000000000e+00 3.820334757834757955e-01 7.017895299145299193e-01 5.163817663817663398e-03 1.095085470085470011e-02
0.000000000000000000e+00 4.079415954415954171e-01 7.114049145299145005e-01 4.985754985754985678e-03 1.201923076923076990e-02
0.000000000000000000e+00 4.059829059829059839e-01 7.386485042735042583e-01 6.410256410256410034e-03 7.211538461538461939e-03
0.000000000000000000e+00 4.381232193732193525e-01 7.222222222222222099e-01 4.807692307692307959e-03 9.081196581196581893e-03
0.000000000000000000e+00 4.503205128205128305e-01 7.399839743589743390e-01 8.190883190883190695e-03 6.677350427350427046e-03
0.000000000000000000e+00 4.452457264957264682e-01 7.562767094017094349e-01 9.437321937321937332e-03 8.279914529914529989e-03
0.000000000000000000e+00 5.410434472934473327e-01 6.762820512820513219e-01 9.081196581196581893e-03 8.012820512820512109e-03
0.000000000000000000e+00 6.539351851851852304e-01 7.274305555555555802e-01 3.739316239316239476e-03 1.201923076923076990e-02
0.000000000000000000e+00 6.625712250712251228e-01 7.272970085470085166e-01 3.917378917378917629e-03 1.014957264957264994e-02
0.000000000000000000e+00 6.908831908831908342e-01 7.267628205128204844e-01 3.917378917378917629e-03 1.175213675213675202e-02
0.000000000000000000e+00 6.777065527065526673e-01 6.728098290598291120e-01 3.917378917378917629e-03 1.335470085470085409e-02
0.000000000000000000e+00 6.826032763532763337e-01 6.725427350427350959e-01 3.383190883190883170e-03 1.068376068376068397e-02
0.000000000000000000e+00 6.604344729344728826e-01 6.738782051282051766e-01 3.917378917378917629e-03 9.615384615384615918e-03
0.000000000000000000e+00 8.581730769230768718e-01 6.730769230769231282e-01 7.300569800569800365e-03 5.876068376068376009e-03
0.000000000000000000e+00 7.849002849002848503e-01 7.808493589743589203e-01 4.273504273504273934e-03 1.041666666666666609e-02
0.000000000000000000e+00 7.881054131054131551e-01 8.070245726495726135e-01 3.917378917378917629e-03 9.348290598290598039e-03
0.000000000000000000e+00 7.899750712250712681e-01 8.221153846153845812e-01 3.739316239316239476e-03 1.068376068376068397e-02
0.000000000000000000e+00 8.003917378917378977e-01 8.108974358974359031e-01 4.273504273504273934e-03 1.014957264957264994e-02
0.000000000000000000e+00 8.019052706552706189e-01 8.249198717948718063e-01 4.095441595441595348e-03 1.095085470085470011e-02
0.000000000000000000e+00 9.088319088319087857e-01 6.841613247863247427e-01 6.766381766381766340e-03 5.608974358974358997e-03
0.000000000000000000e+00 9.325142450142450690e-01 6.895032051282051766e-01 7.122507122507122646e-03 6.143162393162393022e-03
0.000000000000000000e+00 9.314458689458688934e-01 7.069978632478632896e-01 7.834757834757835257e-03 5.876068376068376009e-03
0.000000000000000000e+00 9.464921652421652842e-01 7.098023504273504036e-01 7.300569800569800365e-03 6.143162393162393022e-03
0.000000000000000000e+00 9.553952991452991927e-01 7.118055555555555802e-01 7.300569800569800365e-03 5.876068376068376009e-03
0.000000000000000000e+00 9.641203703703703498e-01 7.134081196581196771e-01 7.300569800569800365e-03 6.410256410256410034e-03
0.000000000000000000e+00 9.941239316239316448e-01 7.016559829059828557e-01 7.834757834757835257e-03 5.876068376068376009e-03
0.000000000000000000e+00 9.655448717948718063e-01 6.972489316239316448e-01 9.437321937321937332e-03 6.143162393162393022e-03
0.000000000000000000e+00 9.545049857549857686e-01 6.937767094017094349e-01 6.944444444444444059e-03 4.540598290598290947e-03
0.000000000000000000e+00 9.877136752136752573e-01 7.510683760683760646e-01 4.629629629629629373e-03 9.615384615384615918e-03
0.000000000000000000e+00 9.013532763532763337e-01 7.405181623931623713e-01 3.917378917378917629e-03 1.095085470085470011e-02
0.000000000000000000e+00 8.933404558404558493e-01 7.337072649572649041e-01 5.341880341880341984e-03 1.335470085470085409e-02
0.000000000000000000e+00 9.022435897435897578e-01 8.323985042735042583e-01 4.629629629629629373e-03 1.148504273504273587e-02
0.000000000000000000e+00 3.471331908831908897e-01 9.047809829059828557e-01 7.300569800569800365e-03 8.814102564102564014e-03
0.000000000000000000e+00 3.555911680911680861e-01 9.014423076923077094e-01 4.985754985754985678e-03 1.068376068376068397e-02
0.000000000000000000e+00 3.715277777777777901e-01 9.107905982905982745e-01 6.588319088319088621e-03 6.410256410256410034e-03
0.000000000000000000e+00 3.840811965811966044e-01 9.077190170940171443e-01 7.122507122507122646e-03 1.041666666666666609e-02
0.000000000000000000e+00 4.025106837606837740e-01 8.725961538461538547e-01 5.163817663817663398e-03 1.121794871794871799e-02
0.000000000000000000e+00 4.086538461538461453e-01 8.488247863247863068e-01 5.341880341880341984e-03 1.282051282051282007e-02
0.000000000000000000e+00 4.050035612535612395e-01 9.073183760683760646e-01 5.163817663817663398e-03 1.388888888888888812e-02
0.000000000000000000e+00 3.944088319088319139e-01 9.326923076923077094e-01 4.985754985754985678e-03 1.282051282051282007e-02
0.000000000000000000e+00 6.407585470085470636e-01 8.956997863247863068e-01 4.095441595441595348e-03 1.148504273504273587e-02
0.000000000000000000e+00 6.389779202279202153e-01 8.656517094017094349e-01 3.383190883190883170e-03 9.615384615384615918e-03
0.000000000000000000e+00 7.315705128205127750e-01 9.687500000000000000e-01 3.383190883190883170e-03 9.081196581196581893e-03
0.000000000000000000e+00 7.361111111111111605e-01 9.658119658119658224e-01 4.273504273504273934e-03 1.282051282051282007e-02
0.000000000000000000e+00 7.545405982905982745e-01 9.544604700854700807e-01 5.519943019943019703e-03 2.430555555555555594e-02
0.000000000000000000e+00 8.036858974358974672e-01 8.420138888888888395e-01 4.451566951566951653e-03 1.255341880341880392e-02
0.000000000000000000e+00 8.062678062678062529e-01 8.595085470085470636e-01 4.273504273504273934e-03 1.068376068376068397e-02
0.000000000000000000e+00 7.995014245014244736e-01 9.027777777777777901e-01 4.985754985754985678e-03 1.175213675213675202e-02
0.000000000000000000e+00 8.082264957264957417e-01 9.631410256410256610e-01 4.273504273504273934e-03 9.615384615384615918e-03
0.000000000000000000e+00 7.984330484330484090e-01 8.895566239316239354e-01 4.629629629629629373e-03 1.148504273504273587e-02
0.000000000000000000e+00 8.112535612535612950e-01 9.038461538461538547e-01 5.341880341880341984e-03 1.068376068376068397e-02
0.000000000000000000e+00 9.027777777777777901e-01 9.030448717948718063e-01 3.917378917378917629e-03 9.615384615384615918e-03
0.000000000000000000e+00 9.109686609686609149e-01 8.952991452991453381e-01 4.985754985754985678e-03 1.068376068376068397e-02
0.000000000000000000e+00 9.073183760683760646e-01 8.681891025641025328e-01 4.451566951566951653e-03 1.148504273504273587e-02
0.000000000000000000e+00 9.091880341880341776e-01 8.823450854700854995e-01 4.629629629629629373e-03 1.201923076923076990e-02
0.000000000000000000e+00 2.797364672364672233e-01 8.947649572649572086e-03 3.917378917378917629e-03 9.348290598290598039e-03
0.000000000000000000e+00 2.825854700854700807e-01 3.405448717948717646e-02 3.917378917378917629e-03 7.211538461538461939e-03
0.000000000000000000e+00 2.709223646723646906e-01 6.143162393162393022e-03 4.451566951566951653e-03 9.081196581196581893e-03
0.000000000000000000e+00 4.412393162393162260e-01 6.143162393162393022e-03 8.547008547008547868e-03 6.944444444444444059e-03
0.000000000000000000e+00 4.400819088319088412e-01 3.685897435897435986e-02 3.739316239316239476e-03 1.014957264957264994e-02
0.000000000000000000e+00 4.673254985754985991e-01 1.268696581196581200e-02 6.232193732193732315e-03 6.143162393162393022e-03
0.000000000000000000e+00 4.675925925925926152e-01 5.876068376068376009e-03 6.410256410256410034e-03 5.341880341880341984e-03
0.000000000000000000e+00 1.566951566951567051e-02 2.930021367521367659e-01 6.410256410256410034e-03 7.478632478632478951e-03
0.000000000000000000e+00 3.439280626780626959e-01 4.210737179487179516e-01 3.739316239316239476e-03 9.882478632478632063e-03
0.000000000000000000e+00 2.670940170940170888e-01 4.185363247863247982e-01 7.478632478632478951e-03 6.410256410256410034e-03
0.000000000000000000e+00 1.501068376068376009e-01 5.705128205128204844e-01 4.985754985754985678e-03 1.175213675213675202e-02
0.000000000000000000e+00 3.547898860398860377e-01 9.289529914529914834e-01 4.807692307692307959e-03 1.068376068376068397e-02
0.000000000000000000e+00 3.717058404558404305e-01 9.340277777777777901e-01 4.451566951566951653e-03 9.081196581196581893e-03
0.000000000000000000e+00 4.162215099715099731e-01 8.840811965811965489e-01 8.368945868945869282e-03 7.478632478632478951e-03
0.000000000000000000e+00 6.908831908831908342e-01 7.478632478632478951e-03 5.698005698005698290e-03 1.228632478632478604e-02
0.000000000000000000e+00 8.073361823361823175e-01 1.710737179487179516e-01 8.190883190883190695e-03 5.074786324786324972e-03
0.000000000000000000e+00 8.214921652421652842e-01 1.160523504273504314e-01 5.519943019943019703e-03 5.074786324786324972e-03
0.000000000000000000e+00 7.358440170940171443e-01 3.750000000000000000e-01 4.095441595441595348e-03 9.615384615384615918e-03
0.000000000000000000e+00 7.756410256410256610e-01 6.193910256410256610e-01 6.054131054131053728e-03 1.228632478632478604e-02
0.000000000000000000e+00 9.845975783475783283e-01 8.482905982905982745e-01 4.451566951566951653e-03 9.081196581196581893e-03
0.000000000000000000e+00 8.887108262108261991e-01 7.843215811965812412e-01 4.273504273504273934e-03 1.148504273504273587e-02
0.000000000000000000e+00 9.007300569800569257e-01 8.143696581196581130e-01 5.163817663817663398e-03 1.282051282051282007e-02
