0.000000000000000000e+00 4.493411680911680861e-01 7.011217948717948789e-02 6.232193732193732315e-03 6.143162393162393022e-03
0.000000000000000000e+00 4.719551282051281937e-01 8.012820512820513497e-02 3.027065527065526864e-03 9.081196581196581893e-03
0.000000000000000000e+00 4.766737891737891641e-01 8.119658119658119955e-02 3.917378917378917629e-03 1.121794871794871799e-02
0.000000000000000000e+00 4.809472934472934225e-01 8.266559829059828834e-02 3.917378917378917629e-03 1.095085470085470011e-02
0.000000000000000000e+00 4.764957264957264682e-01 8.547008547008547868e-03 3.205128205128205017e-03 9.615384615384615918e-03
0.000000000000000000e+00 6.173433048433047965e-01 1.668002136752136655e-01 5.698005698005698290e-03 8.279914529914529989e-03
0.000000000000000000e+00 5.971331908831908342e-01 1.028311965811965767e-01 6.232193732193732315e-03 8.547008547008547868e-03
0.000000000000000000e+00 6.071937321937321830e-01 1.183226495726495686e-01 3.561253561253561323e-03 1.014957264957264994e-02
0.000000000000000000e+00 6.169871794871795156e-01 1.586538461538461453e-01 6.766381766381766340e-03 9.615384615384615918e-03
0.000000000000000000e+00 6.173433048433047965e-01 1.503739316239316171e-01 5.698005698005698290e-03 9.081196581196581893e-03
0.000000000000000000e+00 5.031160968660968180e-01 1.498397435897435848e-01 4.451566951566951653e-03 1.068376068376068397e-02
0.000000000000000000e+00 5.137998575498575748e-01 1.523771367521367659e-01 3.383190883190883170e-03 9.882478632478632063e-03
0.000000000000000000e+00 6.171652421652421561e-01 1.068376068376068397e-02 6.766381766381766340e-03 8.547008547008547868e-03
0.000000000000000000e+00 6.180555555555555802e-01 3.084935897435897578e-02 4.985754985754985678e-03 8.814102564102564014e-03
0.000000000000000000e+00 6.541132478632478708e-01 8.680555555555555247e-02 7.656695156695156670e-03 6.944444444444444059e-03
0.000000000000000000e+00 6.542022792022792466e-01 9.428418803418803229e-02 6.054131054131053728e-03 5.341880341880341984e-03
0.000000000000000000e+00 6.501958689458688934e-01 1.085737179487179516e-01 3.383190883190883170e-03 9.348290598290598039e-03
0.000000000000000000e+00 7.079772079772079785e-01 1.598557692307692180e-01 5.698005698005698290e-03 8.279914529914529989e-03
0.000000000000000000e+00 7.152777777777777901e-01 1.506410256410256332e-01 4.985754985754985678e-03 7.478632478632478951e-03
0.000000000000000000e+00 7.336182336182336394e-01 7.051282051282051211e-02 3.561253561253561323e-03 1.175213675213675202e-02
0.000000000000000000e+00 6.460113960113960108e-01 1.091079059829059839e-01 3.561253561253561323e-03 9.882478632478632063e-03
0.000000000000000000e+00 7.488425925925925597e-01 2.777777777777777624e-02 4.095441595441595348e-03 1.228632478632478604e-02
0.000000000000000000e+00 8.327991452991453381e-01 1.570512820512820484e-01 8.190883190883190695e-03 8.012820512820512109e-03
0.000000000000000000e+00 3.415242165242165506e-01 1.814903846153846090e-01 8.547008547008547868e-03 3.125000000000000000e-02
0.000000000000000000e+00 2.622863247863247982e-01 3.170405982905982745e-01 5.341880341880341984e-03 1.282051282051282007e-02
0.000000000000000000e+00 4.162215099715099731e-01 3.034188034188033956e-01 6.588319088319088621e-03 6.944444444444444059e-03
0.000000000000000000e+00 4.258368945868946098e-01 2.988782051282051211e-01 7.656695156695156670e-03 8.547008547008547868e-03
0.000000000000000000e+00 4.350071225071225345e-01 2.938034188034188143e-01 5.698005698005698290e-03 5.876068376068376009e-03
0.000000000000000000e+00 4.430199430199430188e-01 3.008814102564102422e-01 7.478632478632478951e-03 7.211538461538461939e-03
0.000000000000000000e+00 4.437321937321937471e-01 3.084935897435897578e-01 6.054131054131053728e-03 5.876068376068376009e-03
0.000000000000000000e+00 4.648326210826210780e-01 2.979433760683760646e-01 7.300569800569800365e-03 7.211538461538461939e-03
0.000000000000000000e+00 4.732905982905982745e-01 2.946047008547008628e-01 6.054131054131053728e-03 6.944444444444444059e-03
0.000000000000000000e+00 4.863782051282051211e-01 2.888621794871794601e-01 6.232193732193732315e-03 6.143162393162393022e-03
0.000000000000000000e+00 4.756944444444444198e-01 2.542735042735042583e-01 6.944444444444444059e-03 5.876068376068376009e-03
0.000000000000000000e+00 4.970619658119658224e-01 2.832532051282051211e-01 6.588319088319088621e-03 6.143162393162393022e-03
0.000000000000000000e+00 4.978632478632478708e-01 2.586805555555555802e-01 4.273504273504273934e-03 1.201923076923076990e-02
0.000000000000000000e+00 4.789886039886039892e-01 2.086004273504273587e-01 7.478632478632478951e-03 6.944444444444444059e-03
0.000000000000000000e+00 4.788105413105412933e-01 2.146100427350427220e-01 6.410256410256410034e-03 5.608974358974358997e-03
0.000000000000000000e+00 5.031160968660968180e-01 2.558760683760683552e-01 4.451566951566951653e-03 1.014957264957264994e-02
0.000000000000000000e+00 5.052528490028490582e-01 2.792467948717948789e-01 7.300569800569800365e-03 6.677350427350427046e-03
0.000000000000000000e+00 5.141559829059828557e-01 2.748397435897436125e-01 6.232193732193732315e-03 4.807692307692307959e-03
0.000000000000000000e+00 5.177172364672364413e-01 2.494658119658119677e-01 4.095441595441595348e-03 1.121794871794871799e-02
0.000000000000000000e+00 5.224358974358974672e-01 2.471955128205128305e-01 3.561253561253561323e-03 1.148504273504273587e-02
0.000000000000000000e+00 5.265313390313390851e-01 2.454594017094016978e-01 3.917378917378917629e-03 1.388888888888888812e-02
0.000000000000000000e+00 5.307158119658119677e-01 2.433226495726495686e-01 4.095441595441595348e-03 1.014957264957264994e-02
0.000000000000000000e+00 5.352564102564102422e-01 2.417200854700854717e-01 4.273504273504273934e-03 1.175213675213675202e-02
0.000000000000000000e+00 5.397970085470085166e-01 2.397168803418803507e-01 3.739316239316239476e-03 9.348290598290598039e-03
0.000000000000000000e+00 5.439814814814815103e-01 2.361111111111111049e-01 4.273504273504273934e-03 1.228632478632478604e-02
0.000000000000000000e+00 5.672186609686609149e-01 2.263621794871794879e-01 4.451566951566951653e-03 1.255341880341880392e-02
0.000000000000000000e+00 5.757656695156695426e-01 2.224893162393162260e-01 3.383190883190883170e-03 9.615384615384615918e-03
0.000000000000000000e+00 5.450498575498575748e-01 2.602831196581196771e-01 7.834757834757835257e-03 5.608974358974358997e-03
0.000000000000000000e+00 5.555555555555555802e-01 2.558760683760683552e-01 6.054131054131053728e-03 5.876068376068376009e-03
0.000000000000000000e+00 5.891203703703703498e-01 2.397168803418803507e-01 6.232193732193732315e-03 5.608974358974358997e-03
0.000000000000000000e+00 6.038105413105413488e-01 2.326388888888888951e-01 7.478632478632478951e-03 7.478632478632478951e-03
0.000000000000000000e+00 5.992699430199430743e-01 1.753472222222222099e-01 6.944444444444444059e-03 1.148504273504273587e-02
0.000000000000000000e+00 6.178774928774928288e-01 1.838942307692307820e-01 6.054131054131053728e-03 7.745726495726495964e-03
0.000000000000000000e+00 6.173433048433047965e-01 1.752136752136752018e-01 5.341880341880341984e-03 8.547008547008547868e-03
0.000000000000000000e+00 7.118055555555555802e-01 3.070245726495726690e-01 6.588319088319088621e-03 6.677350427350427046e-03
0.000000000000000000e+00 7.096688034188034511e-01 3.262553418803418870e-01 8.012820512820512109e-03 7.211538461538461939e-03
0.000000000000000000e+00 7.246260683760683552e-01 3.003472222222222099e-01 4.807692307692307959e-03 9.882478632478632063e-03
0.000000000000000000e+00 6.901709401709401615e-01 2.859241452991452825e-01 5.341880341880341984e-03 9.882478632478632063e-03
0.000000000000000000e+00 7.193732193732194080e-01 3.318643162393162260e-01 7.834757834757835257e-03 6.677350427350427046e-03
0.000000000000000000e+00 8.524750712250712681e-01 1.776175213675213749e-01 6.944444444444444059e-03 7.478632478632478951e-03
0.000000000000000000e+00 8.717948717948718063e-01 3.162393162393162260e-01 4.629629629629629373e-03 1.068376068376068397e-02
0.000000000000000000e+00 8.714387464387464144e-01 3.277243589743589758e-01 7.834757834757835257e-03 6.944444444444444059e-03
0.000000000000000000e+00 7.574786324786324521e-01 3.336004273504273310e-01 6.410256410256410034e-03 6.944444444444444059e-03
0.000000000000000000e+00 9.894052706552706189e-01 2.044604700854700807e-01 5.163817663817663398e-03 1.308760683760683795e-02
0.000000000000000000e+00 9.963497150997151497e-01 2.072649572649572780e-01 6.588319088319088621e-03 5.876068376068376009e-03
0.000000000000000000e+00 9.970619658119658224e-01 1.997863247863247982e-01 5.519943019943019703e-03 7.478632478632478951e-03
0.000000000000000000e+00 9.970619658119658224e-01 1.937767094017094072e-01 5.519943019943019703e-03 6.143162393162393022e-03
0.000000000000000000e+00 9.974180911680912143e-01 1.876335470085470081e-01 4.807692307692307959e-03 5.608974358974358997e-03
0.000000000000000000e+00 9.970619658119658224e-01 2.126068376068376009e-01 5.163817663817663398e-03 6.410256410256410034e-03
0.000000000000000000e+00 9.975961538461538547e-01 1.813568376068376009e-01 4.095441595441595348e-03 5.876068376068376009e-03
0.000000000000000000e+00 8.797186609686609149e-01 2.909989316239316448e-01 4.451566951566951653e-03 9.348290598290598039e-03
0.000000000000000000e+00 9.975071225071224790e-01 1.750801282051281937e-01 4.629629629629629373e-03 7.745726495726495964e-03
0.000000000000000000e+00 4.724893162393162260e-01 4.780982905982906206e-01 3.739316239316239476e-03 1.068376068376068397e-02
0.000000000000000000e+00 4.819266381766381668e-01 4.776976495726495964e-01 4.095441595441595348e-03 1.148504273504273587e-02
0.000000000000000000e+00 4.867343304843304574e-01 4.779647435897436125e-01 3.739316239316239476e-03 1.095085470085470011e-02
0.000000000000000000e+00 4.951032763532763337e-01 4.762286324786324521e-01 3.027065527065526864e-03 8.547008547008547868e-03
0.000000000000000000e+00 5.005341880341880323e-01 4.764957264957264682e-01 3.561253561253561323e-03 9.081196581196581893e-03
0.000000000000000000e+00 4.284188034188033956e-01 4.764957264957264682e-01 5.698005698005698290e-03 4.807692307692307959e-03
0.000000000000000000e+00 4.291310541310541238e-01 4.894497863247863068e-01 5.341880341880341984e-03 4.540598290598290947e-03
0.000000000000000000e+00 5.690883190883191389e-01 3.899572649572649596e-01 3.917378917378917629e-03 9.615384615384615918e-03
0.000000000000000000e+00 5.776353276353276556e-01 3.859508547008547175e-01 3.917378917378917629e-03 1.014957264957264994e-02
0.000000000000000000e+00 5.784366096866097040e-01 4.459134615384615641e-01 3.739316239316239476e-03 9.882478632478632063e-03
0.000000000000000000e+00 5.881410256410256610e-01 4.460470085470085722e-01 3.561253561253561323e-03 1.121794871794871799e-02
0.000000000000000000e+00 6.006944444444444198e-01 4.447115384615384359e-01 4.095441595441595348e-03 1.121794871794871799e-02
0.000000000000000000e+00 5.960648148148147696e-01 4.457799145299145560e-01 3.383190883190883170e-03 1.068376068376068397e-02
0.000000000000000000e+00 5.919693732193732627e-01 4.453792735042735318e-01 2.670940170940170992e-03 1.095085470085470011e-02
0.000000000000000000e+00 7.284544159544159569e-01 3.374732905982906206e-01 6.054131054131053728e-03 7.211538461538461939e-03
0.000000000000000000e+00 8.650284900284900269e-01 3.508279914529914278e-01 5.341880341880341984e-03 1.148504273504273587e-02
0.000000000000000000e+00 7.889066951566952035e-01 3.520299145299145560e-01 6.944444444444444059e-03 6.944444444444444059e-03
0.000000000000000000e+00 8.166844729344728826e-01 3.688568376068376287e-01 6.232193732193732315e-03 7.478632478632478951e-03
0.000000000000000000e+00 8.238069800569800538e-01 3.732638888888888951e-01 7.656695156695156670e-03 8.279914529914529989e-03
0.000000000000000000e+00 8.127670940170940161e-01 3.859508547008547175e-01 9.081196581196581893e-03 9.081196581196581893e-03
0.000000000000000000e+00 8.404558404558404305e-01 4.027777777777777901e-01 6.766381766381766340e-03 6.944444444444444059e-03
0.000000000000000000e+00 8.495370370370370905e-01 4.086538461538461453e-01 6.766381766381766340e-03 6.410256410256410034e-03
0.000000000000000000e+00 7.645121082621082476e-01 3.380074786324786529e-01 6.232193732193732315e-03 6.677350427350427046e-03
0.000000000000000000e+00 7.751068376068376287e-01 3.444177350427350404e-01 6.766381766381766340e-03 7.211538461538461939e-03
0.000000000000000000e+00 7.568554131054131551e-01 3.538995726495726690e-01 6.944444444444444059e-03 8.012820512820512109e-03
0.000000000000000000e+00 9.699964387464387050e-01 3.410790598290598385e-01 4.095441595441595348e-03 1.175213675213675202e-02
0.000000000000000000e+00 9.678596866096865758e-01 3.597756410256410242e-01 4.807692307692307959e-03 1.175213675213675202e-02
0.000000000000000000e+00 9.045584045584045274e-01 4.198717948717948789e-01 7.122507122507122646e-03 8.012820512820512109e-03
0.000000000000000000e+00 8.826566951566952035e-01 4.330929487179487336e-01 4.273504273504273934e-03 1.148504273504273587e-02
0.000000000000000000e+00 8.859508547008546619e-01 4.354967948717948789e-01 4.095441595441595348e-03 1.095085470085470011e-02
0.000000000000000000e+00 8.935185185185184897e-01 4.407051282051281937e-01 4.629629629629629373e-03 1.175213675213675202e-02
0.000000000000000000e+00 8.971688034188034511e-01 4.424412393162392987e-01 4.451566951566951653e-03 1.148504273504273587e-02
0.000000000000000000e+00 9.009081196581196771e-01 4.457799145299145560e-01 3.027065527065526864e-03 1.014957264957264994e-02
0.000000000000000000e+00 9.081196581196581130e-01 4.483173076923077094e-01 5.341880341880341984e-03 1.095085470085470011e-02
0.000000000000000000e+00 2.920227920227920146e-02 5.993589743589743390e-01 5.341880341880341984e-03 1.068376068376068397e-02
0.000000000000000000e+00 2.590811965811965975e-02 6.076388888888888395e-01 6.944444444444444059e-03 8.012820512820512109e-03
0.000000000000000000e+00 2.546296296296296155e-02 6.153846153846154188e-01 7.122507122507122646e-03 6.410256410256410034e-03
0.000000000000000000e+00 1.958689458689458554e-02 6.374198717948718063e-01 7.834757834757835257e-03 7.745726495726495964e-03
0.000000000000000000e+00 1.958689458689458554e-02 6.314102564102563875e-01 6.766381766381766340e-03 5.876068376068376009e-03
0.000000000000000000e+00 3.855056980056979776e-02 6.056356837606837740e-01 4.807692307692307959e-03 9.348290598290598039e-03
0.000000000000000000e+00 4.228988603988603767e-02 6.079059829059828557e-01 4.451566951566951653e-03 8.547008547008547868e-03
0.000000000000000000e+00 4.540598290598290426e-02 6.112446581196581130e-01 5.698005698005698290e-03 1.095085470085470011e-02
0.000000000000000000e+00 5.012464387464387466e-02 6.135149572649573058e-01 4.095441595441595348e-03 8.547008547008547868e-03
0.000000000000000000e+00 5.822649572649572780e-02 6.177884615384615641e-01 4.629629629629629373e-03 9.615384615384615918e-03
0.000000000000000000e+00 3.596866096866097040e-02 6.308760683760683552e-01 3.561253561253561323e-03 9.081196581196581893e-03
0.000000000000000000e+00 3.311965811965811995e-02 6.408920940170940161e-01 5.698005698005698290e-03 1.148504273504273587e-02
0.000000000000000000e+00 4.442663817663817377e-02 6.343482905982905651e-01 4.807692307692307959e-03 1.121794871794871799e-02
0.000000000000000000e+00 4.033119658119658363e-02 6.463675213675214026e-01 4.807692307692307959e-03 1.014957264957264994e-02
0.000000000000000000e+00 4.487179487179487197e-02 6.487713675213675479e-01 5.341880341880341984e-03 1.121794871794871799e-02
0.000000000000000000e+00 5.172720797720797847e-02 6.411591880341880323e-01 4.451566951566951653e-03 1.095085470085470011e-02
0.000000000000000000e+00 5.600071225071225067e-02 6.423611111111111605e-01 4.451566951566951653e-03 1.175213675213675202e-02
0.000000000000000000e+00 5.956196581196580853e-02 6.435630341880341776e-01 4.807692307692307959e-03 1.148504273504273587e-02
0.000000000000000000e+00 8.110754985754985158e-02 6.331463675213675479e-01 3.739316239316239476e-03 7.745726495726495964e-03
0.000000000000000000e+00 7.656695156695156324e-02 6.310096153846154188e-01 3.561253561253561323e-03 7.745726495726495964e-03
0.000000000000000000e+00 8.831908831908831525e-02 6.398237179487179516e-01 7.478632478632478951e-03 6.143162393162393022e-03
0.000000000000000000e+00 8.858618233618233140e-02 6.456997863247863068e-01 6.944444444444444059e-03 5.608974358974358997e-03
0.000000000000000000e+00 8.938746438746439371e-02 6.562500000000000000e-01 7.478632478632478951e-03 8.012820512820512109e-03
0.000000000000000000e+00 8.422364672364672511e-02 6.591880341880341776e-01 4.629629629629629373e-03 1.068376068376068397e-02
0.000000000000000000e+00 7.968304843304843676e-02 6.606570512820513219e-01 5.519943019943019703e-03 1.148504273504273587e-02
0.000000000000000000e+00 7.523148148148148251e-02 6.615918803418803229e-01 4.451566951566951653e-03 1.014957264957264994e-02
0.000000000000000000e+00 7.024572649572649596e-02 6.625267094017094349e-01 4.451566951566951653e-03 1.041666666666666609e-02
0.000000000000000000e+00 2.264066951566951480e-01 5.512820512820513219e-01 4.095441595441595348e-03 1.121794871794871799e-02
0.000000000000000000e+00 4.571759259259259300e-01 5.061431623931623713e-01 3.383190883190883170e-03 1.068376068376068397e-02
0.000000000000000000e+00 4.646545584045583821e-01 5.049412393162393542e-01 3.027065527065526864e-03 8.279914529914529989e-03
0.000000000000000000e+00 4.685719373219373041e-01 5.056089743589743390e-01 3.739316239316239476e-03 1.121794871794871799e-02
0.000000000000000000e+00 4.731125356125356340e-01 5.053418803418803229e-01 3.205128205128205017e-03 1.014957264957264994e-02
0.000000000000000000e+00 4.816595441595441507e-01 5.036057692307692735e-01 2.849002849002849145e-03 9.882478632478632063e-03
0.000000000000000000e+00 4.926994301994301884e-01 5.049412393162393542e-01 3.205128205128205017e-03 9.882478632478632063e-03
0.000000000000000000e+00 4.977742165242165506e-01 5.178952991452991927e-01 3.383190883190883170e-03 9.081196581196581893e-03
0.000000000000000000e+00 4.934116809116809166e-01 5.169604700854700807e-01 4.273504273504273934e-03 9.882478632478632063e-03
0.000000000000000000e+00 4.877136752136752018e-01 5.173611111111111605e-01 3.205128205128205017e-03 9.081196581196581893e-03
0.000000000000000000e+00 4.812143874643874386e-01 5.181623931623932089e-01 3.739316239316239476e-03 1.068376068376068397e-02
0.000000000000000000e+00 4.774750712250712126e-01 5.196314102564102422e-01 4.095441595441595348e-03 1.041666666666666609e-02
0.000000000000000000e+00 4.528133903133902960e-01 5.211004273504273865e-01 4.273504273504273934e-03 9.615384615384615918e-03
0.000000000000000000e+00 4.457799145299145560e-01 5.480769230769231282e-01 3.739316239316239476e-03 9.615384615384615918e-03
0.000000000000000000e+00 4.836182336182336394e-01 5.448717948717948234e-01 4.273504273504273934e-03 1.121794871794871799e-02
0.000000000000000000e+00 4.933226495726495964e-01 5.442040598290598385e-01 4.095441595441595348e-03 9.348290598290598039e-03
0.000000000000000000e+00 4.979522792022791911e-01 5.444711538461538547e-01 4.451566951566951653e-03 1.201923076923076990e-02
0.000000000000000000e+00 4.493411680911680861e-01 6.304754273504273865e-01 3.027065527065526864e-03 8.279914529914529989e-03
0.000000000000000000e+00 4.683938746438746636e-01 6.319444444444444198e-01 3.739316239316239476e-03 1.068376068376068397e-02
0.000000000000000000e+00 4.804131054131053902e-01 6.322115384615384359e-01 3.917378917378917629e-03 9.615384615384615918e-03
0.000000000000000000e+00 5.055199430199430743e-01 5.734508547008546619e-01 4.273504273504273934e-03 1.121794871794871799e-02
0.000000000000000000e+00 8.334223646723646350e-01 5.397970085470085166e-01 6.944444444444444059e-03 4.273504273504273934e-03
0.000000000000000000e+00 8.254985754985755264e-01 5.468750000000000000e-01 6.766381766381766340e-03 6.143162393162393022e-03
0.000000000000000000e+00 9.617165242165242045e-01 5.422008547008546619e-01 6.766381766381766340e-03 6.944444444444444059e-03
0.000000000000000000e+00 9.877136752136752573e-01 5.516826923076922906e-01 7.122507122507122646e-03 6.143162393162393022e-03
0.000000000000000000e+00 9.964387464387464144e-01 5.547542735042735318e-01 6.410256410256410034e-03 6.410256410256410034e-03
0.000000000000000000e+00 9.643874643874643660e-01 5.212339743589743390e-01 3.205128205128205017e-03 8.279914529914529989e-03
0.000000000000000000e+00 9.310007122507122368e-01 5.068108974358974672e-01 6.944444444444444059e-03 5.074786324786324972e-03
0.000000000000000000e+00 9.437321937321937332e-03 6.742788461538461453e-01 7.122507122507122646e-03 5.608974358974358997e-03
0.000000000000000000e+00 9.793447293447292770e-03 6.804220085470085166e-01 7.122507122507122646e-03 6.143162393162393022e-03
0.000000000000000000e+00 1.994301994301994271e-02 6.870993589743589203e-01 4.629629629629629373e-03 1.095085470085470011e-02
0.000000000000000000e+00 1.424501424501424529e-02 6.884348290598291120e-01 4.629629629629629373e-03 8.814102564102564014e-03
0.000000000000000000e+00 2.394943019943019877e-02 6.845619658119658224e-01 5.163817663817663398e-03 1.121794871794871799e-02
0.000000000000000000e+00 2.822293447293447444e-02 6.825587606837606458e-01 5.163817663817663398e-03 9.348290598290598039e-03
0.000000000000000000e+00 3.214031339031338946e-02 6.810897435897436125e-01 5.519943019943019703e-03 1.175213675213675202e-02
0.000000000000000000e+00 3.632478632478632757e-02 6.790865384615384359e-01 4.273504273504273934e-03 8.279914529914529989e-03
0.000000000000000000e+00 3.997507122507122646e-02 6.766826923076922906e-01 4.451566951566951653e-03 8.814102564102564014e-03
0.000000000000000000e+00 4.380341880341880045e-02 6.761485042735042583e-01 4.273504273504273934e-03 1.041666666666666609e-02
0.000000000000000000e+00 4.727564102564102422e-02 6.750801282051281937e-01 4.451566951566951653e-03 9.882478632478632063e-03
0.000000000000000000e+00 5.137108262108262130e-02 6.724091880341880323e-01 4.807692307692307959e-03 1.148504273504273587e-02
0.000000000000000000e+00 5.635683760683760785e-02 6.706730769230768718e-01 5.876068376068376009e-03 1.228632478632478604e-02
0.000000000000000000e+00 6.027421652421652287e-02 6.682692307692307265e-01 5.163817663817663398e-03 1.175213675213675202e-02
0.000000000000000000e+00 6.419159544159544484e-02 6.670673076923077094e-01 5.163817663817663398e-03 1.201923076923076990e-02
0.000000000000000000e+00 1.308760683760683795e-02 7.955395299145299193e-01 6.588319088319088621e-03 9.882478632478632063e-03
0.000000000000000000e+00 1.038105413105413072e-01 6.985844017094017255e-01 7.122507122507122646e-03 6.143162393162393022e-03
0.000000000000000000e+00 2.979878917378917524e-01 8.317307692307692735e-01 8.368945868945869282e-03 1.014957264957264994e-02
0.000000000000000000e+00 2.967414529914529919e-01 6.661324786324785974e-01 4.095441595441595348e-03 1.121794871794871799e-02
0.000000000000000000e+00 4.043803418803418870e-01 6.984508547008546619e-01 7.834757834757835257e-03 4.807692307692307959e-03
0.000000000000000000e+00 4.040242165242165506e-01 7.055288461538461453e-01 7.478632478632478951e-03 5.074786324786324972e-03
0.000000000000000000e+00 4.051816239316239354e-01 7.132745726495726135e-01 5.876068376068376009e-03 4.540598290598290947e-03
0.000000000000000000e+00 9.879807692307692735e-01 7.023237179487179516e-01 3.739316239316239476e-03 1.041666666666666609e-02
0.000000000000000000e+00 3.650284900284900269e-02 9.881143162393162260e-01 4.273504273504273934e-03 8.814102564102564014e-03
0.000000000000000000e+00 4.264601139601139485e-02 9.851762820512820484e-01 3.739316239316239476e-03 9.882478632478632063e-03
0.000000000000000000e+00 4.932336182336182623e-02 9.788995726495726135e-01 5.341880341880341984e-03 1.121794871794871799e-02
0.000000000000000000e+00 1.441417378917378977e-01 9.548611111111111605e-01 5.876068376068376009e-03 6.944444444444444059e-03
0.000000000000000000e+00 2.838319088319088412e-01 8.709935897435897578e-01 4.273504273504273934e-03 1.121794871794871799e-02
0.000000000000000000e+00 2.830306267806267928e-01 9.158653846153845812e-01 7.656695156695156670e-03 1.655982905982905998e-02
0.000000000000000000e+00 2.728810541310541238e-01 9.481837606837606458e-01 6.232193732193732315e-03 1.175213675213675202e-02
0.000000000000000000e+00 3.640491452991452825e-01 9.654113247863247427e-01 3.383190883190883170e-03 1.201923076923076990e-02
0.000000000000000000e+00 3.660968660968660915e-01 9.807692307692307265e-01 4.273504273504273934e-03 1.175213675213675202e-02
0.000000000000000000e+00 3.661858974358974117e-01 9.939903846153845812e-01 4.095441595441595348e-03 1.148504273504273587e-02
0.000000000000000000e+00 4.060719373219373041e-01 9.173344017094017255e-01 8.012820512820512109e-03 9.348290598290598039e-03
0.000000000000000000e+00 4.458689458689458762e-01 9.559294871794872250e-01 6.766381766381766340e-03 8.012820512820512109e-03
0.000000000000000000e+00 4.319800569800569812e-01 9.225427350427350959e-01 7.834757834757835257e-03 9.081196581196581893e-03
0.000000000000000000e+00 4.695512820512820484e-01 9.388354700854700807e-01 7.122507122507122646e-03 8.012820512820512109e-03
0.000000000000000000e+00 4.837962962962962798e-01 9.477831196581196771e-01 7.478632478632478951e-03 8.814102564102564014e-03
0.000000000000000000e+00 4.725783475783476018e-01 9.764957264957264682e-01 7.834757834757835257e-03 8.012820512820512109e-03
0.000000000000000000e+00 5.898326210826211335e-01 9.349626068376067911e-01 4.807692307692307959e-03 1.575854700854700807e-02
0.000000000000000000e+00 6.001602564102563875e-01 9.357638888888888395e-01 5.519943019943019703e-03 1.842948717948717993e-02
0.000000000000000000e+00 6.036324786324785974e-01 9.328258547008546619e-01 3.205128205128205017e-03 9.882478632478632063e-03
0.000000000000000000e+00 6.079059829059828557e-01 9.329594017094017255e-01 3.917378917378917629e-03 1.175213675213675202e-02
0.000000000000000000e+00 6.125356125356125059e-01 9.337606837606837740e-01 4.273504273504273934e-03 9.081196581196581893e-03
0.000000000000000000e+00 5.017806267806267373e-01 9.963942307692307265e-01 6.054131054131053728e-03 6.677350427350427046e-03
0.000000000000000000e+00 6.338141025641025328e-01 9.596688034188034511e-01 4.807692307692307959e-03 1.068376068376068397e-02
0.000000000000000000e+00 6.698717948717948234e-01 8.649839743589743390e-01 4.629629629629629373e-03 4.006410256410256054e-03
0.000000000000000000e+00 6.643518518518518601e-01 9.401709401709401615e-01 7.478632478632478951e-03 5.876068376068376009e-03
0.000000000000000000e+00 6.795762108262107803e-01 8.348023504273504036e-01 5.163817663817663398e-03 1.095085470085470011e-02
0.000000000000000000e+00 8.646723646723646350e-01 9.885149572649573058e-01 7.478632478632478951e-03 8.547008547008547868e-03
0.000000000000000000e+00 9.521011396011396233e-01 9.075854700854700807e-01 6.766381766381766340e-03 5.341880341880341984e-03
0.000000000000000000e+00 9.576210826210825866e-01 9.946581196581196771e-01 4.629629629629629373e-03 1.014957264957264994e-02
0.000000000000000000e+00 9.665242165242164951e-01 9.456463675213675479e-01 1.282051282051282007e-02 1.308760683760683795e-02
0.000000000000000000e+00 9.088319088319087857e-01 9.520566239316239354e-01 8.547008547008547868e-03 8.814102564102564014e-03
0.000000000000000000e+00 8.995726495726495964e-01 9.575320512820513219e-01 6.410256410256410034e-03 7.478632478632478951e-03
0.000000000000000000e+00 8.929843304843304574e-01 9.627403846153845812e-01 6.410256410256410034e-03 6.677350427350427046e-03
0.000000000000000000e+00 8.788283475783476018e-01 9.748931623931623713e-01 6.588319088319088621e-03 6.944444444444444059e-03
0.000000000000000000e+00 3.988603988603988543e-02 6.335470085470085166e-01 4.629629629629629373e-03 9.615384615384615918e-03
0.000000000000000000e+00 3.748219373219373318e-02 6.440972222222222099e-01 5.519943019943019703e-03 1.041666666666666609e-02
0.000000000000000000e+00 5.377492877492877354e-02 6.156517094017094349e-01 5.698005698005698290e-03 1.175213675213675202e-02
0.000000000000000000e+00 6.160968660968661054e-02 6.192574786324785974e-01 4.273504273504273934e-03 8.814102564102564014e-03
0.000000000000000000e+00 6.508190883190882736e-02 6.233974358974359031e-01 5.163817663817663398e-03 8.547008547008547868e-03
0.000000000000000000e+00 7.264957264957265515e-02 6.280715811965812412e-01 4.273504273504273934e-03 7.745726495726495964e-03
0.000000000000000000e+00 3.739316239316239476e-03 7.532051282051281937e-01 4.985754985754985678e-03 1.068376068376068397e-02
0.000000000000000000e+00 1.727207977207977085e-02 9.101228632478632896e-01 9.971509971509971357e-03 9.348290598290598039e-03
0.000000000000000000e+00 1.701388888888888951e-01 5.830662393162393542e-01 6.232193732193732315e-03 5.341880341880341984e-03
0.000000000000000000e+00 6.178774928774928565e-02 2.363782051282051211e-01 7.122507122507122646e-03 8.012820512820512109e-03
0.000000000000000000e+00 8.929843304843304574e-02 2.287660256410256332e-01 6.588319088319088621e-03 7.745726495726495964e-03
0.000000000000000000e+00 8.252314814814815103e-01 5.599626068376067911e-01 5.519943019943019703e-03 4.540598290598290947e-03
0.000000000000000000e+00 7.362001424501424252e-01 1.091079059829059839e-01 6.944444444444444059e-03 1.362179487179487197e-02
0.000000000000000000e+00 7.405626780626780592e-01 9.602029914529915111e-02 5.341880341880341984e-03 1.201923076923076990e-02
0.000000000000000000e+00 9.967948717948718063e-01 1.024305555555555525e-01 4.629629629629629373e-03 9.882478632478632063e-03
0.000000000000000000e+00 9.710648148148147696e-01 9.535256410256410797e-01 6.232193732193732315e-03 8.547008547008547868e-03
0.000000000000000000e+00 9.982193732193732627e-01 9.547275641025640969e-01 3.205128205128205017e-03 1.095085470085470011e-02
0.000000000000000000e+00 8.857727920227920215e-01 9.690170940170940161e-01 5.519943019943019703e-03 7.478632478632478951e-03
0.000000000000000000e+00 9.243233618233618332e-01 9.250801282051281937e-01 6.766381766381766340e-03 5.074786324786324972e-03
0.000000000000000000e+00 8.717948717948718063e-01 9.811698717948718063e-01 6.054131054131053728e-03 8.279914529914529989e-03
0.000000000000000000e+00 9.642094017094017255e-01 9.002403846153845812e-01 6.410256410256410034e-03 5.074786324786324972e-03
0.000000000000000000e+00 9.885149572649573058e-01 8.843482905982905651e-01 5.876068376068376009e-03 5.876068376068376009e-03
0.000000000000000000e+00 6.464565527065526673e-01 1.426282051282051211e-01 7.300569800569800365e-03 6.944444444444444059e-03
0.000000000000000000e+00 7.660256410256410797e-01 3.595085470085470081e-01 7.478632478632478951e-03 7.478632478632478951e-03
0.000000000000000000e+00 7.756410256410256610e-01 3.655181623931623713e-01 9.259259259259258745e-03 8.279914529914529989e-03
0.000000000000000000e+00 8.325320512820513219e-01 3.983707264957264682e-01 5.519943019943019703e-03 6.143162393162393022e-03
0.000000000000000000e+00 9.650997150997151497e-01 9.384348290598291120e-01 1.317663817663817724e-02 1.148504273504273587e-02
0.000000000000000000e+00 6.873219373219373318e-02 6.254006410256410797e-01 4.629629629629629373e-03 7.211538461538461939e-03
0.000000000000000000e+00 4.825498575498575471e-02 6.371527777777777901e-01 4.985754985754985678e-03 1.201923076923076990e-02
0.000000000000000000e+00 9.366096866096866591e-02 2.244925213675213749e-01 5.698005698005698290e-03 8.279914529914529989e-03
