0.000000000000000000e+00 1.526887464387464421e-01 8.199786324786324798e-02 5.519943019943019703e-03 1.175213675213675202e-02
0.000000000000000000e+00 4.118589743589743390e-01 1.541132478632478708e-01 7.478632478632478951e-03 6.944444444444444059e-03
0.000000000000000000e+00 6.027421652421652842e-01 1.665331196581196493e-01 5.341880341880341984e-03 1.041666666666666609e-02
0.000000000000000000e+00 6.753027065527065220e-01 8.506944444444444753e-02 4.095441595441595348e-03 1.148504273504273587e-02
0.000000000000000000e+00 7.060185185185184897e-01 1.080395299145299193e-01 7.122507122507122646e-03 7.745726495726495964e-03
0.000000000000000000e+00 6.694266381766381668e-01 2.831196581196581200e-02 4.095441595441595348e-03 8.012820512820512109e-03
0.000000000000000000e+00 8.065349002849002691e-01 3.859508547008547175e-02 4.451566951566951653e-03 1.469017094017094002e-02
0.000000000000000000e+00 8.243411680911680861e-01 1.240651709401709435e-01 3.739316239316239476e-03 1.255341880341880392e-02
0.000000000000000000e+00 8.427706552706553111e-01 1.465010683760683829e-01 6.410256410256410034e-03 6.143162393162393022e-03
0.000000000000000000e+00 9.099893162393162260e-01 8.306623931623931256e-02 3.739316239316239476e-03 1.068376068376068397e-02
0.000000000000000000e+00 9.100783475783476018e-01 9.548611111111110494e-02 3.561253561253561323e-03 9.882478632478632063e-03
0.000000000000000000e+00 9.200498575498575748e-01 9.869123931623931256e-02 4.985754985754985678e-03 1.629273504273504383e-02
0.000000000000000000e+00 9.209401709401708880e-01 3.245192307692307959e-02 4.629629629629629373e-03 1.362179487179487197e-02
0.000000000000000000e+00 9.611823361823361722e-01 1.372863247863247982e-01 8.547008547008547868e-03 6.410256410256410034e-03
0.000000000000000000e+00 9.964387464387464144e-01 1.398237179487179516e-01 6.410256410256410034e-03 6.677350427350427046e-03
0.000000000000000000e+00 8.966346153846154188e-01 1.662660256410256332e-01 8.012820512820512109e-03 4.540598290598290947e-03
0.000000000000000000e+00 9.569978632478632896e-01 1.653311965811965767e-01 6.588319088319088621e-03 4.807692307692307959e-03
0.000000000000000000e+00 3.706374643874643660e-01 3.177083333333333148e-01 3.383190883190883170e-03 8.279914529914529989e-03
0.000000000000000000e+00 4.797008547008547175e-01 2.963408119658119677e-01 3.917378917378917629e-03 9.882478632478632063e-03
0.000000000000000000e+00 6.045227920227920215e-01 2.844551282051281937e-01 3.561253561253561323e-03 9.615384615384615918e-03
0.000000000000000000e+00 6.182336182336182206e-01 2.621527777777777901e-01 6.054131054131053728e-03 8.279914529914529989e-03
0.000000000000000000e+00 6.187678062678062529e-01 2.987446581196581130e-01 6.054131054131053728e-03 8.279914529914529989e-03
0.000000000000000000e+00 6.192129629629629095e-01 3.186431623931623713e-01 5.163817663817663398e-03 9.081196581196581893e-03
0.000000000000000000e+00 5.904558404558404305e-01 2.024572649572649596e-01 6.054131054131053728e-03 9.615384615384615918e-03
0.000000000000000000e+00 6.284722222222222099e-01 2.075320512820512941e-01 7.656695156695156670e-03 5.876068376068376009e-03
0.000000000000000000e+00 6.494836182336182206e-01 2.043269230769230727e-01 6.944444444444444059e-03 5.876068376068376009e-03
0.000000000000000000e+00 6.586538461538461453e-01 2.023237179487179516e-01 6.766381766381766340e-03 5.608974358974358997e-03
0.000000000000000000e+00 6.693376068376067911e-01 2.009882478632478708e-01 7.478632478632478951e-03 6.143162393162393022e-03
0.000000000000000000e+00 6.405804843304843121e-01 2.347756410256410242e-01 5.876068376068376009e-03 4.273504273504273934e-03
0.000000000000000000e+00 6.494836182336182206e-01 2.325053418803418870e-01 8.368945868945869282e-03 7.211538461538461939e-03
0.000000000000000000e+00 6.588319088319087857e-01 2.302350427350427220e-01 7.478632478632478951e-03 6.944444444444444059e-03
0.000000000000000000e+00 6.770833333333333703e-01 2.244925213675213749e-01 5.876068376068376009e-03 4.540598290598290947e-03
0.000000000000000000e+00 6.866096866096865758e-01 2.219551282051281937e-01 6.410256410256410034e-03 5.876068376068376009e-03
0.000000000000000000e+00 7.139423076923077094e-01 1.905715811965811857e-01 6.232193732193732315e-03 5.608974358974358997e-03
0.000000000000000000e+00 7.230235042735042583e-01 1.879006410256410242e-01 7.300569800569800365e-03 5.608974358974358997e-03
0.000000000000000000e+00 7.312143874643874941e-01 1.862980769230769273e-01 6.944444444444444059e-03 6.143162393162393022e-03
0.000000000000000000e+00 7.498219373219373596e-01 2.572115384615384359e-01 2.849002849002849145e-03 8.547008547008547868e-03
0.000000000000000000e+00 7.480413105413105113e-01 3.171741452991452825e-01 4.273504273504273934e-03 1.308760683760683795e-02
0.000000000000000000e+00 7.491987179487179516e-01 2.883279914529914278e-01 4.451566951566951653e-03 1.362179487179487197e-02
0.000000000000000000e+00 3.463319088319088412e-01 4.651442307692307820e-01 9.259259259259258745e-03 3.071581196581196424e-02
0.000000000000000000e+00 4.531695156695156879e-01 3.565705128205128305e-01 6.410256410256410034e-03 5.341880341880341984e-03
0.000000000000000000e+00 4.749821937321937471e-01 3.667200854700854440e-01 3.027065527065526864e-03 9.081196581196581893e-03
0.000000000000000000e+00 4.796118233618233417e-01 3.679220085470085722e-01 4.095441595441595348e-03 1.095085470085470011e-02
0.000000000000000000e+00 4.838853276353276556e-01 3.696581196581196771e-01 4.095441595441595348e-03 1.014957264957264994e-02
0.000000000000000000e+00 4.820156695156695426e-01 4.923878205128205399e-01 7.478632478632478951e-03 6.143162393162393022e-03
0.000000000000000000e+00 4.813034188034188143e-01 4.981303418803418870e-01 6.766381766381766340e-03 5.341880341880341984e-03
0.000000000000000000e+00 5.054309116809116986e-01 4.375000000000000000e-01 3.739316239316239476e-03 1.121794871794871799e-02
0.000000000000000000e+00 5.158475783475783283e-01 4.403044871794871695e-01 3.205128205128205017e-03 9.882478632478632063e-03
0.000000000000000000e+00 5.987357549857549310e-01 3.894230769230769273e-01 6.588319088319088621e-03 9.615384615384615918e-03
0.000000000000000000e+00 6.002492877492877632e-01 4.607371794871794601e-01 7.122507122507122646e-03 1.014957264957264994e-02
0.000000000000000000e+00 6.081730769230768718e-01 4.456463675213675479e-01 4.451566951566951653e-03 1.201923076923076990e-02
0.000000000000000000e+00 6.182336182336182206e-01 4.362980769230769273e-01 6.054131054131053728e-03 8.279914529914529989e-03
0.000000000000000000e+00 6.175213675213675479e-01 4.437767094017093794e-01 5.698005698005698290e-03 8.279914529914529989e-03
0.000000000000000000e+00 6.181445868945868449e-01 4.524572649572649596e-01 6.232193732193732315e-03 9.081196581196581893e-03
0.000000000000000000e+00 6.183226495726495964e-01 4.604700854700854440e-01 5.519943019943019703e-03 8.547008547008547868e-03
0.000000000000000000e+00 6.185007122507122368e-01 4.688835470085470081e-01 5.876068376068376009e-03 7.745726495726495964e-03
0.000000000000000000e+00 6.471688034188034511e-01 4.289529914529914278e-01 7.656695156695156670e-03 6.410256410256410034e-03
0.000000000000000000e+00 6.469017094017094349e-01 3.956997863247863068e-01 3.205128205128205017e-03 9.348290598290598039e-03
0.000000000000000000e+00 6.511752136752136932e-01 3.951655982905982745e-01 2.849002849002849145e-03 7.745726495726495964e-03
0.000000000000000000e+00 6.548254985754985436e-01 3.745993589743589758e-01 8.368945868945869282e-03 6.143162393162393022e-03
0.000000000000000000e+00 6.544693732193732627e-01 3.820779914529914278e-01 7.300569800569800365e-03 5.608974358974358997e-03
0.000000000000000000e+00 7.362001424501424252e-01 3.965010683760683552e-01 5.876068376068376009e-03 1.308760683760683795e-02
0.000000000000000000e+00 7.077101139601139623e-01 4.464476495726495964e-01 6.232193732193732315e-03 9.882478632478632063e-03
0.000000000000000000e+00 7.143874643874643660e-01 4.379006410256410242e-01 4.985754985754985678e-03 8.814102564102564014e-03
0.000000000000000000e+00 7.401175213675214026e-01 3.836805555555555802e-01 4.095441595441595348e-03 1.095085470085470011e-02
0.000000000000000000e+00 9.953703703703703498e-01 4.636752136752136932e-01 6.766381766381766340e-03 6.410256410256410034e-03
0.000000000000000000e+00 9.948361823361823175e-01 4.708867521367521292e-01 7.478632478632478951e-03 6.410256410256410034e-03
0.000000000000000000e+00 9.950142450142450690e-01 4.764957264957264682e-01 7.834757834757835257e-03 5.876068376068376009e-03
0.000000000000000000e+00 9.943910256410256610e-01 4.821047008547008628e-01 8.012820512820512109e-03 7.478632478632478951e-03
0.000000000000000000e+00 9.937678062678062529e-01 4.889155982905982745e-01 7.122507122507122646e-03 6.143162393162393022e-03
0.000000000000000000e+00 9.927884615384615641e-01 4.957264957264957417e-01 6.944444444444444059e-03 6.410256410256410034e-03
0.000000000000000000e+00 9.931445868945868449e-01 5.022702991452991927e-01 6.944444444444444059e-03 6.143162393162393022e-03
0.000000000000000000e+00 9.853988603988603767e-01 4.931891025641025883e-01 5.341880341880341984e-03 1.255341880341880392e-02
0.000000000000000000e+00 2.680733618233618332e-01 5.969551282051281937e-01 4.807692307692307959e-03 1.228632478632478604e-02
0.000000000000000000e+00 4.781873219373219408e-01 5.365918803418803229e-01 6.944444444444444059e-03 6.410256410256410034e-03
0.000000000000000000e+00 4.195156695156695426e-01 5.848023504273504036e-01 6.766381766381766340e-03 5.608974358974358997e-03
0.000000000000000000e+00 4.290420227920228036e-01 5.798611111111111605e-01 8.368945868945869282e-03 6.944444444444444059e-03
0.000000000000000000e+00 4.381232193732193525e-01 5.749198717948718063e-01 6.232193732193732315e-03 6.143162393162393022e-03
0.000000000000000000e+00 4.467592592592592449e-01 5.897435897435897578e-01 5.341880341880341984e-03 5.341880341880341984e-03
0.000000000000000000e+00 4.673254985754985991e-01 5.797275641025640969e-01 6.588319088319088621e-03 6.677350427350427046e-03
0.000000000000000000e+00 4.757834757834757955e-01 5.758547008547008073e-01 6.766381766381766340e-03 6.944444444444444059e-03
0.000000000000000000e+00 4.790776353276353094e-01 5.666399572649573058e-01 6.944444444444444059e-03 6.677350427350427046e-03
0.000000000000000000e+00 4.882478632478632341e-01 5.703792735042735318e-01 6.054131054131053728e-03 6.677350427350427046e-03
0.000000000000000000e+00 5.000000000000000000e-01 5.412660256410256610e-01 4.273504273504273934e-03 1.148504273504273587e-02
0.000000000000000000e+00 4.988425925925926152e-01 5.655715811965812412e-01 6.588319088319088621e-03 6.677350427350427046e-03
0.000000000000000000e+00 5.052528490028490582e-01 5.388621794871795156e-01 3.739316239316239476e-03 8.814102564102564014e-03
0.000000000000000000e+00 5.072115384615384359e-01 5.618322649572649041e-01 7.300569800569800365e-03 7.211538461538461939e-03
0.000000000000000000e+00 5.159366096866097040e-01 5.578258547008546619e-01 5.519943019943019703e-03 5.608974358974358997e-03
0.000000000000000000e+00 5.194978632478632896e-01 5.328525641025640969e-01 3.739316239316239476e-03 1.228632478632478604e-02
0.000000000000000000e+00 5.241274928774928288e-01 5.297809829059828557e-01 3.739316239316239476e-03 1.095085470085470011e-02
0.000000000000000000e+00 5.285790598290598385e-01 5.284455128205127750e-01 4.451566951566951653e-03 1.362179487179487197e-02
0.000000000000000000e+00 5.327635327635327211e-01 5.269764957264957417e-01 3.205128205128205017e-03 1.121794871794871799e-02
0.000000000000000000e+00 5.370370370370370905e-01 5.252403846153845812e-01 4.273504273504273934e-03 1.148504273504273587e-02
0.000000000000000000e+00 5.414886039886039892e-01 5.231036324786324521e-01 3.917378917378917629e-03 9.882478632478632063e-03
0.000000000000000000e+00 5.456730769230768718e-01 5.197649572649573058e-01 3.739316239316239476e-03 1.175213675213675202e-02
0.000000000000000000e+00 5.462072649572649041e-01 5.434027777777777901e-01 8.368945868945869282e-03 7.745726495726495964e-03
0.000000000000000000e+00 5.567129629629629095e-01 5.389957264957264682e-01 6.588319088319088621e-03 5.876068376068376009e-03
0.000000000000000000e+00 5.688212250712251228e-01 5.105502136752136932e-01 4.451566951566951653e-03 1.308760683760683795e-02
0.000000000000000000e+00 5.770121082621082476e-01 5.066773504273504036e-01 3.739316239316239476e-03 9.615384615384615918e-03
0.000000000000000000e+00 5.892094017094017255e-01 5.240384615384615641e-01 4.985754985754985678e-03 4.273504273504273934e-03
0.000000000000000000e+00 6.044337606837606458e-01 5.168269230769231282e-01 7.300569800569800365e-03 6.410256410256410034e-03
0.000000000000000000e+00 5.780804843304843121e-01 6.668002136752136932e-01 3.739316239316239476e-03 9.348290598290598039e-03
0.000000000000000000e+00 6.896367521367521292e-01 5.702457264957264682e-01 4.985754985754985678e-03 9.615384615384615918e-03
0.000000000000000000e+00 7.234686609686609149e-01 5.846688034188034511e-01 4.273504273504273934e-03 1.014957264957264994e-02
0.000000000000000000e+00 7.107371794871795156e-01 5.909455128205127750e-01 6.232193732193732315e-03 6.677350427350427046e-03
0.000000000000000000e+00 7.091346153846154188e-01 6.101762820512820484e-01 6.944444444444444059e-03 8.279914529914529989e-03
0.000000000000000000e+00 7.183938746438746081e-01 6.159188034188034511e-01 7.656695156695156670e-03 7.478632478632478951e-03
0.000000000000000000e+00 7.277421652421652842e-01 6.220619658119658224e-01 5.698005698005698290e-03 5.876068376068376009e-03
0.000000000000000000e+00 7.560541310541311066e-01 6.183226495726495964e-01 6.410256410256410034e-03 7.478632478632478951e-03
0.000000000000000000e+00 7.629095441595441507e-01 6.221955128205127750e-01 6.588319088319088621e-03 7.211538461538461939e-03
0.000000000000000000e+00 7.554309116809116986e-01 6.380876068376067911e-01 7.300569800569800365e-03 7.478632478632478951e-03
0.000000000000000000e+00 7.651353276353276556e-01 6.438301282051281937e-01 6.766381766381766340e-03 7.211538461538461939e-03
0.000000000000000000e+00 7.728810541310541238e-01 6.486378205128204844e-01 7.300569800569800365e-03 7.211538461538461939e-03
0.000000000000000000e+00 7.735042735042735318e-01 6.283386752136752573e-01 6.410256410256410034e-03 6.677350427350427046e-03
0.000000000000000000e+00 7.871260683760683552e-01 6.363514957264957417e-01 6.944444444444444059e-03 7.211538461538461939e-03
0.000000000000000000e+00 8.145477207977207534e-01 6.529113247863247427e-01 6.588319088319088621e-03 7.745726495726495964e-03
0.000000000000000000e+00 8.221153846153845812e-01 6.577190170940171443e-01 7.122507122507122646e-03 8.279914529914529989e-03
0.000000000000000000e+00 8.622685185185184897e-01 6.350160256410256610e-01 3.739316239316239476e-03 9.882478632478632063e-03
0.000000000000000000e+00 8.609330484330484090e-01 5.964209401709401615e-01 3.205128205128205017e-03 8.547008547008547868e-03
0.000000000000000000e+00 8.689458689458688934e-01 6.020299145299145005e-01 4.273504273504273934e-03 1.068376068376068397e-02
0.000000000000000000e+00 8.688568376068376287e-01 6.133814102564102422e-01 7.300569800569800365e-03 7.211538461538461939e-03
0.000000000000000000e+00 8.768696581196581130e-01 5.766559829059828557e-01 4.095441595441595348e-03 8.547008547008547868e-03
0.000000000000000000e+00 9.765847578347578439e-01 6.089743589743589203e-01 6.588319088319088621e-03 6.410256410256410034e-03
0.000000000000000000e+00 9.656339031339031820e-01 6.272702991452991927e-01 4.985754985754985678e-03 1.201923076923076990e-02
0.000000000000000000e+00 9.633190883190883014e-01 6.458333333333333703e-01 4.629629629629629373e-03 1.014957264957264994e-02
0.000000000000000000e+00 4.748041310541310511e-01 7.569444444444444198e-01 3.739316239316239476e-03 1.175213675213675202e-02
0.000000000000000000e+00 4.838853276353276556e-01 7.569444444444444198e-01 3.383190883190883170e-03 1.068376068376068397e-02
0.000000000000000000e+00 4.884259259259259300e-01 7.569444444444444198e-01 3.561253561253561323e-03 1.014957264957264994e-02
0.000000000000000000e+00 4.967948717948718063e-01 7.552083333333333703e-01 3.205128205128205017e-03 8.279914529914529989e-03
0.000000000000000000e+00 5.016915954415954726e-01 7.552083333333333703e-01 3.383190883190883170e-03 9.348290598290598039e-03
0.000000000000000000e+00 4.310897435897436125e-01 7.548076923076922906e-01 6.054131054131053728e-03 5.341880341880341984e-03
0.000000000000000000e+00 4.315349002849002691e-01 7.673611111111111605e-01 6.232193732193732315e-03 5.341880341880341984e-03
0.000000000000000000e+00 4.591346153846153633e-01 7.843215811965812412e-01 3.739316239316239476e-03 1.095085470085470011e-02
0.000000000000000000e+00 4.664351851851851749e-01 7.827190170940171443e-01 3.383190883190883170e-03 9.348290598290598039e-03
0.000000000000000000e+00 4.707086894586894332e-01 7.835202991452991927e-01 3.739316239316239476e-03 1.148504273504273587e-02
0.000000000000000000e+00 4.748041310541310511e-01 7.832532051282051766e-01 3.027065527065526864e-03 9.882478632478632063e-03
0.000000000000000000e+00 4.834401709401709435e-01 7.823183760683760646e-01 3.205128205128205017e-03 1.068376068376068397e-02
0.000000000000000000e+00 4.941239316239316448e-01 7.832532051282051766e-01 3.561253561253561323e-03 9.348290598290598039e-03
0.000000000000000000e+00 4.550391737891738009e-01 7.976762820512820484e-01 3.383190883190883170e-03 9.348290598290598039e-03
0.000000000000000000e+00 4.790776353276353094e-01 7.968750000000000000e-01 3.383190883190883170e-03 9.882478632478632063e-03
0.000000000000000000e+00 4.829950142450142314e-01 7.963408119658119677e-01 3.383190883190883170e-03 1.041666666666666609e-02
0.000000000000000000e+00 4.892272079772079785e-01 7.954059829059828557e-01 3.027065527065526864e-03 9.081196581196581893e-03
0.000000000000000000e+00 4.951923076923077094e-01 7.955395299145299193e-01 3.917378917378917629e-03 9.348290598290598039e-03
0.000000000000000000e+00 4.993767806267806475e-01 7.963408119658119677e-01 3.027065527065526864e-03 1.201923076923076990e-02
0.000000000000000000e+00 4.478276353276353094e-01 8.245192307692307265e-01 3.561253561253561323e-03 9.615384615384615918e-03
0.000000000000000000e+00 4.852207977207977363e-01 8.225160256410256610e-01 3.561253561253561323e-03 1.201923076923076990e-02
0.000000000000000000e+00 4.945690883190883014e-01 8.213141025641025328e-01 3.383190883190883170e-03 9.615384615384615918e-03
0.000000000000000000e+00 4.990206552706552556e-01 8.217147435897436125e-01 3.739316239316239476e-03 1.148504273504273587e-02
0.000000000000000000e+00 5.698005698005698116e-01 6.712072649572649041e-01 3.917378917378917629e-03 9.615384615384615918e-03
0.000000000000000000e+00 5.789707977207977363e-01 7.256944444444444198e-01 3.739316239316239476e-03 1.068376068376068397e-02
0.000000000000000000e+00 5.884081196581196771e-01 7.255608974358974672e-01 3.383190883190883170e-03 1.095085470085470011e-02
0.000000000000000000e+00 5.924145299145299193e-01 7.255608974358974672e-01 3.561253561253561323e-03 9.882478632478632063e-03
0.000000000000000000e+00 5.962428774928775210e-01 7.256944444444444198e-01 3.027065527065526864e-03 1.068376068376068397e-02
0.000000000000000000e+00 6.007834757834757955e-01 7.250267094017094349e-01 3.561253561253561323e-03 1.041666666666666609e-02
0.000000000000000000e+00 8.103632478632478708e-01 6.705395299145299193e-01 9.971509971509971357e-03 9.348290598290598039e-03
0.000000000000000000e+00 8.469551282051281937e-01 6.925747863247863068e-01 7.300569800569800365e-03 6.944444444444444059e-03
0.000000000000000000e+00 8.381410256410256610e-01 6.870993589743589203e-01 7.122507122507122646e-03 7.211538461538461939e-03
0.000000000000000000e+00 8.302172364672364413e-01 8.219818376068376287e-01 6.944444444444444059e-03 4.540598290598290947e-03
0.000000000000000000e+00 8.224715099715099731e-01 8.282585470085470636e-01 6.410256410256410034e-03 4.807692307692307959e-03
0.000000000000000000e+00 9.007300569800569257e-01 7.041933760683760646e-01 7.300569800569800365e-03 7.745726495726495964e-03
0.000000000000000000e+00 8.790954415954416179e-01 7.174145299145299193e-01 4.985754985754985678e-03 1.175213675213675202e-02
0.000000000000000000e+00 8.824786324786324521e-01 7.192841880341880323e-01 3.917378917378917629e-03 1.014957264957264994e-02
0.000000000000000000e+00 8.899572649572649041e-01 7.250267094017094349e-01 5.341880341880341984e-03 1.041666666666666609e-02
0.000000000000000000e+00 8.936075498575498655e-01 7.268963675213675479e-01 5.163817663817663398e-03 1.095085470085470011e-02
0.000000000000000000e+00 8.972578347578347158e-01 7.295673076923077094e-01 3.917378917378917629e-03 9.348290598290598039e-03
0.000000000000000000e+00 9.041132478632478708e-01 7.323717948717948234e-01 4.807692307692307959e-03 1.121794871794871799e-02
0.000000000000000000e+00 9.266381766381766028e-01 7.905982905982905651e-01 6.766381766381766340e-03 5.876068376068376009e-03
0.000000000000000000e+00 9.599358974358974672e-01 8.051549145299145005e-01 3.205128205128205017e-03 9.348290598290598039e-03
0.000000000000000000e+00 9.569088319088319139e-01 8.251869658119658224e-01 7.478632478632478951e-03 7.211538461538461939e-03
0.000000000000000000e+00 9.826388888888888395e-01 8.348023504273504036e-01 6.944444444444444059e-03 6.143162393162393022e-03
0.000000000000000000e+00 2.831196581196581200e-02 9.079861111111111605e-01 6.410256410256410034e-03 6.143162393162393022e-03
0.000000000000000000e+00 4.139957264957264821e-02 9.123931623931623713e-01 5.163817663817663398e-03 1.228632478632478604e-02
0.000000000000000000e+00 4.549501424501424529e-02 9.145299145299145005e-01 5.163817663817663398e-03 1.068376068376068397e-02
0.000000000000000000e+00 4.878917378917378700e-02 9.173344017094017255e-01 4.985754985754985678e-03 1.095085470085470011e-02
0.000000000000000000e+00 5.324074074074074125e-02 9.193376068376067911e-01 5.341880341880341984e-03 1.068376068376068397e-02
0.000000000000000000e+00 3.374287749287749327e-02 8.860844017094017255e-01 5.876068376068376009e-03 6.143162393162393022e-03
0.000000000000000000e+00 4.513888888888888812e-02 9.014423076923077094e-01 4.451566951566951653e-03 9.615384615384615918e-03
0.000000000000000000e+00 5.252849002849002691e-02 9.050480769230768718e-01 4.273504273504273934e-03 1.095085470085470011e-02
0.000000000000000000e+00 5.698005698005698116e-02 9.078525641025640969e-01 4.273504273504273934e-03 9.615384615384615918e-03
0.000000000000000000e+00 6.000712250712250673e-02 9.122596153846154188e-01 4.985754985754985678e-03 1.041666666666666609e-02
0.000000000000000000e+00 6.347934472934473049e-02 9.129273504273504036e-01 4.451566951566951653e-03 1.068376068376068397e-02
0.000000000000000000e+00 6.739672364672365246e-02 9.149305555555555802e-01 4.807692307692307959e-03 1.095085470085470011e-02
0.000000000000000000e+00 1.816239316239316379e-02 9.445779914529914834e-01 6.766381766381766340e-03 6.143162393162393022e-03
0.000000000000000000e+00 1.798433048433048520e-02 9.511217948717948234e-01 8.190883190883190695e-03 6.944444444444444059e-03
0.000000000000000000e+00 2.279202279202279316e-02 9.581997863247863068e-01 4.629629629629629373e-03 8.279914529914529989e-03
0.000000000000000000e+00 2.857905982905982814e-02 9.567307692307692735e-01 4.807692307692307959e-03 1.014957264957264994e-02
0.000000000000000000e+00 3.231837606837607152e-02 9.540598290598291120e-01 4.807692307692307959e-03 1.175213675213675202e-02
0.000000000000000000e+00 3.668091168091167781e-02 9.531250000000000000e-01 4.273504273504273934e-03 1.095085470085470011e-02
0.000000000000000000e+00 4.068732193732193386e-02 9.511217948717948234e-01 5.163817663817663398e-03 1.014957264957264994e-02
0.000000000000000000e+00 4.798789173789173856e-02 9.464476495726495964e-01 5.519943019943019703e-03 1.041666666666666609e-02
0.000000000000000000e+00 5.217236467236466974e-02 9.464476495726495964e-01 4.629629629629629373e-03 1.041666666666666609e-02
0.000000000000000000e+00 5.537749287749287735e-02 9.453792735042735318e-01 3.917378917378917629e-03 9.348290598290598039e-03
0.000000000000000000e+00 5.947293447293447444e-02 9.429754273504273865e-01 4.985754985754985678e-03 1.041666666666666609e-02
0.000000000000000000e+00 6.383547008547008073e-02 9.413728632478632896e-01 5.163817663817663398e-03 1.041666666666666609e-02
0.000000000000000000e+00 6.864316239316239909e-02 9.392361111111111605e-01 5.163817663817663398e-03 1.095085470085470011e-02
0.000000000000000000e+00 7.229344729344729104e-02 9.372329059829059839e-01 4.985754985754985678e-03 1.228632478632478604e-02
0.000000000000000000e+00 7.790242165242165784e-02 9.337606837606837740e-01 4.807692307692307959e-03 1.014957264957264994e-02
0.000000000000000000e+00 8.288817663817664438e-02 9.326923076923077094e-01 4.095441595441595348e-03 9.081196581196581893e-03
0.000000000000000000e+00 8.725071225071225067e-02 9.320245726495726135e-01 5.698005698005698290e-03 1.201923076923076990e-02
0.000000000000000000e+00 9.143518518518518878e-02 9.308226495726495964e-01 4.095441595441595348e-03 8.547008547008547868e-03
0.000000000000000000e+00 9.668803418803419147e-02 9.268162393162393542e-01 7.122507122507122646e-03 8.012820512820512109e-03
0.000000000000000000e+00 9.597578347578347713e-02 9.165331196581196771e-01 7.122507122507122646e-03 7.211538461538461939e-03
0.000000000000000000e+00 3.774928774928774933e-02 8.711271367521367104e-01 5.698005698005698290e-03 8.814102564102564014e-03
0.000000000000000000e+00 1.112891737891737870e-01 9.695512820512820484e-01 7.478632478632478951e-03 6.410256410256410034e-03
0.000000000000000000e+00 4.065170940170940161e-01 9.718215811965812412e-01 7.834757834757835257e-03 5.608974358974358997e-03
0.000000000000000000e+00 4.064280626780626959e-01 9.787660256410256610e-01 7.656695156695156670e-03 6.143162393162393022e-03
0.000000000000000000e+00 4.509437321937321830e-01 9.061164529914529364e-01 3.383190883190883170e-03 9.882478632478632063e-03
0.000000000000000000e+00 4.699964387464387605e-01 9.078525641025640969e-01 3.383190883190883170e-03 1.014957264957264994e-02
0.000000000000000000e+00 4.818376068376068466e-01 9.079861111111111605e-01 4.273504273504273934e-03 1.095085470085470011e-02
0.000000000000000000e+00 5.062321937321937471e-01 8.510950854700854995e-01 4.985754985754985678e-03 1.148504273504273587e-02
0.000000000000000000e+00 8.217592592592593004e-01 8.417467948717948234e-01 6.054131054131053728e-03 5.074786324786324972e-03
0.000000000000000000e+00 9.920762108262107803e-01 8.380074786324785974e-01 8.368945868945869282e-03 6.677350427350427046e-03
0.000000000000000000e+00 9.829059829059828557e-01 9.842414529914529364e-01 2.849002849002849145e-03 9.081196581196581893e-03
0.000000000000000000e+00 3.472222222222222376e-02 8.794070512820513219e-01 7.478632478632478951e-03 8.279914529914529989e-03
0.000000000000000000e+00 2.875712250712250673e-02 9.019764957264957417e-01 5.519943019943019703e-03 5.876068376068376009e-03
0.000000000000000000e+00 4.789886039886039754e-02 9.047809829059828557e-01 4.629629629629629373e-03 9.882478632478632063e-03
0.000000000000000000e+00 1.762820512820512941e-01 8.563034188034187588e-01 4.985754985754985678e-03 5.876068376068376009e-03
0.000000000000000000e+00 4.069622507122507282e-01 9.862446581196581130e-01 6.232193732193732315e-03 6.143162393162393022e-03
0.000000000000000000e+00 5.647257834757835049e-01 6.713408119658119677e-01 4.451566951566951653e-03 8.814102564102564014e-03
0.000000000000000000e+00 9.082977207977207534e-01 1.658653846153846090e-01 7.478632478632478951e-03 6.410256410256410034e-03
0.000000000000000000e+00 9.204059829059828557e-01 4.767628205128204844e-02 5.341880341880341984e-03 1.308760683760683795e-02
0.000000000000000000e+00 9.195156695156695426e-01 8.346688034188033678e-02 4.273504273504273934e-03 1.201923076923076990e-02
0.000000000000000000e+00 9.431089743589743390e-01 1.653311965811965767e-01 6.232193732193732315e-03 6.410256410256410034e-03
0.000000000000000000e+00 9.207621082621082476e-01 9.573985042735042583e-01 8.190883190883190695e-03 1.041666666666666609e-02
0.000000000000000000e+00 9.581552706552706189e-01 6.828258547008546619e-01 3.917378917378917629e-03 8.814102564102564014e-03
