0.000000000000000000e+00 2.332621082621082545e-02 1.762820512820512803e-02 4.629629629629629373e-03 9.081196581196581893e-03
0.000000000000000000e+00 2.581908831908831872e-02 2.964743589743589619e-02 4.985754985754985678e-03 9.615384615384615918e-03
0.000000000000000000e+00 2.866809116809116917e-02 4.046474358974359170e-02 4.985754985754985678e-03 9.882478632478632063e-03
0.000000000000000000e+00 8.021723646723646906e-02 1.896367521367521222e-02 3.739316239316239476e-03 9.615384615384615918e-03
0.000000000000000000e+00 9.143518518518518878e-02 1.562500000000000000e-02 5.163817663817663398e-03 1.095085470085470011e-02
0.000000000000000000e+00 1.066595441595441646e-01 8.012820512820512109e-03 4.985754985754985678e-03 1.335470085470085409e-02
0.000000000000000000e+00 6.739672364672365246e-02 4.687500000000000000e-02 5.876068376068376009e-03 5.074786324786324972e-03
0.000000000000000000e+00 8.181980056980056593e-02 4.353632478632478431e-02 4.095441595441595348e-03 9.615384615384615918e-03
0.000000000000000000e+00 9.081196581196580853e-02 4.153311965811965628e-02 4.273504273504273934e-03 1.095085470085470011e-02
0.000000000000000000e+00 1.142272079772079785e-01 6.143162393162393022e-03 4.807692307692307959e-03 1.175213675213675202e-02
0.000000000000000000e+00 1.219729344729344744e-01 4.273504273504273934e-03 3.561253561253561323e-03 8.012820512820512109e-03
0.000000000000000000e+00 1.461004273504273587e-01 2.617521367521367590e-02 4.451566951566951653e-03 1.121794871794871799e-02
0.000000000000000000e+00 1.532229344729344744e-01 2.430555555555555594e-02 4.451566951566951653e-03 1.121794871794871799e-02
0.000000000000000000e+00 1.607905982905983022e-01 2.190170940170940023e-02 4.273504273504273934e-03 1.175213675213675202e-02
0.000000000000000000e+00 1.721866096866096763e-01 2.043269230769230796e-02 4.273504273504273934e-03 1.095085470085470011e-02
0.000000000000000000e+00 1.979166666666666574e-01 1.923076923076923184e-02 3.383190883190883170e-03 9.615384615384615918e-03
0.000000000000000000e+00 2.017450142450142314e-01 2.003205128205128374e-02 3.561253561253561323e-03 9.615384615384615918e-03
0.000000000000000000e+00 1.655092592592592726e-01 7.919337606837606458e-02 8.725071225071224720e-03 5.608974358974358997e-03
0.000000000000000000e+00 2.240918803418803507e-01 6.637286324786324798e-02 7.656695156695156670e-03 5.608974358974358997e-03
0.000000000000000000e+00 2.577457264957264682e-01 4.821047008547008766e-02 6.944444444444444059e-03 6.677350427350427046e-03
0.000000000000000000e+00 3.015491452991452825e-01 4.540598290598290426e-02 7.300569800569800365e-03 6.410256410256410034e-03
0.000000000000000000e+00 3.329772079772079785e-01 1.639957264957264960e-01 7.122507122507122646e-03 4.807692307692307959e-03
0.000000000000000000e+00 3.213141025641025883e-01 1.470352564102564152e-01 6.588319088319088621e-03 5.074786324786324972e-03
0.000000000000000000e+00 3.326210826210826421e-01 1.370192307692307820e-01 4.273504273504273934e-03 1.121794871794871799e-02
0.000000000000000000e+00 3.581730769230769273e-01 1.328792735042735040e-01 3.739316239316239476e-03 1.095085470085470011e-02
0.000000000000000000e+00 3.624465811965811857e-01 1.362179487179487059e-01 4.807692307692307959e-03 1.121794871794871799e-02
0.000000000000000000e+00 3.665420227920228036e-01 1.372863247863247982e-01 4.095441595441595348e-03 1.228632478632478604e-02
0.000000000000000000e+00 3.472222222222222099e-01 4.300213675213675202e-02 7.834757834757835257e-03 6.410256410256410034e-03
0.000000000000000000e+00 3.805199430199430188e-01 1.424946581196581130e-01 4.273504273504273934e-03 1.201923076923076990e-02
0.000000000000000000e+00 4.062500000000000000e-01 1.513087606837606736e-01 4.451566951566951653e-03 1.148504273504273587e-02
0.000000000000000000e+00 4.370548433048432879e-01 1.593215811965811857e-01 5.163817663817663398e-03 1.362179487179487197e-02
0.000000000000000000e+00 4.298433048433048520e-01 9.214743589743590313e-02 6.054131054131053728e-03 9.615384615384615918e-03
0.000000000000000000e+00 4.831730769230769273e-01 8.146367521367521916e-03 4.095441595441595348e-03 1.041666666666666609e-02
0.000000000000000000e+00 4.797008547008547175e-01 2.430555555555555594e-02 5.341880341880341984e-03 1.228632478632478604e-02
0.000000000000000000e+00 3.906695156695156879e-01 4.353632478632478431e-02 6.766381766381766340e-03 6.410256410256410034e-03
0.000000000000000000e+00 5.403311965811965489e-01 1.216613247863247843e-01 7.656695156695156670e-03 6.143162393162393022e-03
0.000000000000000000e+00 7.386930199430199462e-01 7.171474358974358476e-02 8.725071225071224720e-03 7.745726495726495964e-03
0.000000000000000000e+00 6.779736467236466835e-01 1.124465811965811995e-01 3.027065527065526864e-03 7.478632478632478951e-03
0.000000000000000000e+00 7.558760683760683552e-01 4.286858974358974395e-02 5.341880341880341984e-03 1.148504273504273587e-02
0.000000000000000000e+00 7.647792022792022637e-01 6.570512820512820762e-02 6.054131054131053728e-03 1.228632478632478604e-02
0.000000000000000000e+00 7.724358974358974672e-01 6.089743589743589619e-02 5.698005698005698290e-03 1.228632478632478604e-02
0.000000000000000000e+00 7.767094017094017255e-01 5.929487179487179238e-02 4.629629629629629373e-03 1.121794871794871799e-02
0.000000000000000000e+00 7.978098290598291120e-01 3.352029914529914417e-02 5.163817663817663398e-03 1.148504273504273587e-02
0.000000000000000000e+00 8.455306267806267373e-01 4.527243589743589619e-02 4.451566951566951653e-03 1.041666666666666609e-02
0.000000000000000000e+00 8.319088319088319139e-01 4.580662393162392848e-02 3.561253561253561323e-03 1.041666666666666609e-02
0.000000000000000000e+00 8.313746438746438816e-01 1.028311965811965767e-01 5.698005698005698290e-03 5.341880341880341984e-03
0.000000000000000000e+00 8.594195156695156879e-01 1.107104700854700807e-01 6.944444444444444059e-03 6.143162393162393022e-03
0.000000000000000000e+00 9.100783475783476018e-01 1.203258547008547036e-01 6.766381766381766340e-03 5.608974358974358997e-03
0.000000000000000000e+00 9.345619658119658224e-01 1.251335470085470081e-01 6.944444444444444059e-03 6.143162393162393022e-03
0.000000000000000000e+00 9.459579772079772519e-01 1.267361111111111049e-01 9.437321937321937332e-03 7.211538461538461939e-03
0.000000000000000000e+00 9.565527065527065220e-01 1.284722222222222099e-01 6.054131054131053728e-03 5.341880341880341984e-03
0.000000000000000000e+00 9.672364672364672789e-01 1.303418803418803507e-01 9.615384615384615918e-03 8.547008547008547868e-03
0.000000000000000000e+00 9.748041310541311066e-01 1.318108974358974395e-01 6.588319088319088621e-03 5.074786324786324972e-03
0.000000000000000000e+00 9.960826210826211335e-01 1.355502136752136655e-01 7.478632478632478951e-03 6.143162393162393022e-03
0.000000000000000000e+00 1.241096866096866036e-01 1.718750000000000000e-01 6.410256410256410034e-03 8.279914529914529989e-03
0.000000000000000000e+00 1.286502849002849058e-01 1.705395299145299193e-01 5.876068376068376009e-03 7.745726495726495964e-03
0.000000000000000000e+00 1.728988603988604045e-01 1.989850427350427220e-01 4.273504273504273934e-03 1.014957264957264994e-02
0.000000000000000000e+00 2.733262108262108359e-01 1.920405982905983022e-01 6.766381766381766340e-03 6.410256410256410034e-03
0.000000000000000000e+00 2.669159544159543929e-01 2.286324786324786251e-01 6.766381766381766340e-03 6.944444444444444059e-03
0.000000000000000000e+00 2.616631054131053902e-01 2.658920940170940161e-01 6.588319088319088621e-03 6.677350427350427046e-03
0.000000000000000000e+00 4.046474358974359031e-01 1.784188034188034233e-01 5.876068376068376009e-03 6.944444444444444059e-03
0.000000000000000000e+00 4.490740740740740700e-01 1.793536324786324798e-01 8.547008547008547868e-03 6.677350427350427046e-03
0.000000000000000000e+00 4.449786324786324521e-01 1.953792735042735040e-01 7.834757834757835257e-03 7.745726495726495964e-03
0.000000000000000000e+00 4.020655270655270619e-01 3.141025641025640969e-01 4.985754985754985678e-03 1.068376068376068397e-02
0.000000000000000000e+00 4.084757834757834494e-01 2.907318376068376287e-01 5.341880341880341984e-03 1.148504273504273587e-02
0.000000000000000000e+00 4.163995726495726690e-01 3.259882478632478708e-01 7.656695156695156670e-03 7.211538461538461939e-03
0.000000000000000000e+00 6.543803418803418870e-01 1.709401709401709435e-01 3.917378917378917629e-03 1.228632478632478604e-02
0.000000000000000000e+00 6.629273504273504036e-01 1.704059829059829112e-01 3.917378917378917629e-03 1.175213675213675202e-02
0.000000000000000000e+00 6.793981481481481399e-01 1.705395299145299193e-01 3.739316239316239476e-03 1.041666666666666609e-02
0.000000000000000000e+00 6.915064102564102422e-01 1.684027777777777901e-01 3.383190883190883170e-03 1.095085470085470011e-02
0.000000000000000000e+00 7.866809116809116986e-01 2.218215811965811857e-01 4.629629629629629373e-03 1.041666666666666609e-02
0.000000000000000000e+00 7.897079772079772519e-01 2.482638888888888951e-01 4.273504273504273934e-03 9.348290598290598039e-03
0.000000000000000000e+00 7.918447293447293811e-01 2.630876068376068466e-01 3.561253561253561323e-03 1.121794871794871799e-02
0.000000000000000000e+00 8.023504273504273865e-01 2.972756410256410242e-01 3.917378917378917629e-03 1.014957264957264994e-02
0.000000000000000000e+00 8.085826210826211335e-01 3.011485042735042583e-01 4.273504273504273934e-03 1.255341880341880392e-02
0.000000000000000000e+00 8.008368945868945543e-01 3.321314102564102422e-01 4.451566951566951653e-03 1.201923076923076990e-02
0.000000000000000000e+00 8.062678062678062529e-01 2.827190170940170888e-01 4.629629629629629373e-03 1.255341880341880392e-02
0.000000000000000000e+00 8.040420227920227481e-01 2.661591880341880323e-01 3.383190883190883170e-03 1.095085470085470011e-02
0.000000000000000000e+00 8.023504273504273865e-01 2.522702991452991372e-01 3.917378917378917629e-03 1.148504273504273587e-02
0.000000000000000000e+00 8.953881766381766028e-01 1.700053418803418870e-01 5.163817663817663398e-03 1.255341880341880392e-02
0.000000000000000000e+00 9.028668091168091658e-01 1.778846153846153910e-01 4.451566951566951653e-03 1.014957264957264994e-02
0.000000000000000000e+00 9.098112535612535856e-01 3.062232905982906206e-01 4.807692307692307959e-03 1.041666666666666609e-02
0.000000000000000000e+00 9.121260683760683552e-01 3.229166666666666852e-01 3.383190883190883170e-03 1.014957264957264994e-02
0.000000000000000000e+00 9.052706552706553111e-01 2.716346153846153633e-01 3.561253561253561323e-03 9.081196581196581893e-03
0.000000000000000000e+00 9.028668091168091658e-01 2.517361111111111049e-01 4.451566951566951653e-03 1.201923076923076990e-02
0.000000000000000000e+00 3.366274928774928843e-01 3.454861111111111049e-01 5.876068376068376009e-03 5.608974358974358997e-03
0.000000000000000000e+00 3.467770655270655533e-01 3.480235042735042583e-01 7.300569800569800365e-03 8.012820512820512109e-03
0.000000000000000000e+00 3.552350427350427498e-01 3.449519230769230727e-01 5.341880341880341984e-03 1.041666666666666609e-02
0.000000000000000000e+00 3.713497150997150942e-01 3.538995726495726690e-01 6.232193732193732315e-03 5.341880341880341984e-03
0.000000000000000000e+00 3.546118233618233417e-01 3.727297008547008628e-01 4.095441595441595348e-03 1.095085470085470011e-02
0.000000000000000000e+00 3.839921652421652287e-01 3.506944444444444198e-01 6.944444444444444059e-03 9.081196581196581893e-03
0.000000000000000000e+00 4.052706552706552556e-01 3.494925213675213471e-01 4.629629629629629373e-03 1.308760683760683795e-02
0.000000000000000000e+00 4.106125356125356340e-01 3.616452991452991372e-01 7.478632478632478951e-03 5.876068376068376009e-03
0.000000000000000000e+00 3.950320512820512664e-01 3.758012820512820484e-01 4.095441595441595348e-03 1.121794871794871799e-02
0.000000000000000000e+00 6.424501424501424252e-01 3.406784188034188143e-01 3.917378917378917629e-03 1.095085470085470011e-02
0.000000000000000000e+00 7.341524216524216717e-01 4.123931623931623713e-01 3.205128205128205017e-03 8.547008547008547868e-03
0.000000000000000000e+00 7.388710826210825866e-01 4.089209401709401615e-01 3.383190883190883170e-03 1.121794871794871799e-02
0.000000000000000000e+00 6.538461538461538547e-01 4.615384615384615641e-01 4.629629629629629373e-03 1.121794871794871799e-02
0.000000000000000000e+00 7.378917378917378977e-01 4.511217948717948789e-01 8.547008547008547868e-03 8.012820512820512109e-03
0.000000000000000000e+00 7.437678062678062529e-01 4.559294871794871695e-01 7.122507122507122646e-03 7.478632478632478951e-03
0.000000000000000000e+00 7.571225071225071712e-01 3.951655982905982745e-01 5.698005698005698290e-03 2.216880341880341984e-02
0.000000000000000000e+00 8.061787749287748772e-01 4.869123931623931534e-01 3.027065527065526864e-03 9.615384615384615918e-03
0.000000000000000000e+00 8.026175213675214026e-01 3.454861111111111049e-01 4.807692307692307959e-03 1.201923076923076990e-02
0.000000000000000000e+00 8.141025641025640969e-01 3.446848290598290565e-01 5.341880341880341984e-03 1.308760683760683795e-02
0.000000000000000000e+00 9.058048433048433434e-01 3.421474358974359031e-01 3.917378917378917629e-03 9.615384615384615918e-03
0.000000000000000000e+00 9.171118233618233972e-01 4.822382478632478708e-01 3.739316239316239476e-03 9.882478632478632063e-03
0.000000000000000000e+00 1.577635327635327767e-01 6.359508547008546619e-01 4.629629629629629373e-03 1.068376068376068397e-02
0.000000000000000000e+00 1.867877492877492995e-01 5.930822649572649041e-01 6.054131054131053728e-03 5.074786324786324972e-03
0.000000000000000000e+00 6.624821937321937471e-01 5.516826923076922906e-01 4.095441595441595348e-03 8.814102564102564014e-03
0.000000000000000000e+00 6.637286324786324521e-01 5.647702991452991927e-01 4.451566951566951653e-03 9.882478632478632063e-03
0.000000000000000000e+00 6.667556980056980054e-01 5.954861111111111605e-01 4.095441595441595348e-03 9.882478632478632063e-03
0.000000000000000000e+00 6.720975783475783283e-01 6.498397435897436125e-01 4.451566951566951653e-03 1.068376068376068397e-02
0.000000000000000000e+00 8.043091168091167642e-01 5.539529914529914834e-01 3.917378917378917629e-03 9.615384615384615918e-03
0.000000000000000000e+00 8.038639601139601076e-01 5.662393162393162260e-01 3.383190883190883170e-03 1.121794871794871799e-02
0.000000000000000000e+00 8.154380341880341776e-01 5.841346153846154188e-01 3.739316239316239476e-03 1.175213675213675202e-02
0.000000000000000000e+00 9.170227920227920215e-01 5.094818376068376287e-01 3.917378917378917629e-03 1.148504273504273587e-02
0.000000000000000000e+00 9.158653846153845812e-01 5.260416666666666297e-01 4.451566951566951653e-03 1.255341880341880392e-02
0.000000000000000000e+00 9.155092592592593004e-01 5.540865384615384359e-01 3.383190883190883170e-03 8.814102564102564014e-03
0.000000000000000000e+00 9.145299145299145005e-01 5.799946581196581130e-01 3.917378917378917629e-03 1.095085470085470011e-02
0.000000000000000000e+00 9.136396011396011874e-01 6.041666666666666297e-01 4.273504273504273934e-03 1.175213675213675202e-02
0.000000000000000000e+00 9.129273504273504036e-01 6.189903846153845812e-01 3.917378917378917629e-03 1.255341880341880392e-02
0.000000000000000000e+00 9.025997150997151497e-01 6.526442307692307265e-01 3.917378917378917629e-03 8.814102564102564014e-03
0.000000000000000000e+00 9.023326210826211335e-01 6.646634615384615641e-01 4.095441595441595348e-03 1.041666666666666609e-02
0.000000000000000000e+00 9.116809116809116986e-01 6.530448717948718063e-01 3.561253561253561323e-03 9.615384615384615918e-03
0.000000000000000000e+00 3.857727920227920215e-01 7.508012820512820484e-01 4.095441595441595348e-03 1.228632478632478604e-02
0.000000000000000000e+00 6.144052706552706189e-01 8.230502136752136932e-01 6.944444444444444059e-03 9.882478632478632063e-03
0.000000000000000000e+00 6.137820512820513219e-01 8.307959401709401615e-01 5.341880341880341984e-03 8.279914529914529989e-03
0.000000000000000000e+00 6.367521367521367104e-01 7.963408119658119677e-01 6.054131054131053728e-03 5.608974358974358997e-03
0.000000000000000000e+00 6.457443019943019946e-01 7.943376068376067911e-01 8.012820512820512109e-03 5.341880341880341984e-03
0.000000000000000000e+00 6.549145299145299193e-01 7.923344017094017255e-01 7.478632478632478951e-03 5.608974358974358997e-03
0.000000000000000000e+00 6.826923076923077094e-01 7.848557692307692735e-01 6.766381766381766340e-03 6.677350427350427046e-03
0.000000000000000000e+00 6.653311965811965489e-01 7.640224358974359031e-01 6.944444444444444059e-03 5.608974358974358997e-03
0.000000000000000000e+00 6.461894586894586512e-01 7.672275641025640969e-01 5.698005698005698290e-03 4.540598290598290947e-03
0.000000000000000000e+00 7.440349002849002691e-01 8.206463675213675479e-01 3.027065527065526864e-03 9.882478632478632063e-03
0.000000000000000000e+00 7.183048433048433434e-01 7.525373931623932089e-01 6.766381766381766340e-03 5.608974358974358997e-03
0.000000000000000000e+00 7.264066951566952035e-01 7.502670940170940161e-01 7.300569800569800365e-03 5.876068376068376009e-03
0.000000000000000000e+00 8.183760683760683552e-01 6.924412393162393542e-01 3.561253561253561323e-03 1.041666666666666609e-02
0.000000000000000000e+00 8.361823361823361722e-01 7.138087606837606458e-01 6.410256410256410034e-03 5.608974358974358997e-03
0.000000000000000000e+00 9.121260683760683552e-01 6.694711538461538547e-01 5.163817663817663398e-03 1.362179487179487197e-02
0.000000000000000000e+00 9.868233618233618332e-01 7.104700854700854995e-01 6.054131054131053728e-03 5.876068376068376009e-03
0.000000000000000000e+00 9.965277777777777901e-01 7.112713675213675479e-01 6.232193732193732315e-03 5.341880341880341984e-03
0.000000000000000000e+00 9.521901709401708880e-01 7.077991452991453381e-01 8.725071225071224720e-03 6.410256410256410034e-03
0.000000000000000000e+00 9.480056980056980054e-01 7.345085470085470636e-01 6.410256410256410034e-03 4.807692307692307959e-03
0.000000000000000000e+00 9.335826210826211335e-01 7.334401709401708880e-01 7.834757834757835257e-03 5.341880341880341984e-03
0.000000000000000000e+00 9.147970085470085166e-01 7.337072649572649041e-01 6.944444444444444059e-03 5.876068376068376009e-03
0.000000000000000000e+00 8.888888888888888395e-01 7.351762820512820484e-01 8.190883190883190695e-03 5.608974358974358997e-03
0.000000000000000000e+00 9.001068376068376287e-01 7.342414529914529364e-01 6.410256410256410034e-03 4.807692307692307959e-03
0.000000000000000000e+00 3.575498575498575748e-01 9.795673076923077094e-01 3.205128205128205017e-03 9.348290598290598039e-03
0.000000000000000000e+00 4.515669515669515910e-01 9.129273504273504036e-01 6.054131054131053728e-03 5.876068376068376009e-03
0.000000000000000000e+00 4.728454415954416179e-01 9.225427350427350959e-01 3.739316239316239476e-03 9.615384615384615918e-03
0.000000000000000000e+00 4.778311965811966044e-01 9.242788461538461453e-01 3.739316239316239476e-03 1.041666666666666609e-02
0.000000000000000000e+00 4.820156695156695426e-01 9.262820512820513219e-01 3.561253561253561323e-03 1.068376068376068397e-02
0.000000000000000000e+00 6.011396011396011874e-01 8.448183760683760646e-01 2.492877492877492839e-03 7.478632478632478951e-03
0.000000000000000000e+00 6.149394586894586512e-01 8.592414529914529364e-01 4.807692307692307959e-03 8.012820512820512109e-03
0.000000000000000000e+00 6.150284900284900269e-01 8.771367521367521292e-01 4.985754985754985678e-03 8.547008547008547868e-03
0.000000000000000000e+00 5.948183760683760646e-01 9.464476495726495964e-01 5.876068376068376009e-03 8.814102564102564014e-03
0.000000000000000000e+00 6.133368945868945543e-01 9.919871794871795156e-01 6.588319088319088621e-03 8.547008547008547868e-03
0.000000000000000000e+00 6.496616809116808611e-01 9.341613247863247427e-01 7.300569800569800365e-03 5.608974358974358997e-03
0.000000000000000000e+00 6.498397435897436125e-01 9.407051282051281937e-01 6.232193732193732315e-03 5.341880341880341984e-03
0.000000000000000000e+00 6.414707977207977363e-01 9.528579059829059839e-01 4.095441595441595348e-03 1.041666666666666609e-02
0.000000000000000000e+00 6.461894586894586512e-01 9.525908119658119677e-01 3.917378917378917629e-03 9.882478632478632063e-03
0.000000000000000000e+00 6.420049857549857686e-01 9.858440170940171443e-01 7.656695156695156670e-03 5.341880341880341984e-03
0.000000000000000000e+00 7.288995726495726135e-01 9.561965811965812412e-01 5.519943019943019703e-03 1.388888888888888812e-02
0.000000000000000000e+00 7.336182336182336394e-01 9.433760683760683552e-01 4.629629629629629373e-03 1.121794871794871799e-02
0.000000000000000000e+00 7.420762108262107803e-01 8.794070512820513219e-01 4.451566951566951653e-03 1.308760683760683795e-02
0.000000000000000000e+00 9.831730769230768718e-01 9.440438034188034511e-01 4.451566951566951653e-03 1.148504273504273587e-02
0.000000000000000000e+00 9.819266381766381668e-01 9.580662393162393542e-01 3.739316239316239476e-03 1.014957264957264994e-02
0.000000000000000000e+00 1.663105413105413211e-01 2.047275641025640969e-01 7.478632478632478951e-03 1.682692307692307612e-02
0.000000000000000000e+00 1.872329059829059839e-01 2.016559829059829181e-02 3.739316239316239476e-03 8.814102564102564014e-03
0.000000000000000000e+00 3.717058404558404305e-01 3.782051282051281937e-01 4.451566951566951653e-03 1.068376068376068397e-02
0.000000000000000000e+00 3.666310541310541238e-01 9.078525641025640969e-01 5.698005698005698290e-03 1.495726495726495790e-02
0.000000000000000000e+00 4.540598290598290565e-01 7.620192307692307265e-01 7.478632478632478951e-03 6.410256410256410034e-03
0.000000000000000000e+00 4.851317663817663606e-01 7.731036324786324521e-01 7.300569800569800365e-03 7.745726495726495964e-03
0.000000000000000000e+00 5.082799145299145005e-01 7.815170940170940161e-01 6.944444444444444059e-03 6.944444444444444059e-03
0.000000000000000000e+00 6.250890313390313757e-01 7.696314102564102422e-01 8.012820512820512109e-03 7.211538461538461939e-03
0.000000000000000000e+00 6.733440170940171443e-01 7.869925213675214026e-01 6.588319088319088621e-03 5.608974358974358997e-03
0.000000000000000000e+00 6.407585470085470636e-01 3.123664529914529919e-01 3.739316239316239476e-03 9.348290598290598039e-03
0.000000000000000000e+00 7.094907407407406996e-01 7.542735042735042583e-01 6.232193732193732315e-03 5.876068376068376009e-03
0.000000000000000000e+00 7.435007122507122368e-01 8.327991452991453381e-01 3.739316239316239476e-03 1.068376068376068397e-02
0.000000000000000000e+00 7.433226495726495964e-01 8.502938034188034511e-01 4.451566951566951653e-03 1.362179487179487197e-02
0.000000000000000000e+00 8.787393162393162260e-01 7.350427350427350959e-01 8.190883190883190695e-03 5.341880341880341984e-03
0.000000000000000000e+00 9.861111111111111605e-01 9.118589743589743390e-01 4.985754985754985678e-03 1.175213675213675202e-02
0.000000000000000000e+00 8.011930199430199462e-01 6.081730769230768718e-01 4.807692307692307959e-03 1.228632478632478604e-02
0.000000000000000000e+00 8.057336182336182206e-01 5.260416666666666297e-01 2.849002849002849145e-03 1.362179487179487197e-02
0.000000000000000000e+00 7.553418803418803229e-01 5.133547008547008073e-01 6.410256410256410034e-03 4.807692307692307959e-03
0.000000000000000000e+00 7.718126780626780592e-01 5.009348290598291120e-01 8.012820512820512109e-03 5.608974358974358997e-03
0.000000000000000000e+00 7.721688034188034511e-01 4.950587606837607013e-01 6.944444444444444059e-03 5.074786324786324972e-03
0.000000000000000000e+00 9.028668091168091658e-01 3.233173076923077094e-01 5.519943019943019703e-03 1.201923076923076990e-02
0.000000000000000000e+00 9.143518518518518601e-01 3.361378205128205399e-01 4.629629629629629373e-03 7.211538461538461939e-03
0.000000000000000000e+00 9.880698005698005382e-01 2.837873931623931534e-01 4.629629629629629373e-03 9.882478632478632063e-03
0.000000000000000000e+00 9.897613960113960108e-01 1.857638888888888951e-01 4.451566951566951653e-03 1.041666666666666609e-02
0.000000000000000000e+00 7.604166666666666297e-01 4.086538461538461592e-02 5.519943019943019703e-03 1.228632478632478604e-02
