0.000000000000000000e+00 1.869658119658119738e-03 1.416933760683760646e-01 3.027065527065526864e-03 1.041666666666666609e-02
0.000000000000000000e+00 7.870370370370370627e-02 1.618589743589743668e-01 8.190883190883190695e-03 6.944444444444444059e-03
0.000000000000000000e+00 4.683048433048433296e-02 1.236645299145299193e-01 4.273504273504273934e-03 1.068376068376068397e-02
0.000000000000000000e+00 1.152955840455840431e-01 6.370192307692307265e-02 5.163817663817663398e-03 1.255341880341880392e-02
0.000000000000000000e+00 1.201032763532763475e-01 6.396901709401708880e-02 3.383190883190883170e-03 1.148504273504273587e-02
0.000000000000000000e+00 1.079059829059829112e-01 9.829059829059828834e-02 4.629629629629629373e-03 1.121794871794871799e-02
0.000000000000000000e+00 1.169871794871794879e-01 9.895833333333332871e-02 3.917378917378917629e-03 1.148504273504273587e-02
0.000000000000000000e+00 1.032763532763532749e-01 1.112446581196581130e-01 4.273504273504273934e-03 1.201923076923076990e-02
0.000000000000000000e+00 1.081730769230769273e-01 1.103098290598290565e-01 4.095441595441595348e-03 1.014957264957264994e-02
0.000000000000000000e+00 1.039886039886039892e-01 1.395566239316239354e-01 4.273504273504273934e-03 1.201923076923076990e-02
0.000000000000000000e+00 9.526353276353276278e-02 1.517094017094016978e-01 4.273504273504273934e-03 1.068376068376068397e-02
0.000000000000000000e+00 9.918091168091168475e-02 1.530448717948718063e-01 4.273504273504273934e-03 1.175213675213675202e-02
0.000000000000000000e+00 1.037215099715099731e-01 1.537126068376068466e-01 4.095441595441595348e-03 1.041666666666666609e-02
0.000000000000000000e+00 1.121794871794871834e-01 1.531784188034188143e-01 3.561253561253561323e-03 1.041666666666666609e-02
0.000000000000000000e+00 1.785078347578347713e-01 1.148504273504273587e-02 4.807692307692307959e-03 1.121794871794871799e-02
0.000000000000000000e+00 1.817129629629629650e-01 2.377136752136752018e-02 5.163817663817663398e-03 1.228632478632478604e-02
0.000000000000000000e+00 1.847400284900284906e-01 3.806089743589743252e-02 5.876068376068376009e-03 1.308760683760683795e-02
0.000000000000000000e+00 1.976495726495726413e-01 8.814102564102564014e-03 7.478632478632478951e-03 8.547008547008547868e-03
0.000000000000000000e+00 2.012108262108261991e-01 2.163461538461538408e-02 6.410256410256410034e-03 6.410256410256410034e-03
0.000000000000000000e+00 2.022792022792022915e-01 2.670940170940170819e-02 6.410256410256410034e-03 7.478632478632478951e-03
0.000000000000000000e+00 2.088675213675213749e-01 5.168269230769230449e-02 6.410256410256410034e-03 7.211538461538461939e-03
0.000000000000000000e+00 2.164351851851851749e-01 8.560363247863247982e-02 7.300569800569800365e-03 8.279914529914529989e-03
0.000000000000000000e+00 2.181267806267806197e-01 9.228098290598291120e-02 6.766381766381766340e-03 6.677350427350427046e-03
0.000000000000000000e+00 2.196403133903133964e-01 9.775641025641025605e-02 6.588319088319088621e-03 6.944444444444444059e-03
0.000000000000000000e+00 2.362001424501424529e-01 1.625267094017094072e-01 4.807692307692307959e-03 5.608974358974358997e-03
0.000000000000000000e+00 2.375356125356125336e-01 1.689369658119658224e-01 8.903133903133903307e-03 8.279914529914529989e-03
0.000000000000000000e+00 2.452813390313390296e-01 3.205128205128205017e-03 7.656695156695156670e-03 5.341880341880341984e-03
0.000000000000000000e+00 2.506232193732193525e-01 2.644230769230769204e-02 7.300569800569800365e-03 8.012820512820512109e-03
0.000000000000000000e+00 2.643340455840456071e-01 1.482371794871794810e-02 4.451566951566951653e-03 7.211538461538461939e-03
0.000000000000000000e+00 2.540954415954416179e-01 4.273504273504273587e-02 6.766381766381766340e-03 7.478632478632478951e-03
0.000000000000000000e+00 2.708333333333333148e-01 3.632478632478632757e-02 5.341880341880341984e-03 9.615384615384615918e-03
0.000000000000000000e+00 2.743945868945869004e-01 5.515491452991452825e-02 6.410256410256410034e-03 1.148504273504273587e-02
0.000000000000000000e+00 2.731481481481481399e-01 4.460470085470085583e-02 5.698005698005698290e-03 1.121794871794871799e-02
0.000000000000000000e+00 2.666488603988603767e-01 9.201388888888889506e-02 8.012820512820512109e-03 9.348290598290598039e-03
0.000000000000000000e+00 2.751958689458689489e-01 1.306089743589743668e-01 7.300569800569800365e-03 8.012820512820512109e-03
0.000000000000000000e+00 2.889957264957264682e-01 1.199252136752136794e-01 9.259259259259258745e-03 1.709401709401709574e-02
0.000000000000000000e+00 3.335113960113960108e-01 1.446314102564102699e-01 8.190883190883190695e-03 7.745726495726495964e-03
0.000000000000000000e+00 3.266559829059829112e-01 1.599893162393162260e-01 4.451566951566951653e-03 1.175213675213675202e-02
0.000000000000000000e+00 3.345797720797720753e-01 1.598557692307692180e-01 3.561253561253561323e-03 1.308760683760683795e-02
0.000000000000000000e+00 3.390313390313390296e-01 1.594551282051281937e-01 3.917378917378917629e-03 1.068376068376068397e-02
0.000000000000000000e+00 3.634259259259259300e-01 1.436965811965811857e-01 8.190883190883190695e-03 5.876068376068376009e-03
0.000000000000000000e+00 3.508725071225071157e-01 1.589209401709401615e-01 4.807692307692307959e-03 1.282051282051282007e-02
0.000000000000000000e+00 3.551460113960113740e-01 1.579861111111111049e-01 3.739316239316239476e-03 8.814102564102564014e-03
0.000000000000000000e+00 3.594195156695156879e-01 1.577190170940170888e-01 3.739316239316239476e-03 9.348290598290598039e-03
0.000000000000000000e+00 3.676994301994301884e-01 1.582532051282051211e-01 3.917378917378917629e-03 1.095085470085470011e-02
0.000000000000000000e+00 3.718839031339031265e-01 1.582532051282051211e-01 4.451566951566951653e-03 1.095085470085470011e-02
0.000000000000000000e+00 3.764245014245014009e-01 1.587873931623931534e-01 4.273504273504273934e-03 1.148504273504273587e-02
0.000000000000000000e+00 3.846153846153846367e-01 1.573183760683760646e-01 4.273504273504273934e-03 1.121794871794871799e-02
0.000000000000000000e+00 3.834579772079771964e-01 1.411591880341880323e-01 6.588319088319088621e-03 6.143162393162393022e-03
0.000000000000000000e+00 3.937856125356125614e-01 1.391559829059829112e-01 7.656695156695156670e-03 6.944444444444444059e-03
0.000000000000000000e+00 4.051816239316239354e-01 1.561164529914529919e-01 3.739316239316239476e-03 9.882478632478632063e-03
0.000000000000000000e+00 3.972578347578347713e-01 1.573183760683760646e-01 3.917378917378917629e-03 1.175213675213675202e-02
0.000000000000000000e+00 4.242343304843304574e-01 1.601228632478632341e-01 7.656695156695156670e-03 6.143162393162393022e-03
0.000000000000000000e+00 4.249465811965811857e-01 1.663995726495726413e-01 7.300569800569800365e-03 5.341880341880341984e-03
0.000000000000000000e+00 5.587606837606837740e-01 1.211271367521367520e-01 8.547008547008547868e-03 7.211538461538461939e-03
0.000000000000000000e+00 6.121794871794872250e-01 1.473023504273504314e-01 8.547008547008547868e-03 7.211538461538461939e-03
0.000000000000000000e+00 6.120904558404558493e-01 1.545138888888888951e-01 7.300569800569800365e-03 5.074786324786324972e-03
0.000000000000000000e+00 6.455662393162393542e-01 1.334134615384615363e-01 6.588319088319088621e-03 6.677350427350427046e-03
0.000000000000000000e+00 7.295227920227920215e-01 1.368856837606837740e-01 8.547008547008547868e-03 7.211538461538461939e-03
0.000000000000000000e+00 7.631766381766381668e-01 1.469017094017094002e-02 9.971509971509971357e-03 6.944444444444444059e-03
0.000000000000000000e+00 9.959935897435897578e-01 5.916132478632478431e-02 6.232193732193732315e-03 1.415598290598290600e-02
0.000000000000000000e+00 7.567663817663817377e-03 1.790865384615384637e-01 4.095441595441595348e-03 1.095085470085470011e-02
0.000000000000000000e+00 1.184116809116809131e-02 1.788194444444444475e-01 5.519943019943019703e-03 1.255341880341880392e-02
0.000000000000000000e+00 1.273148148148148077e-02 1.913728632478632341e-01 4.807692307692307959e-03 1.041666666666666609e-02
0.000000000000000000e+00 8.457977207977208575e-03 2.214209401709401615e-01 4.807692307692307959e-03 1.014957264957264994e-02
0.000000000000000000e+00 4.362535612535612360e-03 2.222222222222222099e-01 4.095441595441595348e-03 9.615384615384615918e-03
0.000000000000000000e+00 9.472934472934473049e-02 1.812232905982905928e-01 3.561253561253561323e-03 1.041666666666666609e-02
0.000000000000000000e+00 9.944800569800570089e-02 1.814903846153846090e-01 3.383190883190883170e-03 1.095085470085470011e-02
0.000000000000000000e+00 1.038995726495726551e-01 1.818910256410256332e-01 4.095441595441595348e-03 1.175213675213675202e-02
0.000000000000000000e+00 1.082621082621082614e-01 1.809561965811965767e-01 3.917378917378917629e-03 1.041666666666666609e-02
0.000000000000000000e+00 1.128917378917378977e-01 1.813568376068376009e-01 3.205128205128205017e-03 1.068376068376068397e-02
0.000000000000000000e+00 9.437321937321936638e-02 1.937767094017094072e-01 3.917378917378917629e-03 1.041666666666666609e-02
0.000000000000000000e+00 9.980413105413105113e-02 1.933760683760683829e-01 3.739316239316239476e-03 9.615384615384615918e-03
0.000000000000000000e+00 1.036324786324786390e-01 1.945779914529914556e-01 3.561253561253561323e-03 1.095085470085470011e-02
0.000000000000000000e+00 1.084401709401709435e-01 1.936431623931623991e-01 4.273504273504273934e-03 1.014957264957264994e-02
0.000000000000000000e+00 1.063034188034188005e-01 2.202190170940170888e-01 3.561253561253561323e-03 7.745726495726495964e-03
0.000000000000000000e+00 2.392272079772079785e-01 1.746794871794871695e-01 8.368945868945869282e-03 8.547008547008547868e-03
0.000000000000000000e+00 2.570334757834757955e-01 2.809829059829059839e-01 4.807692307692307959e-03 1.121794871794871799e-02
0.000000000000000000e+00 2.599715099715099731e-01 2.939369658119658224e-01 5.341880341880341984e-03 1.095085470085470011e-02
0.000000000000000000e+00 2.629095441595441507e-01 3.055555555555555802e-01 5.163817663817663398e-03 1.121794871794871799e-02
0.000000000000000000e+00 3.037749287749287874e-01 3.139690170940170888e-01 4.985754985754985678e-03 4.006410256410256054e-03
0.000000000000000000e+00 3.188212250712250673e-01 3.107638888888888951e-01 4.451566951566951653e-03 1.041666666666666609e-02
0.000000000000000000e+00 3.279024216524216717e-01 3.080929487179487336e-01 4.451566951566951653e-03 1.148504273504273587e-02
0.000000000000000000e+00 3.174857549857549865e-01 2.851228632478632341e-01 3.561253561253561323e-03 8.814102564102564014e-03
0.000000000000000000e+00 3.287927350427350404e-01 2.812500000000000000e-01 5.163817663817663398e-03 1.068376068376068397e-02
0.000000000000000000e+00 3.453525641025640969e-01 2.748397435897436125e-01 5.163817663817663398e-03 1.282051282051282007e-02
0.000000000000000000e+00 3.530092592592592449e-01 2.724358974358974117e-01 5.163817663817663398e-03 1.228632478632478604e-02
0.000000000000000000e+00 3.469551282051281937e-01 3.042200854700854440e-01 4.451566951566951653e-03 9.615384615384615918e-03
0.000000000000000000e+00 3.613782051282051211e-01 2.696314102564102422e-01 4.451566951566951653e-03 1.095085470085470011e-02
0.000000000000000000e+00 3.693910256410256610e-01 2.666933760683760646e-01 4.095441595441595348e-03 1.201923076923076990e-02
0.000000000000000000e+00 3.737535612535612395e-01 2.664262820512820484e-01 4.273504273504273934e-03 1.095085470085470011e-02
0.000000000000000000e+00 4.245904558404558493e-01 1.725427350427350404e-01 7.656695156695156670e-03 5.341880341880341984e-03
0.000000000000000000e+00 3.777599715099715372e-01 2.656250000000000000e-01 4.095441595441595348e-03 1.041666666666666609e-02
0.000000000000000000e+00 3.817663817663817794e-01 2.640224358974359031e-01 4.273504273504273934e-03 1.041666666666666609e-02
0.000000000000000000e+00 3.855056980056980054e-01 2.629540598290598385e-01 3.561253561253561323e-03 1.041666666666666609e-02
0.000000000000000000e+00 3.985933048433048520e-01 2.628205128205128305e-01 4.451566951566951653e-03 1.014957264957264994e-02
0.000000000000000000e+00 3.857727920227920215e-01 2.942040598290598385e-01 4.451566951566951653e-03 1.255341880341880392e-02
0.000000000000000000e+00 3.940527065527065775e-01 2.931356837606837740e-01 4.273504273504273934e-03 1.201923076923076990e-02
0.000000000000000000e+00 4.013532763532763337e-01 2.892628205128205399e-01 4.629629629629629373e-03 1.228632478632478604e-02
0.000000000000000000e+00 4.135505698005698116e-01 2.887286324786324521e-01 4.451566951566951653e-03 1.068376068376068397e-02
0.000000000000000000e+00 4.530804843304843121e-01 2.664262820512820484e-01 6.944444444444444059e-03 5.608974358974358997e-03
0.000000000000000000e+00 4.298433048433048520e-01 2.900641025641025883e-01 3.205128205128205017e-03 1.068376068376068397e-02
0.000000000000000000e+00 4.407051282051281937e-01 2.892628205128205399e-01 3.917378917378917629e-03 1.121794871794871799e-02
0.000000000000000000e+00 4.448896011396011319e-01 2.887286324786324521e-01 4.451566951566951653e-03 1.228632478632478604e-02
0.000000000000000000e+00 4.857549857549857686e-01 2.027243589743589758e-01 9.971509971509971357e-03 8.012820512820512109e-03
0.000000000000000000e+00 5.787927350427350959e-01 3.153044871794871695e-01 9.081196581196581893e-03 6.677350427350427046e-03
0.000000000000000000e+00 6.117343304843304574e-01 1.808226495726495686e-01 8.725071225071224720e-03 6.410256410256410034e-03
0.000000000000000000e+00 6.116452991452991927e-01 1.993856837606837740e-01 7.834757834757835257e-03 6.143162393162393022e-03
0.000000000000000000e+00 6.630163817663817794e-01 1.830929487179487059e-01 7.300569800569800365e-03 6.143162393162393022e-03
0.000000000000000000e+00 6.600783475783476018e-01 2.012553418803418870e-01 6.410256410256410034e-03 6.143162393162393022e-03
0.000000000000000000e+00 6.714743589743589203e-01 3.321314102564102422e-01 7.478632478632478951e-03 6.143162393162393022e-03
0.000000000000000000e+00 6.848290598290598385e-01 3.334668803418803229e-01 7.122507122507122646e-03 5.608974358974358997e-03
0.000000000000000000e+00 7.061965811965812412e-01 3.352029914529914278e-01 7.478632478632478951e-03 5.876068376068376009e-03
0.000000000000000000e+00 7.248931623931623713e-01 3.365384615384615641e-01 7.834757834757835257e-03 5.341880341880341984e-03
0.000000000000000000e+00 7.088675213675214026e-01 2.622863247863247982e-01 4.985754985754985678e-03 1.175213675213675202e-02
0.000000000000000000e+00 7.235576923076922906e-01 2.705662393162392987e-01 6.588319088319088621e-03 5.876068376068376009e-03
0.000000000000000000e+00 7.264957264957264682e-01 2.455929487179487059e-01 8.547008547008547868e-03 7.745726495726495964e-03
0.000000000000000000e+00 7.296118233618233972e-01 2.275641025641025605e-01 7.656695156695156670e-03 6.944444444444444059e-03
0.000000000000000000e+00 7.106481481481481399e-01 2.485309829059829112e-01 4.629629629629629373e-03 8.814102564102564014e-03
0.000000000000000000e+00 7.316595441595441507e-01 2.072649572649572780e-01 8.190883190883190695e-03 7.478632478632478951e-03
0.000000000000000000e+00 1.491274928774928843e-01 4.569978632478632341e-01 8.368945868945869282e-03 6.410256410256410034e-03
0.000000000000000000e+00 1.850961538461538547e-01 4.572649572649572502e-01 6.944444444444444059e-03 4.807692307692307959e-03
0.000000000000000000e+00 2.054843304843304852e-01 4.572649572649572502e-01 7.122507122507122646e-03 4.807692307692307959e-03
0.000000000000000000e+00 2.170584045584045552e-01 4.690170940170940161e-01 6.054131054131053728e-03 4.807692307692307959e-03
0.000000000000000000e+00 3.660078347578347713e-01 3.394764957264957417e-01 8.368945868945869282e-03 5.876068376068376009e-03
0.000000000000000000e+00 3.612891737891738009e-01 4.449786324786324521e-01 6.410256410256410034e-03 9.081196581196581893e-03
0.000000000000000000e+00 3.662749287749287874e-01 4.432425213675213471e-01 6.410256410256410034e-03 8.279914529914529989e-03
0.000000000000000000e+00 3.534544159544159569e-01 4.694177350427350404e-01 6.054131054131053728e-03 5.074786324786324972e-03
0.000000000000000000e+00 4.568198005698005937e-01 3.404113247863247982e-01 8.012820512820512109e-03 5.608974358974358997e-03
0.000000000000000000e+00 4.124821937321937471e-01 4.748931623931623713e-01 3.739316239316239476e-03 1.068376068376068397e-02
0.000000000000000000e+00 5.724715099715099731e-01 4.282852564102563875e-01 6.766381766381766340e-03 5.074786324786324972e-03
0.000000000000000000e+00 5.844017094017094349e-01 4.467147435897436125e-01 7.834757834757835257e-03 5.608974358974358997e-03
0.000000000000000000e+00 5.845797720797720753e-01 4.184027777777777901e-01 4.985754985754985678e-03 1.095085470085470011e-02
0.000000000000000000e+00 6.113782051282051766e-01 4.150641025641025883e-01 4.451566951566951653e-03 1.175213675213675202e-02
0.000000000000000000e+00 6.158297720797720753e-01 4.184027777777777901e-01 5.519943019943019703e-03 1.095085470085470011e-02
0.000000000000000000e+00 6.209045584045583821e-01 4.197382478632478708e-01 4.985754985754985678e-03 1.255341880341880392e-02
0.000000000000000000e+00 5.460292022792022637e-01 4.595352564102563875e-01 8.012820512820512109e-03 6.143162393162393022e-03
0.000000000000000000e+00 5.213675213675214026e-01 4.744925213675213471e-01 7.834757834757835257e-03 6.677350427350427046e-03
0.000000000000000000e+00 6.825142450142450690e-01 3.697916666666666852e-01 7.122507122507122646e-03 1.041666666666666609e-02
0.000000000000000000e+00 6.349715099715099731e-01 4.257478632478632341e-01 4.985754985754985678e-03 1.175213675213675202e-02
0.000000000000000000e+00 6.618589743589743390e-01 4.352297008547008628e-01 4.985754985754985678e-03 1.201923076923076990e-02
0.000000000000000000e+00 6.765491452991453381e-01 4.531250000000000000e-01 7.656695156695156670e-03 6.677350427350427046e-03
0.000000000000000000e+00 6.598112535612535856e-01 4.639423076923077094e-01 6.232193732193732315e-03 6.410256410256410034e-03
0.000000000000000000e+00 6.939102564102563875e-01 4.451121794871794601e-01 6.054131054131053728e-03 1.362179487179487197e-02
0.000000000000000000e+00 7.064636752136752573e-01 4.654113247863247982e-01 8.012820512820512109e-03 8.279914529914529989e-03
0.000000000000000000e+00 7.011217948717948234e-01 4.826388888888888951e-01 9.793447293447292770e-03 8.012820512820512109e-03
0.000000000000000000e+00 8.220263532763533165e-01 4.139957264957264682e-01 4.451566951566951653e-03 1.175213675213675202e-02
0.000000000000000000e+00 9.962606837606837740e-01 3.850160256410256610e-01 7.478632478632478951e-03 6.677350427350427046e-03
0.000000000000000000e+00 9.631410256410256610e-01 3.818108974358974117e-01 5.698005698005698290e-03 5.074786324786324972e-03
0.000000000000000000e+00 9.508547008547008073e-01 3.811431623931623713e-01 8.190883190883190695e-03 5.341880341880341984e-03
0.000000000000000000e+00 9.464031339031339085e-01 3.977029914529914278e-01 4.273504273504273934e-03 1.121794871794871799e-02
0.000000000000000000e+00 9.417735042735042583e-01 3.978365384615384359e-01 3.917378917378917629e-03 1.148504273504273587e-02
0.000000000000000000e+00 9.231659544159543929e-01 4.006410256410256610e-01 4.095441595441595348e-03 1.228632478632478604e-02
0.000000000000000000e+00 9.271723646723646350e-01 3.989049145299145560e-01 3.917378917378917629e-03 1.095085470085470011e-02
0.000000000000000000e+00 9.234330484330484090e-01 4.278846153846153633e-01 4.629629629629629373e-03 1.175213675213675202e-02
0.000000000000000000e+00 9.252136752136752573e-01 4.557959401709401615e-01 4.273504273504273934e-03 1.148504273504273587e-02
0.000000000000000000e+00 9.423967236467236663e-01 4.561965811965811857e-01 4.451566951566951653e-03 1.121794871794871799e-02
0.000000000000000000e+00 9.554843304843304574e-01 4.548611111111111049e-01 3.917378917378917629e-03 1.068376068376068397e-02
0.000000000000000000e+00 9.369658119658119677e-01 4.001068376068376287e-01 3.561253561253561323e-03 9.615384615384615918e-03
0.000000000000000000e+00 9.416844729344728826e-01 4.282852564102563875e-01 3.739316239316239476e-03 9.882478632478632063e-03
0.000000000000000000e+00 9.459579772079772519e-01 4.268162393162392987e-01 4.095441595441595348e-03 1.121794871794871799e-02
0.000000000000000000e+00 3.044871794871794810e-02 5.769230769230768718e-01 8.547008547008547868e-03 5.341880341880341984e-03
0.000000000000000000e+00 4.431089743589743390e-01 5.231036324786324521e-01 6.588319088319088621e-03 6.677350427350427046e-03
0.000000000000000000e+00 5.149572649572649041e-01 5.125534188034187588e-01 6.766381766381766340e-03 6.410256410256410034e-03
0.000000000000000000e+00 6.233084045584045274e-01 6.455662393162393542e-01 7.300569800569800365e-03 6.410256410256410034e-03
0.000000000000000000e+00 6.064814814814815103e-01 6.360844017094017255e-01 4.985754985754985678e-03 1.095085470085470011e-02
0.000000000000000000e+00 5.977564102564102422e-01 6.390224358974359031e-01 7.834757834757835257e-03 8.279914529914529989e-03
0.000000000000000000e+00 5.864494301994301884e-01 6.360844017094017255e-01 6.232193732193732315e-03 5.608974358974358997e-03
0.000000000000000000e+00 6.057692307692307265e-01 6.649305555555555802e-01 4.273504273504273934e-03 1.041666666666666609e-02
0.000000000000000000e+00 6.742343304843304574e-01 5.625000000000000000e-01 4.807692307692307959e-03 1.068376068376068397e-02
0.000000000000000000e+00 6.624821937321937471e-01 5.803952991452991927e-01 5.519943019943019703e-03 1.121794871794871799e-02
0.000000000000000000e+00 6.559829059829059839e-01 6.053685897435897578e-01 4.985754985754985678e-03 1.095085470085470011e-02
0.000000000000000000e+00 6.701388888888888395e-01 6.169871794871795156e-01 9.081196581196581893e-03 8.012820512820512109e-03
0.000000000000000000e+00 6.587428774928775210e-01 6.414262820512820484e-01 5.163817663817663398e-03 1.308760683760683795e-02
0.000000000000000000e+00 6.640847578347578439e-01 6.543803418803418870e-01 8.368945868945869282e-03 6.410256410256410034e-03
0.000000000000000000e+00 6.362179487179486781e-01 6.428952991452991927e-01 6.766381766381766340e-03 8.547008547008547868e-03
0.000000000000000000e+00 8.751780626780626404e-01 5.257745726495726135e-01 3.917378917378917629e-03 1.201923076923076990e-02
0.000000000000000000e+00 6.230413105413105113e-01 6.709401709401708880e-01 4.629629629629629373e-03 1.014957264957264994e-02
0.000000000000000000e+00 6.477920227920227481e-01 6.682692307692307265e-01 4.629629629629629373e-03 1.121794871794871799e-02
0.000000000000000000e+00 9.128383190883191389e-01 7.588141025641025328e-01 4.451566951566951653e-03 1.175213675213675202e-02
0.000000000000000000e+00 9.967948717948718063e-01 7.088675213675214026e-01 4.273504273504273934e-03 1.068376068376068397e-02
0.000000000000000000e+00 3.923611111111111049e-01 9.286858974358974672e-01 4.807692307692307959e-03 1.175213675213675202e-02
0.000000000000000000e+00 9.212072649572649041e-01 8.525641025641025328e-01 3.383190883190883170e-03 9.081196581196581893e-03
0.000000000000000000e+00 9.245904558404558493e-01 8.978365384615384359e-01 4.807692307692307959e-03 1.095085470085470011e-02
0.000000000000000000e+00 9.605591168091167642e-01 9.811698717948718063e-01 7.300569800569800365e-03 8.279914529914529989e-03
