0.000000000000000000e+00 9.063390313390314035e-02 5.862713675213675202e-02 7.122507122507122646e-03 5.608974358974358997e-03
0.000000000000000000e+00 9.793447293447292770e-03 1.561164529914529919e-01 3.917378917378917629e-03 9.348290598290598039e-03
0.000000000000000000e+00 1.335470085470085409e-02 1.593215811965811857e-01 3.561253561253561323e-03 9.348290598290598039e-03
0.000000000000000000e+00 2.657585470085470081e-01 1.255341880341880392e-02 5.163817663817663398e-03 1.068376068376068397e-02
0.000000000000000000e+00 2.685185185185185452e-01 2.363782051282051211e-02 4.273504273504273934e-03 1.041666666666666609e-02
0.000000000000000000e+00 3.087606837606837740e-01 3.125000000000000000e-02 4.985754985754985678e-03 3.739316239316239476e-03
0.000000000000000000e+00 3.233618233618233417e-01 2.844551282051282007e-02 3.561253561253561323e-03 9.348290598290598039e-03
0.000000000000000000e+00 3.222934472934472772e-01 3.472222222222222029e-03 3.561253561253561323e-03 6.410256410256410034e-03
0.000000000000000000e+00 3.512286324786324521e-01 2.136752136752136794e-02 4.095441595441595348e-03 9.615384615384615918e-03
0.000000000000000000e+00 3.327991452991452825e-01 2.550747863247863206e-02 4.273504273504273934e-03 9.882478632478632063e-03
0.000000000000000000e+00 3.655626780626780592e-01 1.601228632478632341e-01 6.410256410256410034e-03 7.745726495726495964e-03
0.000000000000000000e+00 3.701923076923077094e-01 1.579861111111111049e-01 7.478632478632478951e-03 8.814102564102564014e-03
0.000000000000000000e+00 3.896901709401709435e-01 1.148504273504273587e-02 3.383190883190883170e-03 1.121794871794871799e-02
0.000000000000000000e+00 3.976139601139601076e-01 1.055021367521367590e-02 3.917378917378917629e-03 1.201923076923076990e-02
0.000000000000000000e+00 4.047364672364672233e-01 7.211538461538461939e-03 3.917378917378917629e-03 1.068376068376068397e-02
0.000000000000000000e+00 4.166666666666666852e-01 6.410256410256410034e-03 3.917378917378917629e-03 9.615384615384615918e-03
0.000000000000000000e+00 4.332264957264957417e-01 6.944444444444444059e-03 3.205128205128205017e-03 9.615384615384615918e-03
0.000000000000000000e+00 4.433760683760683552e-01 6.009615384615384949e-03 2.849002849002849145e-03 1.041666666666666609e-02
0.000000000000000000e+00 4.474715099715099731e-01 6.677350427350427046e-03 3.205128205128205017e-03 1.068376068376068397e-02
0.000000000000000000e+00 4.188924501424501345e-01 4.714209401709401615e-02 8.368945868945869282e-03 6.677350427350427046e-03
0.000000000000000000e+00 4.037571225071225345e-01 6.623931623931623991e-02 7.656695156695156670e-03 5.341880341880341984e-03
0.000000000000000000e+00 5.465633903133902960e-01 1.680021367521367659e-01 6.588319088319088621e-03 5.876068376068376009e-03
0.000000000000000000e+00 5.727386039886039892e-01 1.371527777777777901e-01 6.232193732193732315e-03 5.074786324786324972e-03
0.000000000000000000e+00 5.846688034188034511e-01 1.275373931623931534e-01 4.095441595441595348e-03 1.095085470085470011e-02
0.000000000000000000e+00 6.105769230769231282e-01 1.237980769230769273e-01 3.917378917378917629e-03 1.041666666666666609e-02
0.000000000000000000e+00 6.155626780626780592e-01 1.276709401709401615e-01 4.985754985754985678e-03 1.068376068376068397e-02
0.000000000000000000e+00 5.842236467236466835e-01 1.549145299145299193e-01 7.834757834757835257e-03 5.341880341880341984e-03
0.000000000000000000e+00 6.201032763532763337e-01 1.283386752136752018e-01 4.807692307692307959e-03 1.148504273504273587e-02
0.000000000000000000e+00 6.339921652421652842e-01 1.342147435897435848e-01 4.807692307692307959e-03 1.148504273504273587e-02
0.000000000000000000e+00 6.605235042735042583e-01 1.434294871794871695e-01 4.095441595441595348e-03 1.121794871794871799e-02
0.000000000000000000e+00 6.577635327635327211e-01 1.558493589743589758e-01 7.834757834757835257e-03 6.677350427350427046e-03
0.000000000000000000e+00 6.924857549857549310e-01 1.527777777777777901e-01 5.698005698005698290e-03 1.335470085470085409e-02
0.000000000000000000e+00 6.378205128205127750e-01 3.151709401709401615e-02 8.547008547008547868e-03 5.876068376068376009e-03
0.000000000000000000e+00 6.665776353276353650e-01 4.634081196581196771e-02 7.300569800569800365e-03 6.143162393162393022e-03
0.000000000000000000e+00 6.796652421652421561e-01 4.780982905982905651e-02 6.766381766381766340e-03 5.876068376068376009e-03
0.000000000000000000e+00 6.927528490028490582e-01 4.847756410256410381e-02 7.300569800569800365e-03 5.608974358974358997e-03
0.000000000000000000e+00 7.051282051282051766e-01 4.874465811965811995e-02 7.122507122507122646e-03 5.608974358974358997e-03
0.000000000000000000e+00 6.805555555555555802e-01 8.346688034188033678e-02 6.410256410256410034e-03 9.882478632478632063e-03
0.000000000000000000e+00 9.482727920227920215e-01 1.646634615384615363e-01 3.027065527065526864e-03 1.041666666666666609e-02
0.000000000000000000e+00 9.169337606837606458e-01 1.116452991452991511e-01 3.383190883190883170e-03 1.175213675213675202e-02
0.000000000000000000e+00 9.545049857549857686e-01 9.321581196581196771e-02 7.656695156695156670e-03 6.944444444444444059e-03
0.000000000000000000e+00 9.880698005698005382e-01 9.628739316239316726e-02 7.122507122507122646e-03 6.677350427350427046e-03
0.000000000000000000e+00 9.967058404558404305e-01 6.690705128205128027e-02 6.232193732193732315e-03 6.677350427350427046e-03
0.000000000000000000e+00 6.766381766381766340e-03 1.792200854700854717e-01 6.766381766381766340e-03 4.807692307692307959e-03
0.000000000000000000e+00 6.766381766381766340e-03 1.853632478632478708e-01 7.122507122507122646e-03 5.876068376068376009e-03
0.000000000000000000e+00 1.593660968660968666e-02 2.274305555555555525e-01 4.451566951566951653e-03 1.095085470085470011e-02
0.000000000000000000e+00 8.823005698005698116e-02 1.749465811965811857e-01 8.012820512820512109e-03 5.876068376068376009e-03
0.000000000000000000e+00 4.059829059829059977e-02 2.924679487179487336e-01 7.834757834757835257e-03 6.944444444444444059e-03
0.000000000000000000e+00 1.566951566951566843e-01 1.725427350427350404e-01 7.834757834757835257e-03 7.478632478632478951e-03
0.000000000000000000e+00 2.125178062678062807e-01 1.730769230769230727e-01 6.588319088319088621e-03 4.807692307692307959e-03
0.000000000000000000e+00 2.239138176638176547e-01 1.841613247863247982e-01 5.876068376068376009e-03 4.006410256410256054e-03
0.000000000000000000e+00 1.813568376068376009e-01 1.893696581196581130e-01 3.383190883190883170e-03 1.121794871794871799e-02
0.000000000000000000e+00 4.158653846153846367e-01 1.887019230769230727e-01 3.027065527065526864e-03 9.348290598290598039e-03
0.000000000000000000e+00 4.460470085470085722e-01 2.362446581196581130e-01 5.698005698005698290e-03 6.143162393162393022e-03
0.000000000000000000e+00 5.228810541310541238e-01 1.826923076923076816e-01 7.656695156695156670e-03 6.944444444444444059e-03
0.000000000000000000e+00 5.161146723646723444e-01 2.198183760683760646e-01 6.588319088319088621e-03 6.944444444444444059e-03
0.000000000000000000e+00 6.583867521367521292e-01 1.713408119658119677e-01 5.876068376068376009e-03 6.143162393162393022e-03
0.000000000000000000e+00 6.993411680911680861e-01 1.888354700854700807e-01 8.012820512820512109e-03 6.944444444444444059e-03
0.000000000000000000e+00 6.615918803418803229e-01 2.855235042735042583e-01 5.519943019943019703e-03 1.068376068376068397e-02
0.000000000000000000e+00 6.550925925925925597e-01 3.100961538461538547e-01 4.629629629629629373e-03 1.121794871794871799e-02
0.000000000000000000e+00 6.693376068376067911e-01 3.213141025641025883e-01 8.190883190883190695e-03 8.547008547008547868e-03
0.000000000000000000e+00 9.100783475783476018e-01 1.668002136752136655e-01 3.917378917378917629e-03 1.255341880341880392e-02
0.000000000000000000e+00 9.188924501424501345e-01 1.668002136752136655e-01 4.095441595441595348e-03 1.148504273504273587e-02
0.000000000000000000e+00 9.358974358974359031e-01 1.666666666666666574e-01 3.205128205128205017e-03 1.014957264957264994e-02
0.000000000000000000e+00 6.229522792022792466e-01 3.500267094017093794e-01 7.300569800569800365e-03 5.608974358974358997e-03
0.000000000000000000e+00 6.067485754985755264e-01 3.408119658119658224e-01 4.451566951566951653e-03 9.081196581196581893e-03
0.000000000000000000e+00 5.980235042735042583e-01 3.437500000000000000e-01 7.300569800569800365e-03 7.478632478632478951e-03
0.000000000000000000e+00 5.871616809116808611e-01 3.405448717948718063e-01 6.232193732193732315e-03 5.341880341880341984e-03
0.000000000000000000e+00 6.060363247863247427e-01 3.693910256410256610e-01 3.739316239316239476e-03 1.068376068376068397e-02
0.000000000000000000e+00 6.229522792022792466e-01 3.747329059829059839e-01 3.739316239316239476e-03 9.081196581196581893e-03
0.000000000000000000e+00 6.579415954415954726e-01 3.460202991452991372e-01 4.273504273504273934e-03 1.255341880341880392e-02
0.000000000000000000e+00 6.357727920227920215e-01 3.468215811965811857e-01 6.232193732193732315e-03 7.745726495726495964e-03
0.000000000000000000e+00 6.469017094017094349e-01 3.721955128205128305e-01 3.561253561253561323e-03 1.041666666666666609e-02
0.000000000000000000e+00 8.962784900284900269e-01 3.410790598290598385e-01 4.095441595441595348e-03 9.615384615384615918e-03
0.000000000000000000e+00 9.067841880341880323e-01 4.639423076923077094e-01 4.095441595441595348e-03 9.615384615384615918e-03
0.000000000000000000e+00 9.895833333333333703e-01 4.150641025641025883e-01 4.095441595441595348e-03 1.014957264957264994e-02
0.000000000000000000e+00 9.949252136752136932e-01 4.113247863247863068e-01 5.163817663817663398e-03 1.068376068376068397e-02
0.000000000000000000e+00 1.840277777777777901e-01 6.629273504273504036e-01 5.163817663817663398e-03 1.175213675213675202e-02
0.000000000000000000e+00 9.188924501424501345e-01 6.010950854700854995e-01 4.095441595441595348e-03 8.814102564102564014e-03
0.000000000000000000e+00 8.630698005698005382e-01 8.323985042735042583e-01 6.766381766381766340e-03 9.882478632478632063e-03
0.000000000000000000e+00 9.539707977207977363e-01 6.822916666666666297e-01 6.944444444444444059e-03 6.143162393162393022e-03
0.000000000000000000e+00 8.751780626780626404e-01 7.785790598290598385e-01 7.834757834757835257e-03 5.876068376068376009e-03
0.000000000000000000e+00 8.862179487179486781e-01 8.058226495726495964e-01 6.054131054131053728e-03 4.807692307692307959e-03
0.000000000000000000e+00 8.953881766381766028e-01 8.035523504273504036e-01 8.368945868945869282e-03 4.540598290598290947e-03
0.000000000000000000e+00 9.049145299145299193e-01 8.014155982905982745e-01 7.834757834757835257e-03 5.074786324786324972e-03
0.000000000000000000e+00 9.331374643874643660e-01 7.948717948717948234e-01 6.944444444444444059e-03 5.876068376068376009e-03
0.000000000000000000e+00 9.610933048433047965e-01 7.637553418803418870e-01 6.232193732193732315e-03 5.074786324786324972e-03
0.000000000000000000e+00 9.698183760683760646e-01 7.612179487179486781e-01 7.656695156695156670e-03 5.341880341880341984e-03
0.000000000000000000e+00 9.782763532763533165e-01 7.601495726495726135e-01 7.478632478632478951e-03 5.341880341880341984e-03
0.000000000000000000e+00 7.242699430199430743e-01 8.637820512820513219e-01 3.383190883190883170e-03 5.341880341880341984e-03
0.000000000000000000e+00 6.971153846153845812e-01 9.232104700854700807e-01 4.273504273504273934e-03 5.074786324786324972e-03
0.000000000000000000e+00 7.184829059829059839e-01 9.333600427350426942e-01 3.205128205128205017e-03 7.745726495726495964e-03
0.000000000000000000e+00 7.232015669515668987e-01 9.345619658119658224e-01 3.739316239316239476e-03 9.615384615384615918e-03
0.000000000000000000e+00 7.276531339031339085e-01 9.369658119658119677e-01 4.095441595441595348e-03 9.615384615384615918e-03
0.000000000000000000e+00 8.429487179487179516e-01 9.577991452991453381e-01 4.273504273504273934e-03 8.547008547008547868e-03
0.000000000000000000e+00 8.984152421652421561e-01 9.467147435897436125e-01 7.300569800569800365e-03 6.677350427350427046e-03
0.000000000000000000e+00 8.984152421652421561e-01 9.529914529914529364e-01 5.876068376068376009e-03 4.273504273504273934e-03
