0.000000000000000000e+00 1.632834757834757955e-01 1.459668803418803507e-01 1.958689458689458554e-02 2.270299145299145213e-02
0.000000000000000000e+00 3.224715099715099731e-01 1.331463675213675202e-01 6.766381766381766340e-03 1.148504273504273587e-02
0.000000000000000000e+00 3.086716524216523982e-01 1.610576923076923184e-01 6.232193732193732315e-03 1.068376068376068397e-02
0.000000000000000000e+00 3.434829059829059839e-01 1.378205128205128305e-01 7.122507122507122646e-03 1.014957264957264994e-02
0.000000000000000000e+00 3.737535612535612395e-01 1.582532051282051211e-01 9.615384615384615918e-03 7.745726495726495964e-03
0.000000000000000000e+00 3.730413105413105668e-01 1.659989316239316171e-01 8.190883190883190695e-03 6.677350427350427046e-03
0.000000000000000000e+00 3.360042735042735318e-01 1.100427350427350404e-01 6.766381766381766340e-03 1.068376068376068397e-02
0.000000000000000000e+00 4.285078347578347713e-01 3.338675213675213523e-03 6.588319088319088621e-03 6.143162393162393022e-03
0.000000000000000000e+00 4.349180911680911588e-01 8.814102564102564014e-03 7.300569800569800365e-03 8.547008547008547868e-03
0.000000000000000000e+00 4.820156695156695426e-01 1.436965811965811857e-01 3.917378917378917629e-03 1.014957264957264994e-02
0.000000000000000000e+00 4.701745014245014009e-01 1.661324786324786251e-01 3.739316239316239476e-03 1.175213675213675202e-02
0.000000000000000000e+00 1.899038461538461453e-01 2.267628205128205121e-01 7.300569800569800365e-03 1.388888888888888812e-02
0.000000000000000000e+00 3.232727920227920215e-01 1.905715811965811857e-01 7.300569800569800365e-03 1.148504273504273587e-02
0.000000000000000000e+00 3.445512820512820484e-01 2.063301282051281937e-01 6.410256410256410034e-03 9.348290598290598039e-03
0.000000000000000000e+00 3.465099715099715372e-01 1.995192307692307820e-01 7.478632478632478951e-03 1.121794871794871799e-02
0.000000000000000000e+00 3.483796296296296502e-01 1.912393162393162260e-01 8.012820512820512109e-03 1.014957264957264994e-02
0.000000000000000000e+00 3.716168091168091103e-01 1.724091880341880323e-01 7.478632478632478951e-03 5.608974358974358997e-03
0.000000000000000000e+00 3.694800569800569812e-01 1.798878205128205121e-01 7.478632478632478951e-03 5.608974358974358997e-03
0.000000000000000000e+00 3.661858974358974117e-01 1.941773504273504314e-01 7.656695156695156670e-03 5.876068376068376009e-03
0.000000000000000000e+00 3.644052706552706744e-01 2.024572649572649596e-01 7.300569800569800365e-03 5.876068376068376009e-03
0.000000000000000000e+00 3.634259259259259300e-01 2.092681623931623991e-01 7.834757834757835257e-03 6.143162393162393022e-03
0.000000000000000000e+00 3.612001424501424252e-01 2.159455128205128305e-01 7.656695156695156670e-03 6.143162393162393022e-03
0.000000000000000000e+00 3.599537037037037202e-01 2.235576923076923184e-01 7.656695156695156670e-03 5.876068376068376009e-03
0.000000000000000000e+00 2.800035612535612395e-01 2.430555555555555525e-01 5.876068376068376009e-03 9.081196581196581893e-03
0.000000000000000000e+00 4.618055555555555802e-01 1.828258547008546897e-01 4.451566951566951653e-03 1.148504273504273587e-02
0.000000000000000000e+00 4.529914529914529919e-01 1.973824786324786251e-01 3.917378917378917629e-03 1.068376068376068397e-02
0.000000000000000000e+00 4.487179487179487336e-01 2.053952991452991372e-01 4.273504273504273934e-03 1.068376068376068397e-02
0.000000000000000000e+00 4.452457264957264682e-01 2.138087606837606736e-01 4.451566951566951653e-03 1.308760683760683795e-02
0.000000000000000000e+00 4.414173789173789220e-01 2.198183760683760646e-01 3.917378917378917629e-03 1.175213675213675202e-02
0.000000000000000000e+00 4.284188034188033956e-01 2.469284188034188143e-01 4.273504273504273934e-03 9.882478632478632063e-03
0.000000000000000000e+00 4.245014245014245291e-01 2.517361111111111049e-01 4.273504273504273934e-03 1.095085470085470011e-02
0.000000000000000000e+00 4.065170940170940161e-01 2.946047008547008628e-01 5.698005698005698290e-03 9.615384615384615918e-03
0.000000000000000000e+00 6.627492877492877632e-01 2.297008547008546897e-01 6.410256410256410034e-03 1.816239316239316379e-02
0.000000000000000000e+00 6.793981481481481399e-01 2.200854700854700807e-01 4.095441595441595348e-03 1.175213675213675202e-02
0.000000000000000000e+00 6.810897435897436125e-01 2.353098290598290565e-01 4.273504273504273934e-03 1.388888888888888812e-02
0.000000000000000000e+00 6.795762108262107803e-01 2.731036324786324521e-01 3.739316239316239476e-03 1.041666666666666609e-02
0.000000000000000000e+00 8.587072649572649041e-01 2.397168803418803507e-01 4.095441595441595348e-03 9.882478632478632063e-03
0.000000000000000000e+00 9.779202279202279247e-01 3.306623931623931534e-01 4.985754985754985678e-03 5.876068376068376009e-03
0.000000000000000000e+00 9.131944444444444198e-01 2.168803418803418870e-01 4.095441595441595348e-03 9.615384615384615918e-03
0.000000000000000000e+00 9.180911680911680861e-01 2.166132478632478708e-01 4.273504273504273934e-03 1.014957264957264994e-02
0.000000000000000000e+00 9.048254985754985436e-01 2.501335470085470081e-01 4.807692307692307959e-03 1.095085470085470011e-02
0.000000000000000000e+00 9.139066951566952035e-01 2.478632478632478708e-01 3.739316239316239476e-03 5.876068376068376009e-03
0.000000000000000000e+00 9.439992877492877632e-01 2.174145299145299193e-01 3.383190883190883170e-03 1.014957264957264994e-02
0.000000000000000000e+00 9.486289173789174134e-01 2.178151709401709435e-01 5.163817663817663398e-03 9.348290598290598039e-03
0.000000000000000000e+00 9.506766381766381668e-01 2.103365384615384637e-01 8.547008547008547868e-03 8.814102564102564014e-03
0.000000000000000000e+00 9.526353276353276556e-01 1.965811965811965767e-01 8.547008547008547868e-03 7.478632478632478951e-03
0.000000000000000000e+00 9.563746438746438816e-01 1.845619658119658224e-01 7.122507122507122646e-03 6.410256410256410034e-03
0.000000000000000000e+00 9.716880341880341776e-01 2.154113247863247982e-01 1.210826210826210746e-02 8.814102564102564014e-03
0.000000000000000000e+00 9.728454415954416179e-01 2.099358974358974395e-01 7.300569800569800365e-03 7.478632478632478951e-03
0.000000000000000000e+00 9.748931623931623713e-01 2.044604700854700807e-01 6.766381766381766340e-03 6.677350427350427046e-03
0.000000000000000000e+00 9.780092592592593004e-01 1.909722222222222099e-01 8.012820512820512109e-03 7.478632478632478951e-03
0.000000000000000000e+00 9.810363247863247427e-01 1.785523504273504314e-01 6.588319088319088621e-03 6.677350427350427046e-03
0.000000000000000000e+00 9.039351851851852304e-01 2.175480769230769273e-01 4.807692307692307959e-03 1.148504273504273587e-02
0.000000000000000000e+00 1.120014245014245013e-01 4.007745726495726690e-01 7.478632478632478951e-03 9.882478632478632063e-03
0.000000000000000000e+00 1.172542735042735040e-01 3.835470085470085722e-01 4.807692307692307959e-03 1.282051282051282007e-02
0.000000000000000000e+00 1.277599715099715094e-01 3.868856837606837740e-01 8.012820512820512109e-03 9.348290598290598039e-03
0.000000000000000000e+00 1.415598290598290565e-01 3.705929487179487336e-01 4.629629629629629373e-03 1.041666666666666609e-02
0.000000000000000000e+00 1.532229344729344744e-01 3.621794871794871695e-01 5.163817663817663398e-03 1.175213675213675202e-02
0.000000000000000000e+00 1.687143874643874664e-01 3.508279914529914278e-01 4.095441595441595348e-03 1.362179487179487197e-02
0.000000000000000000e+00 1.804665242165242045e-01 3.709935897435897578e-01 9.437321937321937332e-03 8.012820512820512109e-03
0.000000000000000000e+00 1.926638176638176547e-01 3.612446581196581130e-01 6.054131054131053728e-03 7.211538461538461939e-03
0.000000000000000000e+00 1.821581196581196493e-01 4.409722222222222099e-01 4.273504273504273934e-03 9.081196581196581893e-03
0.000000000000000000e+00 3.646723646723646906e-01 4.472489316239316448e-01 3.917378917378917629e-03 1.095085470085470011e-02
0.000000000000000000e+00 3.816773504273504036e-01 3.908920940170940161e-01 6.232193732193732315e-03 1.255341880341880392e-02
0.000000000000000000e+00 3.939636752136752018e-01 3.998397435897436125e-01 6.944444444444444059e-03 1.335470085470085409e-02
0.000000000000000000e+00 3.985933048433048520e-01 4.017094017094017255e-01 4.807692307692307959e-03 9.615384615384615918e-03
0.000000000000000000e+00 4.065170940170940161e-01 4.091880341880341776e-01 6.410256410256410034e-03 1.228632478632478604e-02
0.000000000000000000e+00 4.113247863247863068e-01 4.118589743589743390e-01 4.985754985754985678e-03 1.175213675213675202e-02
0.000000000000000000e+00 4.161324786324786529e-01 4.242788461538461453e-01 9.259259259259258745e-03 5.608974358974358997e-03
0.000000000000000000e+00 5.912571225071224790e-01 3.639155982905982745e-01 3.383190883190883170e-03 1.041666666666666609e-02
0.000000000000000000e+00 6.003383190883191389e-01 3.696581196581196771e-01 8.368945868945869282e-03 6.944444444444444059e-03
0.000000000000000000e+00 6.075498575498575748e-01 4.030448717948718063e-01 3.917378917378917629e-03 1.388888888888888812e-02
0.000000000000000000e+00 6.139601139601139623e-01 4.023771367521367659e-01 4.273504273504273934e-03 1.148504273504273587e-02
0.000000000000000000e+00 6.193910256410256610e-01 4.026442307692307820e-01 4.451566951566951653e-03 1.255341880341880392e-02
0.000000000000000000e+00 6.233974358974359031e-01 4.041132478632478708e-01 3.917378917378917629e-03 9.615384615384615918e-03
0.000000000000000000e+00 6.237535612535612950e-01 4.776976495726495964e-01 4.273504273504273934e-03 1.415598290598290600e-02
0.000000000000000000e+00 6.185007122507122368e-01 4.776976495726495964e-01 4.095441595441595348e-03 1.041666666666666609e-02
0.000000000000000000e+00 6.136930199430199462e-01 4.746260683760683552e-01 4.807692307692307959e-03 1.228632478632478604e-02
0.000000000000000000e+00 6.092414529914529364e-01 4.719551282051281937e-01 4.095441595441595348e-03 9.615384615384615918e-03
0.000000000000000000e+00 6.046118233618233972e-01 4.696848290598290565e-01 6.588319088319088621e-03 1.255341880341880392e-02
0.000000000000000000e+00 6.006054131054131551e-01 4.667467948717948789e-01 6.054131054131053728e-03 1.201923076923076990e-02
0.000000000000000000e+00 5.863603988603988126e-01 4.882478632478632341e-01 5.698005698005698290e-03 1.121794871794871799e-02
0.000000000000000000e+00 6.512642450142450690e-01 3.904914529914529919e-01 7.300569800569800365e-03 6.410256410256410034e-03
0.000000000000000000e+00 6.737001424501424252e-01 4.353632478632478708e-01 7.656695156695156670e-03 5.876068376068376009e-03
0.000000000000000000e+00 6.280270655270655533e-01 4.047809829059829112e-01 4.985754985754985678e-03 1.201923076923076990e-02
0.000000000000000000e+00 6.324786324786324521e-01 4.057158119658119677e-01 6.054131054131053728e-03 1.121794871794871799e-02
0.000000000000000000e+00 6.362179487179486781e-01 4.097222222222222099e-01 5.341880341880341984e-03 1.014957264957264994e-02
0.000000000000000000e+00 6.411146723646723444e-01 4.137286324786324521e-01 6.944444444444444059e-03 1.121794871794871799e-02
0.000000000000000000e+00 6.446759259259259300e-01 4.190705128205128305e-01 6.944444444444444059e-03 8.547008547008547868e-03
0.000000000000000000e+00 6.470797720797720753e-01 4.253472222222222099e-01 7.834757834757835257e-03 8.279914529914529989e-03
0.000000000000000000e+00 6.490384615384615641e-01 4.316239316239316448e-01 6.766381766381766340e-03 5.341880341880341984e-03
0.000000000000000000e+00 6.486823361823361722e-01 4.391025641025640969e-01 7.122507122507122646e-03 5.341880341880341984e-03
0.000000000000000000e+00 6.504629629629629095e-01 4.473824786324786529e-01 8.190883190883190695e-03 6.944444444444444059e-03
0.000000000000000000e+00 6.469017094017094349e-01 4.694177350427350404e-01 5.698005698005698290e-03 1.095085470085470011e-02
0.000000000000000000e+00 6.373753561253561184e-01 4.790331196581196771e-01 8.725071225071224720e-03 9.348290598290598039e-03
0.000000000000000000e+00 9.865562678062678170e-01 4.838408119658119677e-01 8.368945868945869282e-03 5.608974358974358997e-03
0.000000000000000000e+00 9.777421652421652842e-01 5.036057692307692735e-01 7.834757834757835257e-03 5.074786324786324972e-03
0.000000000000000000e+00 9.879807692307692735e-01 5.033386752136752573e-01 8.368945868945869282e-03 5.608974358974358997e-03
0.000000000000000000e+00 9.967948717948718063e-01 5.030715811965812412e-01 6.054131054131053728e-03 5.074786324786324972e-03
0.000000000000000000e+00 9.036680911680912143e-01 3.501602564102563875e-01 4.629629629629629373e-03 1.175213675213675202e-02
0.000000000000000000e+00 9.133725071225071712e-01 3.492254273504273310e-01 3.739316239316239476e-03 8.814102564102564014e-03
0.000000000000000000e+00 9.223646723646723444e-01 3.482905982905982745e-01 3.917378917378917629e-03 1.068376068376068397e-02
0.000000000000000000e+00 9.321581196581196771e-01 3.474893162393162260e-01 4.985754985754985678e-03 1.175213675213675202e-02
0.000000000000000000e+00 9.436431623931623713e-01 3.931623931623931534e-01 5.876068376068376009e-03 1.068376068376068397e-02
0.000000000000000000e+00 9.399038461538461453e-01 4.049145299145299193e-01 5.876068376068376009e-03 1.121794871794871799e-02
0.000000000000000000e+00 9.746260683760683552e-01 3.409455128205128305e-01 6.232193732193732315e-03 1.201923076923076990e-02
0.000000000000000000e+00 9.939458689458688934e-01 3.585737179487179516e-01 7.478632478632478951e-03 5.074786324786324972e-03
0.000000000000000000e+00 9.874465811965812412e-01 3.866185897435897578e-01 6.232193732193732315e-03 5.608974358974358997e-03
0.000000000000000000e+00 1.240206552706552695e-01 5.116185897435897578e-01 9.081196581196581893e-03 6.677350427350427046e-03
0.000000000000000000e+00 5.929487179487179238e-02 5.487446581196581130e-01 6.054131054131053728e-03 8.279914529914529989e-03
0.000000000000000000e+00 6.606125356125355785e-02 5.626335470085470636e-01 1.317663817663817724e-02 1.789529914529914417e-02
0.000000000000000000e+00 8.422364672364672511e-02 5.948183760683760646e-01 6.766381766381766340e-03 1.121794871794871799e-02
0.000000000000000000e+00 1.195690883190883153e-01 6.611912393162393542e-01 4.807692307692307959e-03 1.201923076923076990e-02
0.000000000000000000e+00 1.363069800569800538e-01 5.208333333333333703e-01 5.519943019943019703e-03 1.228632478632478604e-02
0.000000000000000000e+00 1.333689458689458762e-01 5.385950854700854995e-01 8.190883190883190695e-03 6.143162393162393022e-03
0.000000000000000000e+00 1.414707977207977085e-01 5.460737179487179516e-01 5.876068376068376009e-03 1.255341880341880392e-02
0.000000000000000000e+00 1.394230769230769273e-01 5.618322649572649041e-01 8.903133903133903307e-03 6.143162393162393022e-03
0.000000000000000000e+00 1.562500000000000000e-01 6.140491452991453381e-01 6.944444444444444059e-03 9.615384615384615918e-03
0.000000000000000000e+00 1.294515669515669543e-01 6.414262820512820484e-01 9.971509971509971357e-03 7.211538461538461939e-03
0.000000000000000000e+00 3.285256410256410242e-01 5.503472222222222099e-01 7.122507122507122646e-03 6.143162393162393022e-03
0.000000000000000000e+00 3.743767806267806475e-01 6.351495726495726135e-01 8.012820512820512109e-03 5.876068376068376009e-03
0.000000000000000000e+00 4.098112535612535856e-01 6.685363247863247427e-01 9.081196581196581893e-03 6.410256410256410034e-03
0.000000000000000000e+00 4.329594017094017255e-01 6.448985042735042583e-01 8.012820512820512109e-03 5.608974358974358997e-03
0.000000000000000000e+00 4.303774928774928843e-01 6.247329059829059839e-01 6.766381766381766340e-03 5.341880341880341984e-03
0.000000000000000000e+00 4.298433048433048520e-01 6.049679487179486781e-01 4.273504273504273934e-03 4.273504273504273934e-03
0.000000000000000000e+00 4.655448717948718063e-01 6.506410256410256610e-01 7.656695156695156670e-03 5.341880341880341984e-03
0.000000000000000000e+00 5.048967236467236663e-01 6.563835470085470636e-01 9.081196581196581893e-03 6.143162393162393022e-03
0.000000000000000000e+00 5.169159544159543929e-01 6.585202991452991927e-01 8.547008547008547868e-03 6.677350427350427046e-03
0.000000000000000000e+00 5.029380341880341776e-01 6.308760683760683552e-01 7.300569800569800365e-03 4.807692307692307959e-03
0.000000000000000000e+00 5.766559829059828557e-01 6.168536324786324521e-01 7.656695156695156670e-03 5.074786324786324972e-03
0.000000000000000000e+00 6.026531339031339085e-01 6.165865384615384359e-01 6.944444444444444059e-03 5.608974358974358997e-03
0.000000000000000000e+00 6.023860398860398924e-01 6.252670940170940161e-01 6.766381766381766340e-03 5.341880341880341984e-03
0.000000000000000000e+00 6.012286324786324521e-01 6.328792735042735318e-01 6.944444444444444059e-03 5.608974358974358997e-03
0.000000000000000000e+00 6.014957264957264682e-01 6.394230769230768718e-01 7.122507122507122646e-03 5.341880341880341984e-03
0.000000000000000000e+00 5.767450142450142314e-01 6.487713675213675479e-01 5.698005698005698290e-03 5.341880341880341984e-03
0.000000000000000000e+00 7.198183760683760646e-01 5.333867521367521292e-01 7.300569800569800365e-03 4.807692307692307959e-03
0.000000000000000000e+00 7.366452991452991927e-01 5.548878205128204844e-01 3.917378917378917629e-03 9.882478632478632063e-03
0.000000000000000000e+00 7.256054131054131551e-01 5.683760683760683552e-01 6.766381766381766340e-03 5.876068376068376009e-03
0.000000000000000000e+00 7.263176638176638278e-01 5.749198717948718063e-01 7.834757834757835257e-03 5.608974358974358997e-03
0.000000000000000000e+00 7.260505698005698116e-01 5.974893162393162260e-01 8.012820512820512109e-03 5.876068376068376009e-03
0.000000000000000000e+00 7.243589743589743390e-01 6.076388888888888395e-01 6.410256410256410034e-03 5.876068376068376009e-03
0.000000000000000000e+00 7.249821937321937471e-01 6.148504273504273865e-01 8.012820512820512109e-03 5.341880341880341984e-03
0.000000000000000000e+00 7.247150997150997309e-01 6.276709401709401615e-01 7.478632478632478951e-03 5.341880341880341984e-03
0.000000000000000000e+00 7.243589743589743390e-01 6.347489316239316448e-01 7.122507122507122646e-03 6.143162393162393022e-03
0.000000000000000000e+00 7.247150997150997309e-01 6.412927350427350959e-01 8.190883190883190695e-03 5.876068376068376009e-03
0.000000000000000000e+00 7.433226495726495964e-01 5.901442307692307265e-01 3.739316239316239476e-03 9.882478632478632063e-03
0.000000000000000000e+00 7.477742165242164951e-01 5.900106837606837740e-01 3.739316239316239476e-03 1.014957264957264994e-02
0.000000000000000000e+00 7.519586894586894887e-01 5.914797008547008073e-01 3.917378917378917629e-03 1.095085470085470011e-02
0.000000000000000000e+00 7.426994301994301884e-01 6.197916666666666297e-01 3.917378917378917629e-03 1.255341880341880392e-02
0.000000000000000000e+00 7.477742165242164951e-01 6.207264957264957417e-01 4.095441595441595348e-03 1.121794871794871799e-02
0.000000000000000000e+00 7.436787749287748772e-01 6.338141025641025328e-01 6.944444444444444059e-03 5.876068376068376009e-03
0.000000000000000000e+00 7.433226495726495964e-01 6.406250000000000000e-01 7.300569800569800365e-03 5.608974358974358997e-03
0.000000000000000000e+00 7.424323361823361722e-01 6.477029914529914834e-01 1.014957264957264994e-02 6.410256410256410034e-03
0.000000000000000000e+00 7.421652421652421561e-01 6.541132478632478708e-01 7.834757834757835257e-03 5.341880341880341984e-03
0.000000000000000000e+00 7.670049857549857686e-01 5.146901709401708880e-01 3.739316239316239476e-03 1.068376068376068397e-02
0.000000000000000000e+00 7.724358974358974672e-01 5.157585470085470636e-01 4.273504273504273934e-03 1.121794871794871799e-02
0.000000000000000000e+00 7.548967236467236663e-01 5.440705128205127750e-01 3.739316239316239476e-03 1.282051282051282007e-02
0.000000000000000000e+00 7.593482905982905651e-01 5.434027777777777901e-01 3.739316239316239476e-03 1.095085470085470011e-02
0.000000000000000000e+00 7.719017094017094349e-01 5.450053418803418870e-01 4.273504273504273934e-03 1.201923076923076990e-02
0.000000000000000000e+00 7.767984330484331013e-01 5.446047008547008073e-01 4.095441595441595348e-03 1.014957264957264994e-02
0.000000000000000000e+00 7.546296296296296502e-01 5.614316239316239354e-01 3.917378917378917629e-03 9.615384615384615918e-03
0.000000000000000000e+00 7.594373219373219408e-01 5.616987179487179516e-01 3.205128205128205017e-03 8.012820512820512109e-03
0.000000000000000000e+00 7.637998575498575748e-01 5.602297008547008073e-01 3.739316239316239476e-03 1.201923076923076990e-02
0.000000000000000000e+00 7.686965811965812412e-01 5.598290598290598385e-01 3.561253561253561323e-03 9.615384615384615918e-03
0.000000000000000000e+00 7.733262108262107803e-01 5.618322649572649041e-01 3.917378917378917629e-03 1.148504273504273587e-02
0.000000000000000000e+00 7.656695156695156879e-01 5.929487179487179516e-01 4.273504273504273934e-03 1.121794871794871799e-02
0.000000000000000000e+00 7.572115384615384359e-01 6.192574786324785974e-01 3.383190883190883170e-03 9.348290598290598039e-03
0.000000000000000000e+00 7.838319088319087857e-01 5.857371794871795156e-01 7.478632478632478951e-03 5.341880341880341984e-03
0.000000000000000000e+00 7.844551282051281937e-01 5.918803418803418870e-01 7.656695156695156670e-03 4.807692307692307959e-03
0.000000000000000000e+00 7.840099715099715372e-01 6.037660256410256610e-01 6.054131054131053728e-03 4.540598290598290947e-03
0.000000000000000000e+00 7.709223646723646350e-01 6.179220085470085166e-01 4.095441595441595348e-03 7.745726495726495964e-03
0.000000000000000000e+00 7.664707977207977363e-01 6.173878205128204844e-01 3.739316239316239476e-03 7.211538461538461939e-03
0.000000000000000000e+00 8.697471509971509418e-01 5.154914529914529364e-01 4.095441595441595348e-03 1.014957264957264994e-02
0.000000000000000000e+00 8.698361823361823175e-01 5.277777777777777901e-01 4.273504273504273934e-03 1.014957264957264994e-02
0.000000000000000000e+00 8.692129629629629095e-01 5.416666666666666297e-01 4.095441595441595348e-03 1.014957264957264994e-02
0.000000000000000000e+00 9.208511396011396233e-01 5.546207264957264682e-01 4.807692307692307959e-03 1.201923076923076990e-02
0.000000000000000000e+00 9.178240740740740700e-01 5.936164529914529364e-01 4.451566951566951653e-03 1.148504273504273587e-02
0.000000000000000000e+00 4.406160968660968735e-01 7.517361111111111605e-01 6.944444444444444059e-03 5.608974358974358997e-03
0.000000000000000000e+00 4.537927350427350404e-01 7.514690170940171443e-01 7.656695156695156670e-03 6.143162393162393022e-03
0.000000000000000000e+00 4.400819088319088412e-01 7.582799145299145005e-01 6.588319088319088621e-03 5.341880341880341984e-03
0.000000000000000000e+00 4.554843304843304574e-01 7.660256410256410797e-01 4.985754985754985678e-03 5.876068376068376009e-03
0.000000000000000000e+00 4.391915954415954171e-01 7.716346153846154188e-01 4.095441595441595348e-03 4.273504273504273934e-03
0.000000000000000000e+00 4.436431623931623713e-01 7.437232905982905651e-01 3.739316239316239476e-03 5.608974358974358997e-03
0.000000000000000000e+00 4.552172364672364413e-01 7.723023504273504036e-01 4.807692307692307959e-03 5.074786324786324972e-03
0.000000000000000000e+00 4.534366096866097040e-01 7.793803418803418870e-01 6.232193732193732315e-03 5.341880341880341984e-03
0.000000000000000000e+00 4.543269230769230727e-01 7.853899572649573058e-01 6.944444444444444059e-03 5.074786324786324972e-03
0.000000000000000000e+00 4.396367521367521292e-01 7.844551282051281937e-01 5.698005698005698290e-03 4.807692307692307959e-03
0.000000000000000000e+00 4.545940170940170888e-01 7.984775641025640969e-01 6.054131054131053728e-03 6.143162393162393022e-03
0.000000000000000000e+00 4.396367521367521292e-01 7.976762820512820484e-01 6.766381766381766340e-03 5.074786324786324972e-03
0.000000000000000000e+00 4.544159544159543929e-01 8.058226495726495964e-01 6.766381766381766340e-03 5.341880341880341984e-03
0.000000000000000000e+00 4.388354700854700807e-01 8.112980769230768718e-01 8.012820512820512109e-03 6.143162393162393022e-03
0.000000000000000000e+00 4.391025641025640969e-01 8.254540598290598385e-01 7.834757834757835257e-03 5.608974358974358997e-03
0.000000000000000000e+00 4.546830484330484090e-01 8.266559829059828557e-01 6.944444444444444059e-03 5.876068376068376009e-03
0.000000000000000000e+00 4.542378917378917524e-01 8.330662393162393542e-01 6.766381766381766340e-03 4.807692307692307959e-03
0.000000000000000000e+00 4.396367521367521292e-01 8.329326923076922906e-01 6.766381766381766340e-03 5.074786324786324972e-03
0.000000000000000000e+00 5.990028490028490582e-01 6.717414529914529364e-01 8.547008547008547868e-03 6.944444444444444059e-03
0.000000000000000000e+00 6.097756410256410797e-01 6.721420940170940161e-01 7.300569800569800365e-03 5.608974358974358997e-03
0.000000000000000000e+00 6.209935897435897578e-01 6.745459401709401615e-01 8.012820512820512109e-03 6.143162393162393022e-03
0.000000000000000000e+00 5.972222222222222099e-01 6.903044871794872250e-01 8.547008547008547868e-03 6.677350427350427046e-03
0.000000000000000000e+00 5.812856125356125059e-01 6.953792735042735318e-01 9.081196581196581893e-03 6.677350427350427046e-03
0.000000000000000000e+00 6.231303418803418870e-01 7.024572649572649041e-01 8.725071225071224720e-03 5.876068376068376009e-03
0.000000000000000000e+00 6.117343304843304574e-01 7.004540598290598385e-01 8.725071225071224720e-03 6.143162393162393022e-03
0.000000000000000000e+00 5.649928774928775210e-01 8.016826923076922906e-01 3.561253561253561323e-03 1.095085470085470011e-02
0.000000000000000000e+00 5.734508547008546619e-01 8.014155982905982745e-01 3.739316239316239476e-03 1.041666666666666609e-02
0.000000000000000000e+00 6.319444444444444198e-01 6.761485042735042583e-01 8.903133903133903307e-03 5.608974358974358997e-03
0.000000000000000000e+00 6.430733618233618332e-01 6.770833333333333703e-01 8.012820512820512109e-03 6.410256410256410034e-03
0.000000000000000000e+00 6.543803418803418870e-01 6.777510683760683552e-01 8.547008547008547868e-03 5.608974358974358997e-03
0.000000000000000000e+00 6.655092592592593004e-01 6.792200854700854995e-01 7.656695156695156670e-03 5.876068376068376009e-03
0.000000000000000000e+00 6.764601139601139623e-01 6.804220085470085166e-01 7.122507122507122646e-03 5.608974358974358997e-03
0.000000000000000000e+00 6.354166666666666297e-01 7.036591880341880323e-01 8.368945868945869282e-03 6.677350427350427046e-03
0.000000000000000000e+00 6.840277777777777901e-01 7.502670940170940161e-01 1.014957264957264994e-02 8.012820512820512109e-03
0.000000000000000000e+00 7.005876068376067911e-01 7.335737179487179516e-01 3.027065527065526864e-03 9.348290598290598039e-03
0.000000000000000000e+00 7.297898860398860377e-01 7.493322649572649041e-01 6.944444444444444059e-03 6.143162393162393022e-03
0.000000000000000000e+00 7.288995726495726135e-01 7.704326923076922906e-01 9.081196581196581893e-03 7.745726495726495964e-03
0.000000000000000000e+00 7.280092592592593004e-01 7.897970085470085166e-01 1.014957264957264994e-02 6.944444444444444059e-03
0.000000000000000000e+00 7.142094017094017255e-01 8.019497863247863068e-01 8.190883190883190695e-03 5.608974358974358997e-03
0.000000000000000000e+00 6.980947293447293811e-01 7.946047008547008073e-01 8.012820512820512109e-03 5.341880341880341984e-03
0.000000000000000000e+00 7.051282051282051766e-01 7.345085470085470636e-01 3.205128205128205017e-03 9.615384615384615918e-03
0.000000000000000000e+00 6.776175213675214026e-01 8.103632478632478708e-01 7.300569800569800365e-03 5.876068376068376009e-03
0.000000000000000000e+00 6.941773504273504036e-01 8.278579059829059839e-01 6.944444444444444059e-03 6.143162393162393022e-03
0.000000000000000000e+00 6.934650997150997309e-01 8.344017094017094349e-01 7.300569800569800365e-03 5.876068376068376009e-03
0.000000000000000000e+00 7.116274928774928288e-01 8.302617521367521292e-01 7.300569800569800365e-03 6.143162393162393022e-03
0.000000000000000000e+00 7.248041310541311066e-01 8.102297008547008073e-01 7.656695156695156670e-03 5.608974358974358997e-03
0.000000000000000000e+00 7.123397435897436125e-01 8.162393162393162260e-01 8.012820512820512109e-03 5.876068376068376009e-03
0.000000000000000000e+00 7.246260683760683552e-01 8.170405982905982745e-01 7.300569800569800365e-03 6.410256410256410034e-03
0.000000000000000000e+00 9.402599715099715372e-01 8.071581196581196771e-01 5.876068376068376009e-03 1.121794871794871799e-02
0.000000000000000000e+00 9.608262108262107803e-01 8.218482905982905651e-01 9.259259259259258745e-03 6.410256410256410034e-03
0.000000000000000000e+00 9.881588319088319139e-01 6.849626068376067911e-01 8.725071225071224720e-03 6.677350427350427046e-03
0.000000000000000000e+00 9.924323361823361722e-01 7.020566239316239354e-01 7.656695156695156670e-03 5.074786324786324972e-03
0.000000000000000000e+00 1.222400284900284906e-01 9.220085470085470636e-01 4.451566951566951653e-03 1.121794871794871799e-02
0.000000000000000000e+00 1.311431623931623991e-01 9.238782051282051766e-01 4.451566951566951653e-03 1.068376068376068397e-02
0.000000000000000000e+00 1.406695156695156601e-01 9.682158119658119677e-01 7.122507122507122646e-03 8.012820512820512109e-03
0.000000000000000000e+00 1.652421652421652287e-01 9.389690170940171443e-01 6.766381766381766340e-03 1.041666666666666609e-02
0.000000000000000000e+00 1.546474358974359031e-01 9.536591880341880323e-01 7.300569800569800365e-03 1.041666666666666609e-02
0.000000000000000000e+00 1.727207977207977085e-01 8.842147435897436125e-01 5.698005698005698290e-03 1.041666666666666609e-02
0.000000000000000000e+00 1.432514245014245013e-01 8.958333333333333703e-01 4.807692307692307959e-03 1.121794871794871799e-02
0.000000000000000000e+00 1.864316239316239354e-01 8.465544871794872250e-01 6.054131054131053728e-03 1.201923076923076990e-02
0.000000000000000000e+00 1.820690883190883291e-01 8.593750000000000000e-01 5.163817663817663398e-03 9.348290598290598039e-03
0.000000000000000000e+00 1.781517094017094072e-01 8.707264957264957417e-01 5.519943019943019703e-03 1.014957264957264994e-02
0.000000000000000000e+00 2.453703703703703776e-01 9.172008547008546619e-01 3.917378917378917629e-03 1.121794871794871799e-02
0.000000000000000000e+00 2.600605413105412933e-01 9.182692307692307265e-01 4.095441595441595348e-03 1.228632478632478604e-02
0.000000000000000000e+00 2.696759259259259300e-01 9.161324786324785974e-01 3.739316239316239476e-03 1.335470085470085409e-02
0.000000000000000000e+00 2.806267806267806475e-01 9.188034188034187588e-01 4.273504273504273934e-03 1.014957264957264994e-02
0.000000000000000000e+00 2.939814814814814548e-01 9.184027777777777901e-01 3.561253561253561323e-03 1.041666666666666609e-02
0.000000000000000000e+00 3.046652421652421561e-01 9.194711538461538547e-01 3.561253561253561323e-03 1.041666666666666609e-02
0.000000000000000000e+00 3.177528490028490027e-01 9.198717948717948234e-01 4.095441595441595348e-03 1.228632478632478604e-02
0.000000000000000000e+00 3.237179487179487336e-01 9.189369658119658224e-01 3.917378917378917629e-03 1.041666666666666609e-02
0.000000000000000000e+00 3.587962962962962798e-01 8.874198717948718063e-01 3.561253561253561323e-03 9.348290598290598039e-03
0.000000000000000000e+00 3.579950142450142314e-01 9.174679487179486781e-01 3.739316239316239476e-03 1.175213675213675202e-02
0.000000000000000000e+00 3.677884615384615641e-01 9.174679487179486781e-01 3.383190883190883170e-03 1.014957264957264994e-02
0.000000000000000000e+00 4.384793447293447444e-01 8.397435897435897578e-01 4.451566951566951653e-03 3.739316239316239476e-03
0.000000000000000000e+00 4.552172364672364413e-01 8.404113247863247427e-01 4.807692307692307959e-03 5.074786324786324972e-03
0.000000000000000000e+00 4.542378917378917524e-01 8.537660256410256610e-01 1.068376068376068397e-02 7.745726495726495964e-03
0.000000000000000000e+00 4.385683760683760646e-01 8.522970085470085166e-01 7.834757834757835257e-03 5.876068376068376009e-03
0.000000000000000000e+00 4.391025641025640969e-01 8.596420940170940161e-01 4.273504273504273934e-03 4.540598290598290947e-03
0.000000000000000000e+00 4.551282051282051211e-01 8.609775641025640969e-01 6.766381766381766340e-03 4.540598290598290947e-03
0.000000000000000000e+00 4.540598290598290565e-01 8.668536324786324521e-01 7.122507122507122646e-03 5.074786324786324972e-03
0.000000000000000000e+00 4.537037037037037202e-01 8.733974358974359031e-01 9.259259259259258745e-03 5.876068376068376009e-03
0.000000000000000000e+00 4.385683760683760646e-01 8.655181623931623713e-01 5.341880341880341984e-03 5.074786324786324972e-03
0.000000000000000000e+00 3.783831908831908897e-01 9.178685897435897578e-01 3.917378917378917629e-03 1.255341880341880392e-02
0.000000000000000000e+00 3.874643874643874386e-01 9.189369658119658224e-01 3.561253561253561323e-03 1.041666666666666609e-02
0.000000000000000000e+00 4.024216524216523982e-01 9.186698717948718063e-01 3.205128205128205017e-03 9.882478632478632063e-03
0.000000000000000000e+00 4.077635327635327767e-01 9.186698717948718063e-01 2.849002849002849145e-03 9.882478632478632063e-03
0.000000000000000000e+00 4.856659544159543929e-01 9.197382478632478708e-01 3.739316239316239476e-03 1.041666666666666609e-02
0.000000000000000000e+00 4.902955840455840431e-01 9.210737179487179516e-01 4.095441595441595348e-03 1.201923076923076990e-02
0.000000000000000000e+00 4.948361823361823175e-01 9.216079059829059839e-01 3.205128205128205017e-03 1.041666666666666609e-02
0.000000000000000000e+00 4.993767806267806475e-01 9.216079059829059839e-01 3.383190883190883170e-03 1.095085470085470011e-02
0.000000000000000000e+00 4.951923076923077094e-01 8.946314102564102422e-01 3.205128205128205017e-03 4.006410256410256054e-03
0.000000000000000000e+00 5.138888888888888395e-01 9.216079059829059839e-01 4.273504273504273934e-03 1.308760683760683795e-02
0.000000000000000000e+00 5.202101139601139623e-01 9.217414529914529364e-01 3.739316239316239476e-03 1.282051282051282007e-02
0.000000000000000000e+00 5.206552706552706189e-01 8.948985042735042583e-01 2.849002849002849145e-03 5.074786324786324972e-03
0.000000000000000000e+00 5.252849002849002691e-01 8.958333333333333703e-01 3.205128205128205017e-03 5.876068376068376009e-03
0.000000000000000000e+00 5.305377492877493273e-01 8.958333333333333703e-01 3.383190883190883170e-03 5.341880341880341984e-03
0.000000000000000000e+00 5.103276353276353650e-01 8.946314102564102422e-01 3.205128205128205017e-03 4.540598290598290947e-03
0.000000000000000000e+00 5.050747863247863068e-01 8.944978632478632896e-01 3.739316239316239476e-03 4.807692307692307959e-03
0.000000000000000000e+00 5.988247863247863068e-01 9.230769230769231282e-01 3.917378917378917629e-03 1.014957264957264994e-02
0.000000000000000000e+00 5.835113960113960108e-01 8.396100427350426942e-01 7.478632478632478951e-03 5.074786324786324972e-03
0.000000000000000000e+00 6.119123931623932089e-01 8.410790598290598385e-01 9.437321937321937332e-03 7.478632478632478951e-03
0.000000000000000000e+00 7.110933048433047965e-01 8.437500000000000000e-01 8.725071225071224720e-03 6.944444444444444059e-03
0.000000000000000000e+00 7.069978632478632896e-01 8.557692307692307265e-01 6.588319088319088621e-03 6.410256410256410034e-03
0.000000000000000000e+00 7.218660968660968180e-01 8.445512820512820484e-01 7.122507122507122646e-03 5.876068376068376009e-03
0.000000000000000000e+00 7.077101139601139623e-01 8.780715811965812412e-01 6.588319088319088621e-03 5.608974358974358997e-03
0.000000000000000000e+00 7.057514245014244736e-01 8.900908119658119677e-01 6.588319088319088621e-03 5.074786324786324972e-03
0.000000000000000000e+00 6.894586894586894887e-01 8.864850427350426942e-01 9.259259259259258745e-03 6.944444444444444059e-03
0.000000000000000000e+00 6.913283475783476018e-01 8.708600427350426942e-01 5.876068376068376009e-03 5.074786324786324972e-03
0.000000000000000000e+00 7.186609686609686243e-01 8.850160256410256610e-01 6.410256410256410034e-03 5.608974358974358997e-03
0.000000000000000000e+00 7.058404558404558493e-01 9.045138888888888395e-01 6.766381766381766340e-03 4.540598290598290947e-03
0.000000000000000000e+00 6.883012820512820484e-01 9.196047008547008073e-01 4.095441595441595348e-03 9.615384615384615918e-03
0.000000000000000000e+00 6.976495726495726135e-01 9.222756410256410797e-01 3.561253561253561323e-03 1.228632478632478604e-02
0.000000000000000000e+00 7.132300569800569257e-01 9.584668803418803229e-01 6.944444444444444059e-03 6.143162393162393022e-03
0.000000000000000000e+00 7.346866096866097040e-01 9.333600427350426942e-01 8.547008547008547868e-03 6.677350427350427046e-03
0.000000000000000000e+00 7.219551282051281937e-01 9.793002136752136932e-01 4.095441595441595348e-03 1.201923076923076990e-02
0.000000000000000000e+00 7.171474358974359031e-01 9.810363247863247427e-01 4.095441595441595348e-03 1.068376068376068397e-02
0.000000000000000000e+00 9.186253561253561184e-01 9.583333333333333703e-01 3.917378917378917629e-03 1.228632478632478604e-02
0.000000000000000000e+00 9.238782051282051766e-01 9.591346153846154188e-01 4.095441595441595348e-03 1.068376068376068397e-02
0.000000000000000000e+00 9.428418803418803229e-01 9.628739316239316448e-01 3.917378917378917629e-03 1.121794871794871799e-02
0.000000000000000000e+00 9.474715099715099731e-01 9.648771367521367104e-01 4.629629629629629373e-03 1.308760683760683795e-02
0.000000000000000000e+00 9.520121082621082476e-01 9.648771367521367104e-01 4.095441595441595348e-03 1.095085470085470011e-02
0.000000000000000000e+00 9.699964387464387050e-01 9.857104700854700807e-01 7.300569800569800365e-03 6.677350427350427046e-03
0.000000000000000000e+00 9.902955840455840431e-01 9.696848290598291120e-01 7.300569800569800365e-03 1.842948717948717993e-02
0.000000000000000000e+00 9.901175213675214026e-01 9.842414529914529364e-01 4.451566951566951653e-03 9.081196581196581893e-03
0.000000000000000000e+00 9.909188034188034511e-01 9.971955128205127750e-01 3.917378917378917629e-03 5.608974358974358997e-03
0.000000000000000000e+00 9.520121082621082476e-01 8.414797008547008073e-01 5.163817663817663398e-03 9.882478632478632063e-03
0.000000000000000000e+00 9.658119658119658224e-01 8.822115384615384359e-01 6.054131054131053728e-03 1.068376068376068397e-02
