0.000000000000000000e+00 3.703703703703703498e-02 1.343482905982905928e-01 3.561253561253561323e-03 1.014957264957264994e-02
0.000000000000000000e+00 1.649750712250712126e-01 1.415598290598290600e-02 4.095441595441595348e-03 1.121794871794871799e-02
0.000000000000000000e+00 1.655982905982905928e-01 5.715811965811965628e-02 6.410256410256410034e-03 6.410256410256410034e-03
0.000000000000000000e+00 1.384437321937321830e-01 9.829059829059828834e-02 4.451566951566951653e-03 1.335470085470085409e-02
0.000000000000000000e+00 1.428952991452991372e-01 1.262019230769230727e-01 4.451566951566951653e-03 1.095085470085470011e-02
0.000000000000000000e+00 1.462784900284900269e-01 1.558493589743589758e-01 3.739316239316239476e-03 9.348290598290598039e-03
0.000000000000000000e+00 2.501780626780626959e-01 1.585202991452991372e-01 3.917378917378917629e-03 9.882478632478632063e-03
0.000000000000000000e+00 2.545405982905982745e-01 1.586538461538461453e-01 4.095441595441595348e-03 1.068376068376068397e-02
0.000000000000000000e+00 2.594373219373219408e-01 1.615918803418803507e-01 4.629629629629629373e-03 1.335470085470085409e-02
0.000000000000000000e+00 2.639779202279202153e-01 1.595886752136752018e-01 3.739316239316239476e-03 1.095085470085470011e-02
0.000000000000000000e+00 2.691417378917378977e-01 1.593215811965811857e-01 3.027065527065526864e-03 1.308760683760683795e-02
0.000000000000000000e+00 2.735042735042735318e-01 1.617254273504273587e-01 4.273504273504273934e-03 1.201923076923076990e-02
0.000000000000000000e+00 2.778668091168091103e-01 1.601228632478632341e-01 3.383190883190883170e-03 9.882478632478632063e-03
0.000000000000000000e+00 2.921118233618233417e-01 1.602564102564102699e-01 3.383190883190883170e-03 1.121794871794871799e-02
0.000000000000000000e+00 3.026175213675213471e-01 1.602564102564102699e-01 3.739316239316239476e-03 1.121794871794871799e-02
0.000000000000000000e+00 3.109864672364672233e-01 1.607905982905983022e-01 3.383190883190883170e-03 9.615384615384615918e-03
0.000000000000000000e+00 3.156160968660968735e-01 1.605235042735042861e-01 3.739316239316239476e-03 1.014957264957264994e-02
0.000000000000000000e+00 3.209579772079771964e-01 1.602564102564102699e-01 3.739316239316239476e-03 1.014957264957264994e-02
0.000000000000000000e+00 3.349358974358974117e-01 1.613247863247863345e-01 3.561253561253561323e-03 9.081196581196581893e-03
0.000000000000000000e+00 3.538995726495726690e-01 1.618589743589743668e-01 3.027065527065526864e-03 1.014957264957264994e-02
0.000000000000000000e+00 3.823005698005698116e-01 1.631944444444444475e-01 3.917378917378917629e-03 1.282051282051282007e-02
0.000000000000000000e+00 3.867521367521367659e-01 1.630608974358974395e-01 3.561253561253561323e-03 1.041666666666666609e-02
0.000000000000000000e+00 3.915598290598290565e-01 1.641292735042735040e-01 3.917378917378917629e-03 1.255341880341880392e-02
0.000000000000000000e+00 3.967236467236467390e-01 1.641292735042735040e-01 3.917378917378917629e-03 1.041666666666666609e-02
0.000000000000000000e+00 4.154202279202279247e-01 1.650641025641025605e-01 4.273504273504273934e-03 1.228632478632478604e-02
0.000000000000000000e+00 4.255698005698005937e-01 1.650641025641025605e-01 3.561253561253561323e-03 1.068376068376068397e-02
0.000000000000000000e+00 4.017984330484330457e-01 1.633279914529914556e-01 3.027065527065526864e-03 9.882478632478632063e-03
0.000000000000000000e+00 4.918981481481481399e-01 1.662660256410256332e-01 3.027065527065526864e-03 8.814102564102564014e-03
0.000000000000000000e+00 4.955484330484330457e-01 1.676014957264957139e-01 3.561253561253561323e-03 1.041666666666666609e-02
0.000000000000000000e+00 5.009793447293446889e-01 1.665331196581196493e-01 3.383190883190883170e-03 9.348290598290598039e-03
0.000000000000000000e+00 5.152243589743589203e-01 1.677350427350427220e-01 3.383190883190883170e-03 1.014957264957264994e-02
0.000000000000000000e+00 5.346331908831908342e-01 1.686698717948718063e-01 3.383190883190883170e-03 8.814102564102564014e-03
0.000000000000000000e+00 6.090633903133902960e-01 1.575854700854700807e-02 3.027065527065526864e-03 1.068376068376068397e-02
0.000000000000000000e+00 7.191061253561253919e-01 5.261752136752136794e-02 6.232193732193732315e-03 5.341880341880341984e-03
0.000000000000000000e+00 7.226673789173788665e-01 7.491987179487179238e-02 3.739316239316239476e-03 1.041666666666666609e-02
0.000000000000000000e+00 7.278311965811965489e-01 7.438568376068376009e-02 3.383190883190883170e-03 1.095085470085470011e-02
0.000000000000000000e+00 7.690527065527065220e-01 1.316773504273504314e-01 7.478632478632478951e-03 5.341880341880341984e-03
0.000000000000000000e+00 8.933404558404558493e-01 1.619925213675213749e-01 3.561253561253561323e-03 8.279914529914529989e-03
0.000000000000000000e+00 8.981481481481481399e-01 1.630608974358974395e-01 3.561253561253561323e-03 1.041666666666666609e-02
0.000000000000000000e+00 9.065170940170940161e-01 1.661324786324786251e-01 3.917378917378917629e-03 1.121794871794871799e-02
0.000000000000000000e+00 9.114138176638176825e-01 1.665331196581196493e-01 4.095441595441595348e-03 1.201923076923076990e-02
0.000000000000000000e+00 9.206730769230768718e-01 1.678685897435897301e-01 3.383190883190883170e-03 1.041666666666666609e-02
0.000000000000000000e+00 9.491631054131054457e-01 1.527777777777777901e-01 8.725071225071224720e-03 5.876068376068376009e-03
0.000000000000000000e+00 9.500534188034187588e-01 1.465010683760683829e-01 7.300569800569800365e-03 5.608974358974358997e-03
0.000000000000000000e+00 9.676816239316239354e-01 1.514423076923076816e-01 6.944444444444444059e-03 4.273504273504273934e-03
0.000000000000000000e+00 9.677706552706553111e-01 1.582532051282051211e-01 7.834757834757835257e-03 4.540598290598290947e-03
0.000000000000000000e+00 9.673254985754985436e-01 1.706730769230769273e-01 6.944444444444444059e-03 4.807692307692307959e-03
0.000000000000000000e+00 9.875356125356125059e-01 6.864316239316239909e-02 6.410256410256410034e-03 1.923076923076923184e-02
0.000000000000000000e+00 9.875356125356125059e-01 9.895833333333332871e-02 3.917378917378917629e-03 1.041666666666666609e-02
0.000000000000000000e+00 9.869123931623932089e-01 1.145833333333333287e-01 4.451566951566951653e-03 1.175213675213675202e-02
0.000000000000000000e+00 9.001958689458688934e-01 5.422008547008547175e-02 4.095441595441595348e-03 1.014957264957264994e-02
0.000000000000000000e+00 3.534544159544159708e-02 2.266292735042735040e-01 4.451566951566951653e-03 1.148504273504273587e-02
0.000000000000000000e+00 5.003561253561253364e-02 1.678685897435897301e-01 3.917378917378917629e-03 1.041666666666666609e-02
0.000000000000000000e+00 1.484152421652421561e-01 1.720085470085470081e-01 4.451566951566951653e-03 1.068376068376068397e-02
0.000000000000000000e+00 1.534900284900284906e-01 2.155448717948718063e-01 4.629629629629629373e-03 1.282051282051282007e-02
0.000000000000000000e+00 1.559829059829059839e-01 2.310363247863247982e-01 4.629629629629629373e-03 1.014957264957264994e-02
0.000000000000000000e+00 1.599893162393162260e-01 2.537393162393162260e-01 4.807692307692307959e-03 1.121794871794871799e-02
0.000000000000000000e+00 1.697827635327635309e-01 2.959401709401709435e-01 4.807692307692307959e-03 1.175213675213675202e-02
0.000000000000000000e+00 1.728098290598290565e-01 3.087606837606837740e-01 4.807692307692307959e-03 1.175213675213675202e-02
0.000000000000000000e+00 1.757478632478632341e-01 3.230502136752136932e-01 5.341880341880341984e-03 1.362179487179487197e-02
0.000000000000000000e+00 1.939992877492877354e-01 3.122329059829059839e-01 5.876068376068376009e-03 8.012820512820512109e-03
0.000000000000000000e+00 1.924857549857549865e-01 3.062232905982906206e-01 6.766381766381766340e-03 5.074786324786324972e-03
0.000000000000000000e+00 2.427884615384615363e-01 3.115651709401709435e-01 7.656695156695156670e-03 7.745726495726495964e-03
0.000000000000000000e+00 2.465277777777777901e-01 3.279914529914529919e-01 6.944444444444444059e-03 8.012820512820512109e-03
0.000000000000000000e+00 2.375356125356125336e-01 2.873931623931623713e-01 7.834757834757835257e-03 8.012820512820512109e-03
0.000000000000000000e+00 2.632656695156695426e-01 3.227831196581196771e-01 5.163817663817663398e-03 1.095085470085470011e-02
0.000000000000000000e+00 2.658475783475783283e-01 3.310630341880341776e-01 4.985754985754985678e-03 1.041666666666666609e-02
0.000000000000000000e+00 3.356481481481481399e-01 1.854967948717948789e-01 7.478632478632478951e-03 5.608974358974358997e-03
0.000000000000000000e+00 3.444622507122507282e-01 1.852297008547008628e-01 8.368945868945869282e-03 6.143162393162393022e-03
0.000000000000000000e+00 4.384793447293447444e-01 1.884348290598290565e-01 6.588319088319088621e-03 5.074786324786324972e-03
0.000000000000000000e+00 4.165776353276353094e-01 1.875000000000000000e-01 8.012820512820512109e-03 3.205128205128205017e-03
0.000000000000000000e+00 4.290420227920228036e-01 1.879006410256410242e-01 6.944444444444444059e-03 4.006410256410256054e-03
0.000000000000000000e+00 5.198539886039885705e-01 1.688034188034188143e-01 3.383190883190883170e-03 1.014957264957264994e-02
0.000000000000000000e+00 5.247507122507122368e-01 1.692040598290598385e-01 3.561253561253561323e-03 1.095085470085470011e-02
0.000000000000000000e+00 5.294693732193732627e-01 1.694711538461538547e-01 4.095441595441595348e-03 1.255341880341880392e-02
0.000000000000000000e+00 5.396189458689458762e-01 1.696047008547008628e-01 3.383190883190883170e-03 1.014957264957264994e-02
0.000000000000000000e+00 5.538639601139601076e-01 1.705395299145299193e-01 3.739316239316239476e-03 1.148504273504273587e-02
0.000000000000000000e+00 5.584045584045583821e-01 1.702724358974359031e-01 3.917378917378917629e-03 1.201923076923076990e-02
0.000000000000000000e+00 5.634793447293446889e-01 1.686698717948718063e-01 4.095441595441595348e-03 1.095085470085470011e-02
0.000000000000000000e+00 5.332977207977207534e-01 1.921741452991453103e-01 7.834757834757835257e-03 4.540598290598290947e-03
0.000000000000000000e+00 5.440705128205127750e-01 1.920405982905983022e-01 7.300569800569800365e-03 5.341880341880341984e-03
0.000000000000000000e+00 5.738960113960114295e-01 1.696047008547008628e-01 3.205128205128205017e-03 9.615384615384615918e-03
0.000000000000000000e+00 5.925925925925925597e-01 1.712072649572649596e-01 3.917378917378917629e-03 1.068376068376068397e-02
0.000000000000000000e+00 5.969551282051281937e-01 1.704059829059829112e-01 3.383190883190883170e-03 1.121794871794871799e-02
0.000000000000000000e+00 8.676103988603988126e-01 1.861645299145299193e-01 8.012820512820512109e-03 5.876068376068376009e-03
0.000000000000000000e+00 8.643162393162393542e-01 2.126068376068376009e-01 6.766381766381766340e-03 6.944444444444444059e-03
0.000000000000000000e+00 8.619123931623932089e-01 2.321047008547008628e-01 5.519943019943019703e-03 5.341880341880341984e-03
0.000000000000000000e+00 8.570156695156695426e-01 2.713675213675213471e-01 6.410256410256410034e-03 5.341880341880341984e-03
0.000000000000000000e+00 8.553240740740740700e-01 2.781784188034188143e-01 7.656695156695156670e-03 5.074786324786324972e-03
0.000000000000000000e+00 7.536502849002848503e-01 2.545405982905982745e-01 6.588319088319088621e-03 5.341880341880341984e-03
0.000000000000000000e+00 8.995726495726495964e-01 1.933760683760683829e-01 3.561253561253561323e-03 9.615384615384615918e-03
0.000000000000000000e+00 9.252136752136752573e-01 1.698717948717948789e-01 3.917378917378917629e-03 1.335470085470085409e-02
0.000000000000000000e+00 9.079415954415954726e-01 1.951121794871794879e-01 3.561253561253561323e-03 9.348290598290598039e-03
0.000000000000000000e+00 9.123931623931623713e-01 1.972489316239316171e-01 3.917378917378917629e-03 1.041666666666666609e-02
0.000000000000000000e+00 9.172898860398860377e-01 1.971153846153846090e-01 4.095441595441595348e-03 1.068376068376068397e-02
0.000000000000000000e+00 9.327813390313390851e-01 2.009882478632478708e-01 3.027065527065526864e-03 9.882478632478632063e-03
0.000000000000000000e+00 9.373219373219373596e-01 2.015224358974359031e-01 4.273504273504273934e-03 9.882478632478632063e-03
0.000000000000000000e+00 9.412393162393162260e-01 2.024572649572649596e-01 4.629629629629629373e-03 1.068376068376068397e-02
0.000000000000000000e+00 9.456018518518518601e-01 2.048611111111111049e-01 4.095441595441595348e-03 1.014957264957264994e-02
0.000000000000000000e+00 9.501424501424501345e-01 2.059294871794871695e-01 3.917378917378917629e-03 1.014957264957264994e-02
0.000000000000000000e+00 9.680377492877493273e-01 1.777510683760683829e-01 6.588319088319088621e-03 4.540598290598290947e-03
0.000000000000000000e+00 1.050569800569800538e-01 3.484241452991452825e-01 4.273504273504273934e-03 1.148504273504273587e-02
0.000000000000000000e+00 1.097756410256410242e-01 3.493589743589743390e-01 3.383190883190883170e-03 1.068376068376068397e-02
0.000000000000000000e+00 9.731125356125355785e-02 3.843482905982906206e-01 4.451566951566951653e-03 1.121794871794871799e-02
0.000000000000000000e+00 1.066595441595441646e-01 3.847489316239316448e-01 3.917378917378917629e-03 1.095085470085470011e-02
0.000000000000000000e+00 9.232549857549857131e-02 3.971688034188033956e-01 3.739316239316239476e-03 9.615384615384615918e-03
0.000000000000000000e+00 9.748931623931623991e-02 3.963675213675213471e-01 3.383190883190883170e-03 1.121794871794871799e-02
0.000000000000000000e+00 1.068376068376068327e-01 3.974358974358974117e-01 3.205128205128205017e-03 1.014957264957264994e-02
0.000000000000000000e+00 9.339387464387464977e-02 4.269497863247863068e-01 4.095441595441595348e-03 1.201923076923076990e-02
0.000000000000000000e+00 8.440170940170940717e-02 4.381677350427350404e-01 3.917378917378917629e-03 1.041666666666666609e-02
0.000000000000000000e+00 8.876424501424501345e-02 4.401709401709401615e-01 3.739316239316239476e-03 1.121794871794871799e-02
0.000000000000000000e+00 9.312678062678063362e-02 4.403044871794871695e-01 3.917378917378917629e-03 1.095085470085470011e-02
0.000000000000000000e+00 6.757478632478632063e-02 4.492521367521367659e-01 8.012820512820512109e-03 4.807692307692307959e-03
0.000000000000000000e+00 8.404558404558404305e-02 4.684829059829059839e-01 3.561253561253561323e-03 1.068376068376068397e-02
0.000000000000000000e+00 8.867521367521367937e-02 4.686164529914529919e-01 3.561253561253561323e-03 1.095085470085470011e-02
0.000000000000000000e+00 9.294871794871795156e-02 4.694177350427350404e-01 3.917378917378917629e-03 1.095085470085470011e-02
0.000000000000000000e+00 9.757834757834757400e-02 4.679487179487179516e-01 3.205128205128205017e-03 9.615384615384615918e-03
0.000000000000000000e+00 1.022079772079772103e-01 4.690170940170940161e-01 2.492877492877492839e-03 1.014957264957264994e-02
0.000000000000000000e+00 8.368945868945869282e-02 4.815705128205128305e-01 4.273504273504273934e-03 9.081196581196581893e-03
0.000000000000000000e+00 8.885327635327634754e-02 4.805021367521367659e-01 3.561253561253561323e-03 9.615384615384615918e-03
0.000000000000000000e+00 9.312678062678063362e-02 4.815705128205128305e-01 3.917378917378917629e-03 1.014957264957264994e-02
0.000000000000000000e+00 9.784544159544159014e-02 4.806356837606837740e-01 4.095441595441595348e-03 9.348290598290598039e-03
0.000000000000000000e+00 2.007656695156695148e-01 3.370726495726495964e-01 5.876068376068376009e-03 6.944444444444444059e-03
0.000000000000000000e+00 2.083333333333333426e-01 3.719284188034188143e-01 7.122507122507122646e-03 7.745726495726495964e-03
0.000000000000000000e+00 2.097578347578347713e-01 3.786057692307692180e-01 6.766381766381766340e-03 5.608974358974358997e-03
0.000000000000000000e+00 2.114494301994301884e-01 3.848824786324786529e-01 7.656695156695156670e-03 6.944444444444444059e-03
0.000000000000000000e+00 2.175925925925925875e-01 4.083867521367521292e-01 7.122507122507122646e-03 5.341880341880341984e-03
0.000000000000000000e+00 2.164351851851851749e-01 4.023771367521367659e-01 6.232193732193732315e-03 5.608974358974358997e-03
0.000000000000000000e+00 2.147435897435897301e-01 3.962339743589743390e-01 7.122507122507122646e-03 6.677350427350427046e-03
0.000000000000000000e+00 2.589921652421652287e-01 3.786057692307692180e-01 7.300569800569800365e-03 8.814102564102564014e-03
0.000000000000000000e+00 2.684294871794871695e-01 4.188034188034188143e-01 6.588319088319088621e-03 8.012820512820512109e-03
0.000000000000000000e+00 3.204237891737891641e-01 4.483173076923077094e-01 4.095441595441595348e-03 1.201923076923076990e-02
0.000000000000000000e+00 2.672720797720797847e-01 3.413461538461538547e-01 6.410256410256410034e-03 1.121794871794871799e-02
0.000000000000000000e+00 2.825854700854700807e-01 4.083867521367521292e-01 8.903133903133903307e-03 1.549145299145299193e-02
0.000000000000000000e+00 2.972756410256410242e-01 4.666132478632478708e-01 8.725071225071224720e-03 6.410256410256410034e-03
0.000000000000000000e+00 3.271011396011396233e-01 4.326923076923077094e-01 8.547008547008547868e-03 7.478632478632478951e-03
0.000000000000000000e+00 3.576388888888888951e-01 4.324252136752136932e-01 8.012820512820512109e-03 6.410256410256410034e-03
0.000000000000000000e+00 3.284366096866097040e-01 4.480502136752136932e-01 4.451566951566951653e-03 1.201923076923076990e-02
0.000000000000000000e+00 3.330662393162392987e-01 4.483173076923077094e-01 3.739316239316239476e-03 1.095085470085470011e-02
0.000000000000000000e+00 3.451745014245014009e-01 4.485844017094017255e-01 4.807692307692307959e-03 1.201923076923076990e-02
0.000000000000000000e+00 3.493589743589743390e-01 4.469818376068376287e-01 3.205128205128205017e-03 8.814102564102564014e-03
0.000000000000000000e+00 3.539886039886039892e-01 4.461805555555555802e-01 3.561253561253561323e-03 9.348290598290598039e-03
0.000000000000000000e+00 3.623575498575498655e-01 4.468482905982906206e-01 4.273504273504273934e-03 1.121794871794871799e-02
0.000000000000000000e+00 3.668981481481481399e-01 4.471153846153846367e-01 3.027065527065526864e-03 1.068376068376068397e-02
0.000000000000000000e+00 3.711716524216523982e-01 4.477831196581196771e-01 3.739316239316239476e-03 1.041666666666666609e-02
0.000000000000000000e+00 3.784722222222222099e-01 4.298878205128205399e-01 6.588319088319088621e-03 5.074786324786324972e-03
0.000000000000000000e+00 3.883547008547008628e-01 4.285523504273504036e-01 7.122507122507122646e-03 5.608974358974358997e-03
0.000000000000000000e+00 3.795405982905982745e-01 4.467147435897436125e-01 4.451566951566951653e-03 1.148504273504273587e-02
0.000000000000000000e+00 3.923611111111111049e-01 4.463141025641025883e-01 4.095441595441595348e-03 1.228632478632478604e-02
0.000000000000000000e+00 4.008190883190883014e-01 4.445779914529914278e-01 3.561253561253561323e-03 9.348290598290598039e-03
0.000000000000000000e+00 4.207621082621082476e-01 4.559294871794871695e-01 7.834757834757835257e-03 5.341880341880341984e-03
0.000000000000000000e+00 4.205840455840456071e-01 4.626068376068376287e-01 8.190883190883190695e-03 4.807692307692307959e-03
0.000000000000000000e+00 4.963497150997150942e-01 4.200053418803418870e-01 8.725071225071224720e-03 7.211538461538461939e-03
0.000000000000000000e+00 4.824608262108261991e-01 4.943910256410256610e-01 8.725071225071224720e-03 5.341880341880341984e-03
0.000000000000000000e+00 5.087250712250712681e-01 4.232104700854700807e-01 7.122507122507122646e-03 6.677350427350427046e-03
0.000000000000000000e+00 5.172720797720797847e-01 4.261485042735042583e-01 5.341880341880341984e-03 5.608974358974358997e-03
0.000000000000000000e+00 5.435363247863247427e-01 4.277510683760683552e-01 5.876068376068376009e-03 4.540598290598290947e-03
0.000000000000000000e+00 5.572471509971509418e-01 4.117254273504273310e-01 9.081196581196581893e-03 5.608974358974358997e-03
0.000000000000000000e+00 5.722044159544159569e-01 4.202724358974359031e-01 8.368945868945869282e-03 6.143162393162393022e-03
0.000000000000000000e+00 5.627670940170940161e-01 4.214743589743589758e-01 5.519943019943019703e-03 5.341880341880341984e-03
0.000000000000000000e+00 5.903668091168091658e-01 4.257478632478632341e-01 3.739316239316239476e-03 1.121794871794871799e-02
0.000000000000000000e+00 5.967770655270655533e-01 4.261485042735042583e-01 3.383190883190883170e-03 9.348290598290598039e-03
0.000000000000000000e+00 6.057692307692307265e-01 4.232104700854700807e-01 6.410256410256410034e-03 6.143162393162393022e-03
0.000000000000000000e+00 6.117343304843304574e-01 4.387019230769230727e-01 8.725071225071224720e-03 5.074786324786324972e-03
0.000000000000000000e+00 6.116452991452991927e-01 4.459134615384615641e-01 6.410256410256410034e-03 4.540598290598290947e-03
0.000000000000000000e+00 6.112001424501424252e-01 4.727564102564102422e-01 8.368945868945869282e-03 4.273504273504273934e-03
0.000000000000000000e+00 6.108440170940171443e-01 4.917200854700854440e-01 7.656695156695156670e-03 3.739316239316239476e-03
0.000000000000000000e+00 6.461004273504273865e-01 4.246794871794871695e-01 5.519943019943019703e-03 5.876068376068376009e-03
0.000000000000000000e+00 6.603454415954416179e-01 4.939903846153846367e-01 6.588319088319088621e-03 6.143162393162393022e-03
0.000000000000000000e+00 6.632834757834757955e-01 4.750267094017093794e-01 7.122507122507122646e-03 6.677350427350427046e-03
0.000000000000000000e+00 7.334401709401708880e-01 5.004006410256410797e-01 6.410256410256410034e-03 5.608974358974358997e-03
0.000000000000000000e+00 7.316595441595441507e-01 4.285523504273504036e-01 9.259259259259258745e-03 7.211538461538461939e-03
0.000000000000000000e+00 9.606481481481481122e-02 5.102831196581196771e-01 3.739316239316239476e-03 9.882478632478632063e-03
0.000000000000000000e+00 6.908831908831908342e-02 6.295405982905982745e-01 4.273504273504273934e-03 5.876068376068376009e-03
0.000000000000000000e+00 2.522257834757834494e-01 5.845352564102563875e-01 5.163817663817663398e-03 9.882478632478632063e-03
0.000000000000000000e+00 2.552528490028490027e-01 5.957532051282051766e-01 4.807692307692307959e-03 1.041666666666666609e-02
0.000000000000000000e+00 3.108974358974359031e-01 5.761217948717948234e-01 4.629629629629629373e-03 8.547008547008547868e-03
0.000000000000000000e+00 3.225605413105412933e-01 5.725160256410256610e-01 5.519943019943019703e-03 1.148504273504273587e-02
0.000000000000000000e+00 3.394764957264957417e-01 5.654380341880341776e-01 5.519943019943019703e-03 1.282051282051282007e-02
0.000000000000000000e+00 3.469551282051281937e-01 5.631677350427350959e-01 5.519943019943019703e-03 1.201923076923076990e-02
0.000000000000000000e+00 3.555911680911680861e-01 5.604967948717948234e-01 4.985754985754985678e-03 1.041666666666666609e-02
0.000000000000000000e+00 3.640491452991452825e-01 5.580929487179486781e-01 4.807692307692307959e-03 1.255341880341880392e-02
0.000000000000000000e+00 3.682336182336182206e-01 5.578258547008546619e-01 4.629629629629629373e-03 9.882478632478632063e-03
0.000000000000000000e+00 3.721509971509971426e-01 5.568910256410256610e-01 3.917378917378917629e-03 1.014957264957264994e-02
0.000000000000000000e+00 3.764245014245014009e-01 5.547542735042735318e-01 4.273504273504273934e-03 1.014957264957264994e-02
0.000000000000000000e+00 2.969195156695156879e-01 6.053685897435897578e-01 5.519943019943019703e-03 4.540598290598290947e-03
0.000000000000000000e+00 3.121438746438746636e-01 6.021634615384615641e-01 4.273504273504273934e-03 8.814102564102564014e-03
0.000000000000000000e+00 3.084045584045583821e-01 6.404914529914529364e-01 8.547008547008547868e-03 5.341880341880341984e-03
0.000000000000000000e+00 3.212250712250712126e-01 5.993589743589743390e-01 4.985754985754985678e-03 1.014957264957264994e-02
0.000000000000000000e+00 3.413461538461538547e-01 5.957532051282051766e-01 4.629629629629629373e-03 8.814102564102564014e-03
0.000000000000000000e+00 3.801638176638176825e-01 5.538194444444444198e-01 3.561253561253561323e-03 9.348290598290598039e-03
0.000000000000000000e+00 3.808760683760683552e-01 5.858707264957264682e-01 4.985754985754985678e-03 1.148504273504273587e-02
0.000000000000000000e+00 3.891559829059829112e-01 5.848023504273504036e-01 4.451566951566951653e-03 1.148504273504273587e-02
0.000000000000000000e+00 3.935185185185185452e-01 5.536858974358974672e-01 4.629629629629629373e-03 1.068376068376068397e-02
0.000000000000000000e+00 3.961004273504273310e-01 5.809294871794872250e-01 5.163817663817663398e-03 1.335470085470085409e-02
0.000000000000000000e+00 4.087428774928774655e-01 5.805288461538461453e-01 4.451566951566951653e-03 1.095085470085470011e-02
0.000000000000000000e+00 4.255698005698005937e-01 5.822649572649573058e-01 3.561253561253561323e-03 1.068376068376068397e-02
0.000000000000000000e+00 4.367877492877492718e-01 5.810630341880341776e-01 3.205128205128205017e-03 1.148504273504273587e-02
0.000000000000000000e+00 4.406160968660968735e-01 5.806623931623932089e-01 4.095441595441595348e-03 1.228632478632478604e-02
0.000000000000000000e+00 4.489850427350427498e-01 5.583600427350426942e-01 6.232193732193732315e-03 4.006410256410256054e-03
0.000000000000000000e+00 5.174501424501424252e-01 6.111111111111111605e-01 8.190883190883190695e-03 6.410256410256410034e-03
0.000000000000000000e+00 5.097044159544159569e-01 6.267361111111111605e-01 8.368945868945869282e-03 4.540598290598290947e-03
0.000000000000000000e+00 6.555377492877493273e-01 5.193643162393162260e-01 5.876068376068376009e-03 5.074786324786324972e-03
0.000000000000000000e+00 6.842058404558404305e-01 6.286057692307692735e-01 7.656695156695156670e-03 5.608974358974358997e-03
0.000000000000000000e+00 6.990740740740740700e-01 6.302083333333333703e-01 6.766381766381766340e-03 6.143162393162393022e-03
0.000000000000000000e+00 6.832264957264957417e-01 6.650641025641025328e-01 6.766381766381766340e-03 1.068376068376068397e-02
0.000000000000000000e+00 7.283653846153845812e-01 6.319444444444444198e-01 7.656695156695156670e-03 6.410256410256410034e-03
0.000000000000000000e+00 7.125178062678062529e-01 5.416666666666666297e-01 3.383190883190883170e-03 9.081196581196581893e-03
0.000000000000000000e+00 7.103810541310541238e-01 5.547542735042735318e-01 3.739316239316239476e-03 9.081196581196581893e-03
0.000000000000000000e+00 7.250712250712251228e-01 5.643696581196581130e-01 5.698005698005698290e-03 5.876068376068376009e-03
0.000000000000000000e+00 7.284544159544159569e-01 5.388621794871795156e-01 7.834757834757835257e-03 7.745726495726495964e-03
0.000000000000000000e+00 7.315705128205127750e-01 5.204326923076922906e-01 7.656695156695156670e-03 5.608974358974358997e-03
0.000000000000000000e+00 7.337072649572649041e-01 5.080128205128204844e-01 6.588319088319088621e-03 5.876068376068376009e-03
0.000000000000000000e+00 7.507122507122506727e-01 6.283386752136752573e-01 7.122507122507122646e-03 6.677350427350427046e-03
0.000000000000000000e+00 3.550569800569800538e-01 7.402510683760683552e-01 5.341880341880341984e-03 5.074786324786324972e-03
0.000000000000000000e+00 4.076745014245014009e-01 7.696314102564102422e-01 2.670940170940170992e-03 1.041666666666666609e-02
0.000000000000000000e+00 5.187856125356125059e-01 7.757745726495726135e-01 7.300569800569800365e-03 6.677350427350427046e-03
0.000000000000000000e+00 5.119301994301994618e-01 8.142361111111111605e-01 6.766381766381766340e-03 6.143162393162393022e-03
0.000000000000000000e+00 5.436253561253561184e-01 7.604166666666666297e-01 6.410256410256410034e-03 5.876068376068376009e-03
0.000000000000000000e+00 5.828881766381766028e-01 7.474626068376067911e-01 7.656695156695156670e-03 5.608974358974358997e-03
0.000000000000000000e+00 5.833333333333333703e-01 7.188835470085470636e-01 3.917378917378917629e-03 1.041666666666666609e-02
0.000000000000000000e+00 6.106659544159543929e-01 7.154113247863247427e-01 3.739316239316239476e-03 1.148504273504273587e-02
0.000000000000000000e+00 6.155626780626780592e-01 7.199519230769231282e-01 3.917378917378917629e-03 1.095085470085470011e-02
0.000000000000000000e+00 6.202813390313390851e-01 7.214209401709401615e-01 4.451566951566951653e-03 1.335470085470085409e-02
0.000000000000000000e+00 6.344373219373219408e-01 7.278311965811965489e-01 4.273504273504273934e-03 1.068376068376068397e-02
0.000000000000000000e+00 6.621260683760683552e-01 7.369123931623932089e-01 4.095441595441595348e-03 1.175213675213675202e-02
0.000000000000000000e+00 6.597222222222222099e-01 7.665598290598291120e-01 6.054131054131053728e-03 5.876068376068376009e-03
0.000000000000000000e+00 6.879451566951566566e-01 7.654914529914529364e-01 6.588319088319088621e-03 1.068376068376068397e-02
0.000000000000000000e+00 6.950676638176638278e-01 7.477297008547008073e-01 6.232193732193732315e-03 1.201923076923076990e-02
0.000000000000000000e+00 7.075320512820513219e-01 7.680288461538461453e-01 8.012820512820512109e-03 7.211538461538461939e-03
0.000000000000000000e+00 7.020121082621082476e-01 7.852564102564102422e-01 8.725071225071224720e-03 9.615384615384615918e-03
0.000000000000000000e+00 9.213853276353276556e-01 7.545405982905982745e-01 4.095441595441595348e-03 1.014957264957264994e-02
0.000000000000000000e+00 9.312678062678062529e-01 7.548076923076922906e-01 3.917378917378917629e-03 1.014957264957264994e-02
0.000000000000000000e+00 9.485398860398860377e-01 7.545405982905982745e-01 3.561253561253561323e-03 9.615384615384615918e-03
0.000000000000000000e+00 9.618055555555555802e-01 7.541399572649573058e-01 3.739316239316239476e-03 1.041666666666666609e-02
0.000000000000000000e+00 9.292200854700854995e-01 7.264957264957264682e-01 4.095441595441595348e-03 1.068376068376068397e-02
0.000000000000000000e+00 9.291310541310541238e-01 6.983173076923077094e-01 3.561253561253561323e-03 1.148504273504273587e-02
0.000000000000000000e+00 9.529914529914529364e-01 6.963141025641025328e-01 3.917378917378917629e-03 1.014957264957264994e-02
0.000000000000000000e+00 9.481837606837606458e-01 6.961805555555555802e-01 3.205128205128205017e-03 8.279914529914529989e-03
0.000000000000000000e+00 9.691951566951566566e-01 6.792200854700854995e-01 5.698005698005698290e-03 4.807692307692307959e-03
0.000000000000000000e+00 6.219729344729344467e-01 9.509882478632478708e-01 6.766381766381766340e-03 7.211538461538461939e-03
0.000000000000000000e+00 6.053240740740740700e-01 9.411057692307692735e-01 5.163817663817663398e-03 1.041666666666666609e-02
0.000000000000000000e+00 5.962428774928775210e-01 9.440438034188034511e-01 7.656695156695156670e-03 8.814102564102564014e-03
0.000000000000000000e+00 6.046118233618233972e-01 9.698183760683760646e-01 3.383190883190883170e-03 1.068376068376068397e-02
0.000000000000000000e+00 6.220619658119658224e-01 9.752938034188034511e-01 4.095441595441595348e-03 1.041666666666666609e-02
0.000000000000000000e+00 6.627492877492877632e-01 8.847489316239316448e-01 4.985754985754985678e-03 1.148504273504273587e-02
0.000000000000000000e+00 6.704950142450142314e-01 9.222756410256410797e-01 8.368945868945869282e-03 8.012820512820512109e-03
0.000000000000000000e+00 6.582977207977207534e-01 9.469818376068376287e-01 4.629629629629629373e-03 1.308760683760683795e-02
0.000000000000000000e+00 6.353276353276353650e-01 9.479166666666666297e-01 6.410256410256410034e-03 7.478632478632478951e-03
0.000000000000000000e+00 6.465455840455840431e-01 9.738247863247863068e-01 3.917378917378917629e-03 1.121794871794871799e-02
0.000000000000000000e+00 6.558938746438746081e-01 9.111912393162393542e-01 4.451566951566951653e-03 8.279914529914529989e-03
0.000000000000000000e+00 9.066061253561253919e-01 9.325587606837606458e-01 4.095441595441595348e-03 8.814102564102564014e-03
