0.000000000000000000e+00 1.449430199430199462e-01 2.924679487179487197e-02 8.903133903133903307e-03 8.279914529914529989e-03
0.000000000000000000e+00 3.849715099715099731e-01 2.417200854700854787e-02 7.122507122507122646e-03 5.608974358974358997e-03
0.000000000000000000e+00 4.407051282051281937e-01 1.402243589743589793e-02 6.410256410256410034e-03 5.074786324786324972e-03
0.000000000000000000e+00 4.425747863247863068e-01 3.432158119658119955e-02 7.656695156695156670e-03 5.608974358974358997e-03
0.000000000000000000e+00 4.741809116809116986e-01 4.006410256410256748e-02 8.190883190883190695e-03 7.478632478632478951e-03
0.000000000000000000e+00 4.837072649572649596e-01 4.166666666666666435e-02 6.944444444444444059e-03 6.410256410256410034e-03
0.000000000000000000e+00 4.502314814814814548e-01 1.322115384615384637e-01 8.368945868945869282e-03 5.876068376068376009e-03
0.000000000000000000e+00 4.628739316239316448e-01 1.322115384615384637e-01 6.588319088319088621e-03 5.876068376068376009e-03
0.000000000000000000e+00 4.628739316239316448e-01 1.395566239316239354e-01 6.944444444444444059e-03 6.143162393162393022e-03
0.000000000000000000e+00 4.495192307692307820e-01 1.396901709401709435e-01 6.588319088319088621e-03 5.341880341880341984e-03
0.000000000000000000e+00 4.626958689458689489e-01 1.599893162393162260e-01 6.944444444444444059e-03 4.273504273504273934e-03
0.000000000000000000e+00 5.129095441595441507e-01 4.660790598290598385e-02 8.368945868945869282e-03 7.211538461538461939e-03
0.000000000000000000e+00 5.251068376068376287e-01 4.821047008547008766e-02 8.547008547008547868e-03 8.279914529914529989e-03
0.000000000000000000e+00 5.422898860398860377e-01 7.171474358974358476e-02 8.012820512820512109e-03 6.143162393162393022e-03
0.000000000000000000e+00 5.880519943019942852e-01 8.560363247863247982e-02 8.012820512820512109e-03 7.211538461538461939e-03
0.000000000000000000e+00 5.830662393162393542e-01 3.912927350427350404e-02 6.232193732193732315e-03 4.540598290598290947e-03
0.000000000000000000e+00 6.091524216524216717e-01 7.345085470085470011e-03 6.766381766381766340e-03 6.143162393162393022e-03
0.000000000000000000e+00 6.087072649572649041e-01 1.575854700854700807e-02 6.232193732193732315e-03 4.807692307692307959e-03
0.000000000000000000e+00 6.082621082621082476e-01 2.256944444444444406e-02 6.410256410256410034e-03 6.143162393162393022e-03
0.000000000000000000e+00 6.049679487179486781e-01 6.303418803418803229e-02 7.656695156695156670e-03 7.478632478632478951e-03
0.000000000000000000e+00 6.156517094017094349e-01 6.290064102564102422e-02 7.300569800569800365e-03 6.143162393162393022e-03
0.000000000000000000e+00 5.846688034188034511e-01 1.606570512820512941e-01 3.739316239316239476e-03 9.348290598290598039e-03
0.000000000000000000e+00 6.256232193732194080e-01 1.641292735042735040e-01 3.739316239316239476e-03 1.041666666666666609e-02
0.000000000000000000e+00 6.268696581196581130e-01 6.583867521367521569e-02 7.300569800569800365e-03 6.677350427350427046e-03
0.000000000000000000e+00 6.375534188034187588e-01 6.730769230769230449e-02 9.081196581196581893e-03 6.944444444444444059e-03
0.000000000000000000e+00 6.482371794871795156e-01 6.891025641025641524e-02 7.656695156695156670e-03 5.876068376068376009e-03
0.000000000000000000e+00 6.595441595441595695e-01 6.984508547008547175e-02 7.478632478632478951e-03 6.677350427350427046e-03
0.000000000000000000e+00 6.704950142450142314e-01 7.224893162393161705e-02 6.944444444444444059e-03 6.143162393162393022e-03
0.000000000000000000e+00 6.815349002849002691e-01 7.198183760683760091e-02 6.944444444444444059e-03 8.279914529914529989e-03
0.000000000000000000e+00 7.040598290598291120e-01 1.256677350427350404e-01 3.917378917378917629e-03 1.041666666666666609e-02
0.000000000000000000e+00 7.088675213675214026e-01 1.258012820512820484e-01 3.205128205128205017e-03 1.068376068376068397e-02
0.000000000000000000e+00 7.462606837606837740e-01 4.700854700854700807e-02 7.834757834757835257e-03 5.876068376068376009e-03
0.000000000000000000e+00 7.464387464387464144e-01 4.046474358974359170e-02 9.615384615384615918e-03 6.677350427350427046e-03
0.000000000000000000e+00 7.470619658119658224e-01 2.657585470085470011e-02 9.081196581196581893e-03 7.211538461538461939e-03
0.000000000000000000e+00 7.289886039886039892e-01 2.043269230769230796e-02 7.122507122507122646e-03 5.608974358974358997e-03
0.000000000000000000e+00 7.466168091168091658e-01 3.338675213675213610e-02 8.547008547008547868e-03 5.341880341880341984e-03
0.000000000000000000e+00 7.297898860398860377e-01 8.279914529914529989e-03 7.300569800569800365e-03 5.876068376068376009e-03
0.000000000000000000e+00 7.468839031339031820e-01 1.308760683760683795e-02 4.451566951566951653e-03 1.335470085470085409e-02
0.000000000000000000e+00 7.518696581196581130e-01 1.442307692307692388e-02 3.027065527065526864e-03 1.014957264957264994e-02
0.000000000000000000e+00 9.871794871794872250e-01 8.066239316239316726e-02 8.190883190883190695e-03 4.807692307692307959e-03
0.000000000000000000e+00 9.940349002849002691e-01 8.920940170940171166e-02 8.012820512820512109e-03 5.341880341880341984e-03
0.000000000000000000e+00 1.050569800569800538e-01 2.612179487179487336e-01 5.341880341880341984e-03 1.228632478632478604e-02
0.000000000000000000e+00 1.304309116809116709e-01 2.795138888888888951e-01 3.739316239316239476e-03 9.882478632478632063e-03
0.000000000000000000e+00 1.349715099715099731e-01 2.799145299145299193e-01 3.917378917378917629e-03 1.014957264957264994e-02
0.000000000000000000e+00 1.484152421652421561e-01 2.808493589743589758e-01 4.095441595441595348e-03 9.882478632478632063e-03
0.000000000000000000e+00 1.532229344729344744e-01 3.115651709401709435e-01 4.451566951566951653e-03 1.201923076923076990e-02
0.000000000000000000e+00 1.988960113960114018e-01 2.358440170940170888e-01 4.273504273504273934e-03 8.012820512820512109e-03
0.000000000000000000e+00 2.563212250712250673e-01 3.034188034188033956e-01 3.383190883190883170e-03 9.615384615384615918e-03
0.000000000000000000e+00 2.712784900284900269e-01 3.036858974358974117e-01 4.095441595441595348e-03 8.012820512820512109e-03
0.000000000000000000e+00 3.151709401709401615e-01 3.063568376068376287e-01 3.205128205128205017e-03 9.081196581196581893e-03
0.000000000000000000e+00 3.673433048433048520e-01 3.048878205128205399e-01 4.273504273504273934e-03 1.095085470085470011e-02
0.000000000000000000e+00 3.773148148148148251e-01 3.062232905982906206e-01 3.917378917378917629e-03 1.148504273504273587e-02
0.000000000000000000e+00 3.683226495726495964e-01 2.743055555555555802e-01 3.739316239316239476e-03 9.615384615384615918e-03
0.000000000000000000e+00 3.728632478632478708e-01 2.733707264957264682e-01 3.561253561253561323e-03 1.148504273504273587e-02
0.000000000000000000e+00 4.626068376068376287e-01 1.862980769230769273e-01 6.410256410256410034e-03 5.074786324786324972e-03
0.000000000000000000e+00 4.626068376068376287e-01 1.937767094017094072e-01 6.766381766381766340e-03 5.074786324786324972e-03
0.000000000000000000e+00 4.472044159544159569e-01 1.981837606837606736e-01 7.656695156695156670e-03 6.410256410256410034e-03
0.000000000000000000e+00 4.477386039886039892e-01 2.122061965811965767e-01 6.944444444444444059e-03 5.074786324786324972e-03
0.000000000000000000e+00 4.629629629629629650e-01 2.142094017094016978e-01 7.122507122507122646e-03 5.876068376068376009e-03
0.000000000000000000e+00 4.611823361823361722e-01 2.530715811965811857e-01 6.766381766381766340e-03 5.074786324786324972e-03
0.000000000000000000e+00 4.476495726495726690e-01 2.525373931623931534e-01 6.766381766381766340e-03 4.006410256410256054e-03
0.000000000000000000e+00 4.618945868945869004e-01 2.598824786324786529e-01 8.190883190883190695e-03 6.410256410256410034e-03
0.000000000000000000e+00 3.773148148148148251e-01 2.752403846153846367e-01 4.273504273504273934e-03 1.095085470085470011e-02
0.000000000000000000e+00 3.911146723646723444e-01 2.748397435897436125e-01 4.095441595441595348e-03 1.014957264957264994e-02
0.000000000000000000e+00 3.971688034188033956e-01 2.751068376068376287e-01 3.383190883190883170e-03 1.014957264957264994e-02
0.000000000000000000e+00 3.959223646723646906e-01 3.058226495726495964e-01 3.383190883190883170e-03 1.068376068376068397e-02
0.000000000000000000e+00 3.871972934472934225e-01 3.052884615384615641e-01 3.383190883190883170e-03 1.014957264957264994e-02
0.000000000000000000e+00 4.161324786324786529e-01 3.064903846153846367e-01 3.205128205128205017e-03 9.882478632478632063e-03
0.000000000000000000e+00 4.205840455840456071e-01 3.080929487179487336e-01 3.561253561253561323e-03 7.745726495726495964e-03
0.000000000000000000e+00 4.060719373219373041e-01 3.067574786324786529e-01 3.739316239316239476e-03 1.095085470085470011e-02
0.000000000000000000e+00 4.923433048433048520e-01 2.784455128205128305e-01 3.561253561253561323e-03 9.882478632478632063e-03
0.000000000000000000e+00 4.971509971509971426e-01 2.785790598290598385e-01 4.273504273504273934e-03 1.335470085470085409e-02
0.000000000000000000e+00 5.017806267806267373e-01 2.783119658119658224e-01 3.917378917378917629e-03 1.121794871794871799e-02
0.000000000000000000e+00 5.014245014245014564e-01 3.098290598290598385e-01 2.849002849002849145e-03 1.014957264957264994e-02
0.000000000000000000e+00 4.926103988603988681e-01 3.071581196581196771e-01 2.670940170940170992e-03 7.478632478632478951e-03
0.000000000000000000e+00 4.482727920227920215e-01 1.852297008547008628e-01 7.656695156695156670e-03 5.608974358974358997e-03
0.000000000000000000e+00 5.076566951566952035e-01 2.779113247863247982e-01 3.917378917378917629e-03 9.882478632478632063e-03
0.000000000000000000e+00 5.115740740740740700e-01 2.787126068376068466e-01 3.561253561253561323e-03 9.882478632478632063e-03
0.000000000000000000e+00 5.273326210826211335e-01 2.800480769230769273e-01 4.451566951566951653e-03 1.095085470085470011e-02
0.000000000000000000e+00 5.315170940170940161e-01 2.796474358974359031e-01 4.629629629629629373e-03 1.228632478632478604e-02
0.000000000000000000e+00 5.363247863247863068e-01 2.788461538461538547e-01 4.273504273504273934e-03 1.282051282051282007e-02
0.000000000000000000e+00 5.201210826210825866e-01 3.098290598290598385e-01 3.917378917378917629e-03 1.282051282051282007e-02
0.000000000000000000e+00 5.265313390313390851e-01 3.095619658119658224e-01 4.273504273504273934e-03 1.175213675213675202e-02
0.000000000000000000e+00 6.037215099715099731e-01 3.115651709401709435e-01 4.451566951566951653e-03 1.255341880341880392e-02
0.000000000000000000e+00 5.798611111111111605e-01 1.907051282051281937e-01 3.027065527065526864e-03 1.014957264957264994e-02
0.000000000000000000e+00 7.021011396011396233e-01 1.854967948717948789e-01 7.834757834757835257e-03 6.143162393162393022e-03
0.000000000000000000e+00 6.980056980056980054e-01 2.184829059829059839e-01 6.054131054131053728e-03 5.341880341880341984e-03
0.000000000000000000e+00 6.977386039886039892e-01 2.252938034188034233e-01 7.656695156695156670e-03 5.608974358974358997e-03
0.000000000000000000e+00 6.949786324786324521e-01 2.608173076923077094e-01 6.054131054131053728e-03 5.608974358974358997e-03
0.000000000000000000e+00 6.931089743589743390e-01 2.764423076923077094e-01 8.012820512820512109e-03 6.944444444444444059e-03
0.000000000000000000e+00 7.153668091168091658e-01 2.218215811965811857e-01 6.944444444444444059e-03 6.143162393162393022e-03
0.000000000000000000e+00 7.280982905982905651e-01 2.087339743589743668e-01 7.478632478632478951e-03 6.677350427350427046e-03
0.000000000000000000e+00 7.214209401709401615e-01 2.759081196581196771e-01 6.232193732193732315e-03 5.876068376068376009e-03
0.000000000000000000e+00 6.918625356125356340e-01 3.088942307692307820e-01 3.739316239316239476e-03 1.095085470085470011e-02
0.000000000000000000e+00 7.086004273504273865e-01 2.936698717948718063e-01 7.300569800569800365e-03 6.143162393162393022e-03
0.000000000000000000e+00 9.396367521367521292e-01 2.005876068376068466e-01 6.054131054131053728e-03 1.388888888888888812e-02
0.000000000000000000e+00 9.594907407407406996e-01 2.166132478632478708e-01 9.081196581196581893e-03 7.478632478632478951e-03
0.000000000000000000e+00 9.643874643874643660e-01 2.763087606837607013e-01 5.341880341880341984e-03 1.201923076923076990e-02
0.000000000000000000e+00 2.350427350427350404e-02 4.333600427350427498e-01 4.273504273504273934e-03 1.148504273504273587e-02
0.000000000000000000e+00 1.264245014245014287e-01 3.967681623931623713e-01 5.341880341880341984e-03 1.308760683760683795e-02
0.000000000000000000e+00 1.538461538461538547e-01 3.547008547008547175e-01 6.410256410256410034e-03 6.944444444444444059e-03
0.000000000000000000e+00 1.307870370370370350e-01 4.246794871794871695e-01 4.451566951566951653e-03 1.121794871794871799e-02
0.000000000000000000e+00 1.347044159544159569e-01 4.544604700854700807e-01 4.095441595441595348e-03 9.348290598290598039e-03
0.000000000000000000e+00 1.368411680911680861e-01 4.706196581196581130e-01 4.451566951566951653e-03 1.121794871794871799e-02
0.000000000000000000e+00 2.402065527065526951e-01 4.572649572649572502e-01 3.561253561253561323e-03 9.081196581196581893e-03
0.000000000000000000e+00 2.447471509971509973e-01 4.586004273504273310e-01 4.095441595441595348e-03 1.068376068376068397e-02
0.000000000000000000e+00 2.493767806267806197e-01 4.607371794871794601e-01 3.739316239316239476e-03 1.228632478632478604e-02
0.000000000000000000e+00 2.541844729344729381e-01 4.586004273504273310e-01 3.739316239316239476e-03 9.615384615384615918e-03
0.000000000000000000e+00 2.594373219373219408e-01 4.586004273504273310e-01 3.561253561253561323e-03 1.175213675213675202e-02
0.000000000000000000e+00 2.642450142450142314e-01 4.610042735042735318e-01 4.273504273504273934e-03 1.175213675213675202e-02
0.000000000000000000e+00 2.683404558404558493e-01 4.596688034188033956e-01 3.561253561253561323e-03 1.068376068376068397e-02
0.000000000000000000e+00 2.825854700854700807e-01 4.588675213675213471e-01 3.561253561253561323e-03 1.068376068376068397e-02
0.000000000000000000e+00 2.934472934472934225e-01 4.596688034188033956e-01 3.205128205128205017e-03 1.121794871794871799e-02
0.000000000000000000e+00 3.020833333333333148e-01 4.598023504273504036e-01 3.739316239316239476e-03 9.348290598290598039e-03
0.000000000000000000e+00 3.066239316239316448e-01 4.592681623931623713e-01 3.917378917378917629e-03 1.041666666666666609e-02
0.000000000000000000e+00 3.122329059829059839e-01 4.592681623931623713e-01 3.739316239316239476e-03 1.041666666666666609e-02
0.000000000000000000e+00 3.265669515669515910e-01 4.603365384615384359e-01 3.917378917378917629e-03 9.348290598290598039e-03
0.000000000000000000e+00 3.452635327635327767e-01 4.611378205128205399e-01 3.917378917378917629e-03 1.041666666666666609e-02
0.000000000000000000e+00 3.270121082621082476e-01 4.845085470085470081e-01 6.588319088319088621e-03 5.341880341880341984e-03
0.000000000000000000e+00 3.361823361823361722e-01 4.845085470085470081e-01 7.478632478632478951e-03 5.341880341880341984e-03
0.000000000000000000e+00 3.748219373219373041e-01 4.619391025641025883e-01 3.561253561253561323e-03 1.201923076923076990e-02
0.000000000000000000e+00 3.789173789173789220e-01 4.618055555555555802e-01 3.917378917378917629e-03 1.175213675213675202e-02
0.000000000000000000e+00 3.837250712250712126e-01 4.631410256410256610e-01 4.273504273504273934e-03 1.335470085470085409e-02
0.000000000000000000e+00 3.888888888888888951e-01 4.634081196581196771e-01 3.917378917378917629e-03 1.014957264957264994e-02
0.000000000000000000e+00 3.944978632478632341e-01 4.620726495726495964e-01 3.739316239316239476e-03 1.014957264957264994e-02
0.000000000000000000e+00 4.084757834757834494e-01 4.642094017094017255e-01 4.273504273504273934e-03 1.175213675213675202e-02
0.000000000000000000e+00 4.180911680911680861e-01 4.632745726495726690e-01 4.629629629629629373e-03 1.201923076923076990e-02
0.000000000000000000e+00 4.092770655270655533e-01 4.874465811965811857e-01 7.656695156695156670e-03 5.341880341880341984e-03
0.000000000000000000e+00 4.215633903133902960e-01 4.873130341880341776e-01 8.725071225071224720e-03 5.074786324786324972e-03
0.000000000000000000e+00 4.320690883190883014e-01 4.871794871794871695e-01 6.944444444444444059e-03 5.341880341880341984e-03
0.000000000000000000e+00 4.858440170940170888e-01 4.647435897435897578e-01 2.670940170940170992e-03 9.081196581196581893e-03
0.000000000000000000e+00 4.895833333333333148e-01 4.662126068376068466e-01 3.383190883190883170e-03 1.148504273504273587e-02
0.000000000000000000e+00 4.991987179487179516e-01 4.650106837606837740e-01 3.739316239316239476e-03 8.547008547008547868e-03
0.000000000000000000e+00 5.097934472934473327e-01 4.654113247863247982e-01 3.561253561253561323e-03 9.882478632478632063e-03
0.000000000000000000e+00 5.143340455840456071e-01 4.671474358974359031e-01 3.383190883190883170e-03 1.068376068376068397e-02
0.000000000000000000e+00 5.191417378917378977e-01 4.668803418803418870e-01 3.739316239316239476e-03 1.121794871794871799e-02
0.000000000000000000e+00 5.240384615384615641e-01 4.676816239316239354e-01 3.917378917378917629e-03 1.121794871794871799e-02
0.000000000000000000e+00 5.292022792022792466e-01 4.668803418803418870e-01 3.917378917378917629e-03 1.014957264957264994e-02
0.000000000000000000e+00 5.342770655270655533e-01 4.675480769230769273e-01 3.383190883190883170e-03 1.148504273504273587e-02
0.000000000000000000e+00 5.055199430199430743e-01 4.906517094017093794e-01 6.766381766381766340e-03 5.876068376068376009e-03
0.000000000000000000e+00 5.278668091168091658e-01 4.910523504273504036e-01 8.368945868945869282e-03 5.074786324786324972e-03
0.000000000000000000e+00 5.387286324786324521e-01 4.909188034188033956e-01 7.300569800569800365e-03 4.807692307692307959e-03
0.000000000000000000e+00 5.486111111111111605e-01 4.684829059829059839e-01 3.917378917378917629e-03 1.121794871794871799e-02
0.000000000000000000e+00 5.533297720797720753e-01 4.675480769230769273e-01 3.739316239316239476e-03 1.148504273504273587e-02
0.000000000000000000e+00 5.584935897435897578e-01 4.663461538461538547e-01 4.095441595441595348e-03 1.175213675213675202e-02
0.000000000000000000e+00 5.687321937321937471e-01 4.666132478632478708e-01 3.561253561253561323e-03 1.014957264957264994e-02
0.000000000000000000e+00 5.882300569800569257e-01 4.687500000000000000e-01 3.383190883190883170e-03 1.121794871794871799e-02
0.000000000000000000e+00 5.924145299145299193e-01 4.682158119658119677e-01 3.205128205128205017e-03 1.121794871794871799e-02
0.000000000000000000e+00 5.998041310541311066e-01 4.929220085470085722e-01 8.368945868945869282e-03 5.608974358974358997e-03
0.000000000000000000e+00 6.223290598290598385e-01 4.931891025641025883e-01 6.410256410256410034e-03 5.074786324786324972e-03
0.000000000000000000e+00 7.157229344729344467e-01 3.481570512820512664e-01 6.232193732193732315e-03 5.608974358974358997e-03
0.000000000000000000e+00 7.193732193732194080e-01 3.708600427350427498e-01 3.917378917378917629e-03 9.348290598290598039e-03
0.000000000000000000e+00 7.244480056980057148e-01 3.695245726495726690e-01 3.739316239316239476e-03 1.095085470085470011e-02
0.000000000000000000e+00 8.667200854700854995e-01 4.814369658119658224e-01 8.012820512820512109e-03 6.143162393162393022e-03
0.000000000000000000e+00 9.177350427350426942e-01 3.512286324786324521e-01 3.917378917378917629e-03 1.175213675213675202e-02
0.000000000000000000e+00 9.220975783475783283e-01 3.514957264957264682e-01 3.383190883190883170e-03 1.068376068376068397e-02
0.000000000000000000e+00 9.456908831908832358e-01 3.572382478632478708e-01 4.629629629629629373e-03 1.308760683760683795e-02
0.000000000000000000e+00 9.499643874643874941e-01 3.577724358974359031e-01 3.917378917378917629e-03 1.095085470085470011e-02
0.000000000000000000e+00 9.412393162393162260e-01 3.555021367521367659e-01 3.917378917378917629e-03 9.615384615384615918e-03
0.000000000000000000e+00 9.876246438746438816e-01 3.628472222222222099e-01 6.232193732193732315e-03 1.896367521367521222e-02
0.000000000000000000e+00 9.871794871794872250e-01 3.782051282051281937e-01 3.917378917378917629e-03 9.081196581196581893e-03
0.000000000000000000e+00 9.876246438746438816e-01 3.926282051282051211e-01 3.739316239316239476e-03 1.014957264957264994e-02
0.000000000000000000e+00 9.871794871794872250e-01 4.071848290598290565e-01 3.917378917378917629e-03 1.148504273504273587e-02
0.000000000000000000e+00 9.680377492877493273e-01 4.463141025641025883e-01 7.300569800569800365e-03 3.739316239316239476e-03
0.000000000000000000e+00 9.680377492877493273e-01 4.528579059829059839e-01 9.081196581196581893e-03 5.074786324786324972e-03
0.000000000000000000e+00 9.677706552706553111e-01 4.654113247863247982e-01 7.478632478632478951e-03 4.540598290598290947e-03
0.000000000000000000e+00 8.989494301994301884e-01 4.887820512820512664e-01 4.451566951566951653e-03 1.068376068376068397e-02
0.000000000000000000e+00 9.076745014245014564e-01 4.906517094017093794e-01 4.095441595441595348e-03 1.014957264957264994e-02
0.000000000000000000e+00 9.123931623931623713e-01 4.925213675213675479e-01 3.917378917378917629e-03 1.014957264957264994e-02
0.000000000000000000e+00 9.173789173789174134e-01 4.926549145299145560e-01 4.273504273504273934e-03 1.148504273504273587e-02
0.000000000000000000e+00 8.927172364672364413e-01 4.571314102564102422e-01 3.383190883190883170e-03 9.348290598290598039e-03
0.000000000000000000e+00 8.974358974358974672e-01 4.581997863247863068e-01 3.205128205128205017e-03 1.041666666666666609e-02
0.000000000000000000e+00 9.064280626780626404e-01 4.611378205128205399e-01 3.739316239316239476e-03 1.095085470085470011e-02
0.000000000000000000e+00 9.105235042735042583e-01 4.614049145299145560e-01 3.739316239316239476e-03 1.148504273504273587e-02
0.000000000000000000e+00 9.204950142450142314e-01 4.618055555555555802e-01 3.383190883190883170e-03 9.615384615384615918e-03
0.000000000000000000e+00 9.247685185185184897e-01 4.635416666666666852e-01 3.739316239316239476e-03 1.308760683760683795e-02
0.000000000000000000e+00 9.326923076923077094e-01 4.958600427350427498e-01 3.917378917378917629e-03 9.882478632478632063e-03
0.000000000000000000e+00 9.375000000000000000e-01 4.967948717948718063e-01 4.273504273504273934e-03 9.615384615384615918e-03
0.000000000000000000e+00 9.417735042735042583e-01 4.974626068376068466e-01 4.629629629629629373e-03 1.095085470085470011e-02
0.000000000000000000e+00 2.190170940170940023e-02 5.265758547008546619e-01 3.561253561253561323e-03 1.201923076923076990e-02
0.000000000000000000e+00 9.357193732193731794e-02 6.506410256410256610e-01 4.451566951566951653e-03 1.175213675213675202e-02
0.000000000000000000e+00 9.846866096866097040e-02 6.511752136752136932e-01 3.917378917378917629e-03 1.121794871794871799e-02
0.000000000000000000e+00 1.417378917378917247e-01 5.148237179487179516e-01 4.273504273504273934e-03 1.201923076923076990e-02
0.000000000000000000e+00 1.444088319088319139e-01 5.308493589743589203e-01 4.629629629629629373e-03 9.882478632478632063e-03
0.000000000000000000e+00 1.487713675213675202e-01 5.532852564102563875e-01 4.451566951566951653e-03 1.255341880341880392e-02
0.000000000000000000e+00 1.906160968660968735e-01 6.380876068376067911e-01 6.232193732193732315e-03 6.410256410256410034e-03
0.000000000000000000e+00 2.334401709401709435e-01 6.123130341880341776e-01 7.122507122507122646e-03 7.211538461538461939e-03
0.000000000000000000e+00 2.373575498575498655e-01 6.291399572649573058e-01 6.410256410256410034e-03 7.211538461538461939e-03
0.000000000000000000e+00 1.656873219373219408e-01 6.260683760683760646e-01 4.807692307692307959e-03 8.547008547008547868e-03
0.000000000000000000e+00 2.548076923076922906e-01 6.229967948717948234e-01 4.985754985754985678e-03 9.348290598290598039e-03
0.000000000000000000e+00 2.571225071225071157e-01 6.318108974358974672e-01 4.273504273504273934e-03 1.148504273504273587e-02
0.000000000000000000e+00 2.582799145299145560e-01 6.414262820512820484e-01 5.519943019943019703e-03 9.882478632478632063e-03
0.000000000000000000e+00 7.448361823361823175e-01 6.153846153846154188e-01 9.259259259259258745e-03 8.547008547008547868e-03
0.000000000000000000e+00 8.632478632478632896e-01 5.086805555555555802e-01 6.766381766381766340e-03 5.608974358974358997e-03
0.000000000000000000e+00 8.619123931623932089e-01 5.289797008547008073e-01 4.807692307692307959e-03 5.074786324786324972e-03
0.000000000000000000e+00 8.530982905982905651e-01 5.934829059829059839e-01 8.190883190883190695e-03 6.410256410256410034e-03
0.000000000000000000e+00 7.643340455840456071e-01 6.009615384615384359e-01 9.793447293447292770e-03 7.478632478632478951e-03
0.000000000000000000e+00 9.458689458689458762e-01 5.000000000000000000e-01 4.985754985754985678e-03 1.068376068376068397e-02
0.000000000000000000e+00 9.507656695156695426e-01 5.009348290598291120e-01 4.095441595441595348e-03 9.882478632478632063e-03
0.000000000000000000e+00 8.600427350427350404e-02 6.869658119658119677e-01 3.917378917378917629e-03 1.121794871794871799e-02
0.000000000000000000e+00 9.544159544159544484e-02 6.872329059829059839e-01 4.273504273504273934e-03 1.175213675213675202e-02
0.000000000000000000e+00 8.119658119658119955e-02 6.987179487179486781e-01 4.273504273504273934e-03 1.228632478632478604e-02
0.000000000000000000e+00 8.627136752136752018e-02 6.988514957264957417e-01 3.383190883190883170e-03 1.095085470085470011e-02
0.000000000000000000e+00 9.553062678062677893e-02 6.992521367521367104e-01 3.739316239316239476e-03 1.014957264957264994e-02
0.000000000000000000e+00 8.181980056980056593e-02 7.294337606837606458e-01 4.451566951566951653e-03 1.175213675213675202e-02
0.000000000000000000e+00 5.600071225071225067e-02 7.529380341880341776e-01 8.012820512820512109e-03 5.341880341880341984e-03
0.000000000000000000e+00 7.300569800569800538e-02 7.410523504273504036e-01 3.561253561253561323e-03 1.095085470085470011e-02
0.000000000000000000e+00 7.719017094017094349e-02 7.429220085470085166e-01 4.451566951566951653e-03 1.201923076923076990e-02
0.000000000000000000e+00 8.181980056980056593e-02 7.429220085470085166e-01 4.095441595441595348e-03 1.201923076923076990e-02
0.000000000000000000e+00 9.045584045584045829e-02 7.426549145299145005e-01 3.917378917378917629e-03 1.095085470085470011e-02
0.000000000000000000e+00 7.256054131054130718e-02 7.715010683760683552e-01 4.095441595441595348e-03 1.041666666666666609e-02
0.000000000000000000e+00 7.763532763532764169e-02 7.716346153846154188e-01 3.561253561253561323e-03 1.121794871794871799e-02
0.000000000000000000e+00 8.173076923076923184e-02 7.723023504273504036e-01 3.561253561253561323e-03 1.095085470085470011e-02
0.000000000000000000e+00 8.644943019943020224e-02 7.709668803418803229e-01 3.739316239316239476e-03 9.348290598290598039e-03
0.000000000000000000e+00 7.247150997150997309e-02 7.849893162393162260e-01 3.917378917378917629e-03 9.615384615384615918e-03
0.000000000000000000e+00 7.781339031339030987e-02 7.837873931623932089e-01 3.205128205128205017e-03 1.041666666666666609e-02
0.000000000000000000e+00 8.199786324786324798e-02 7.852564102564102422e-01 4.095441595441595348e-03 1.068376068376068397e-02
0.000000000000000000e+00 8.689458689458690044e-02 7.837873931623932089e-01 3.917378917378917629e-03 9.348290598290598039e-03
0.000000000000000000e+00 8.493589743589743946e-02 8.143696581196581130e-01 4.273504273504273934e-03 1.175213675213675202e-02
0.000000000000000000e+00 1.984508547008546897e-01 6.729433760683760646e-01 6.588319088319088621e-03 7.211538461538461939e-03
0.000000000000000000e+00 2.000534188034188143e-01 6.798878205128204844e-01 6.944444444444444059e-03 5.608974358974358997e-03
0.000000000000000000e+00 2.017450142450142314e-01 6.861645299145299193e-01 7.122507122507122646e-03 6.944444444444444059e-03
0.000000000000000000e+00 2.057514245014245013e-01 6.972489316239316448e-01 5.876068376068376009e-03 6.143162393162393022e-03
0.000000000000000000e+00 2.070868945868945821e-01 7.035256410256410797e-01 5.698005698005698290e-03 4.807692307692307959e-03
0.000000000000000000e+00 2.076210826210826144e-01 7.095352564102563875e-01 5.698005698005698290e-03 5.074786324786324972e-03
0.000000000000000000e+00 2.113603988603988681e-01 7.230235042735042583e-01 6.410256410256410034e-03 5.341880341880341984e-03
0.000000000000000000e+00 2.140313390313390296e-01 7.345085470085470636e-01 8.190883190883190695e-03 6.944444444444444059e-03
0.000000000000000000e+00 2.504451566951567121e-01 6.802884615384615641e-01 7.656695156695156670e-03 9.081196581196581893e-03
0.000000000000000000e+00 2.597934472934472772e-01 7.191506410256410797e-01 6.766381766381766340e-03 8.814102564102564014e-03
0.000000000000000000e+00 2.737713675213675479e-01 7.106036324786324521e-01 7.656695156695156670e-03 1.842948717948717993e-02
0.000000000000000000e+00 2.890847578347578439e-01 7.688301282051281937e-01 8.725071225071224720e-03 6.143162393162393022e-03
0.000000000000000000e+00 3.129451566951567121e-01 7.490651709401708880e-01 4.451566951566951653e-03 1.095085470085470011e-02
0.000000000000000000e+00 3.196225071225071157e-01 7.337072649572649041e-01 7.834757834757835257e-03 6.410256410256410034e-03
0.000000000000000000e+00 3.211360398860398924e-01 7.490651709401708880e-01 4.095441595441595348e-03 1.201923076923076990e-02
0.000000000000000000e+00 3.258547008547008628e-01 7.486645299145299193e-01 3.917378917378917629e-03 1.068376068376068397e-02
0.000000000000000000e+00 3.378739316239316448e-01 7.490651709401708880e-01 4.451566951566951653e-03 1.255341880341880392e-02
0.000000000000000000e+00 3.426816239316239354e-01 7.483974358974359031e-01 3.739316239316239476e-03 9.081196581196581893e-03
0.000000000000000000e+00 3.469551282051281937e-01 7.478632478632478708e-01 3.739316239316239476e-03 1.068376068376068397e-02
0.000000000000000000e+00 3.506054131054130996e-01 7.342414529914529364e-01 8.903133903133903307e-03 6.410256410256410034e-03
0.000000000000000000e+00 3.555911680911680861e-01 7.482638888888888395e-01 3.917378917378917629e-03 1.148504273504273587e-02
0.000000000000000000e+00 3.597756410256410242e-01 7.482638888888888395e-01 3.739316239316239476e-03 1.148504273504273587e-02
0.000000000000000000e+00 3.640491452991452825e-01 7.486645299145299193e-01 4.095441595441595348e-03 1.014957264957264994e-02
0.000000000000000000e+00 3.716168091168091103e-01 7.310363247863247427e-01 6.766381766381766340e-03 4.807692307692307959e-03
0.000000000000000000e+00 3.730413105413105668e-01 7.478632478632478708e-01 3.917378917378917629e-03 1.175213675213675202e-02
0.000000000000000000e+00 3.858618233618233417e-01 7.471955128205127750e-01 3.561253561253561323e-03 1.148504273504273587e-02
0.000000000000000000e+00 3.822115384615384359e-01 7.290331196581196771e-01 7.656695156695156670e-03 4.006410256410256054e-03
0.000000000000000000e+00 3.945868945868946098e-01 7.466613247863247427e-01 3.205128205128205017e-03 1.041666666666666609e-02
0.000000000000000000e+00 4.144408831908831803e-01 7.636217948717948234e-01 8.012820512820512109e-03 4.273504273504273934e-03
0.000000000000000000e+00 4.913639601139601076e-01 7.208867521367521292e-01 8.012820512820512109e-03 5.876068376068376009e-03
0.000000000000000000e+00 5.038283475783476018e-01 7.238247863247863068e-01 6.588319088319088621e-03 6.410256410256410034e-03
0.000000000000000000e+00 5.124643874643874941e-01 7.264957264957264682e-01 6.054131054131053728e-03 4.273504273504273934e-03
0.000000000000000000e+00 5.395299145299145005e-01 7.290331196581196771e-01 6.410256410256410034e-03 5.608974358974358997e-03
0.000000000000000000e+00 5.532407407407406996e-01 7.120726495726495964e-01 8.547008547008547868e-03 7.478632478632478951e-03
0.000000000000000000e+00 5.684650997150997309e-01 7.200854700854700807e-01 8.012820512820512109e-03 6.944444444444444059e-03
0.000000000000000000e+00 5.602742165242164951e-01 7.224893162393162260e-01 7.300569800569800365e-03 6.410256410256410034e-03
0.000000000000000000e+00 5.871616809116808611e-01 7.262286324786324521e-01 3.383190883190883170e-03 1.121794871794871799e-02
0.000000000000000000e+00 5.932158119658119677e-01 7.260950854700854995e-01 3.383190883190883170e-03 1.095085470085470011e-02
0.000000000000000000e+00 6.017628205128204844e-01 7.236912393162393542e-01 7.300569800569800365e-03 6.143162393162393022e-03
0.000000000000000000e+00 6.090633903133902960e-01 7.389155982905982745e-01 6.588319088319088621e-03 5.074786324786324972e-03
0.000000000000000000e+00 6.087072649572649041e-01 7.466613247863247427e-01 6.944444444444444059e-03 4.540598290598290947e-03
0.000000000000000000e+00 6.085292022792022637e-01 7.741720085470085166e-01 9.081196581196581893e-03 5.608974358974358997e-03
0.000000000000000000e+00 6.080840455840456071e-01 7.926014957264957417e-01 7.834757834757835257e-03 5.074786324786324972e-03
0.000000000000000000e+00 6.437856125356125059e-01 7.247596153846154188e-01 5.876068376068376009e-03 5.608974358974358997e-03
0.000000000000000000e+00 6.582086894586894887e-01 7.942040598290598385e-01 6.588319088319088621e-03 5.608974358974358997e-03
0.000000000000000000e+00 6.534009971509971981e-01 8.195779914529914834e-01 6.232193732193732315e-03 5.608974358974358997e-03
0.000000000000000000e+00 7.303240740740740700e-01 8.203792735042735318e-01 8.368945868945869282e-03 6.677350427350427046e-03
0.000000000000000000e+00 7.300569800569800538e-01 7.274305555555555802e-01 8.190883190883190695e-03 7.211538461538461939e-03
0.000000000000000000e+00 7.324608262108261991e-01 8.079594017094017255e-01 7.300569800569800365e-03 6.410256410256410034e-03
0.000000000000000000e+00 7.325498575498575748e-01 8.002136752136752573e-01 7.122507122507122646e-03 6.410256410256410034e-03
0.000000000000000000e+00 2.498219373219373318e-01 9.527243589743589203e-01 8.190883190883190695e-03 6.944444444444444059e-03
0.000000000000000000e+00 2.473290598290598385e-01 8.989049145299145005e-01 4.985754985754985678e-03 1.041666666666666609e-02
0.000000000000000000e+00 2.895299145299145560e-01 9.090544871794872250e-01 4.985754985754985678e-03 5.074786324786324972e-03
0.000000000000000000e+00 3.051994301994301884e-01 9.051816239316239354e-01 4.273504273504273934e-03 1.014957264957264994e-02
0.000000000000000000e+00 3.144586894586894332e-01 9.026442307692307265e-01 4.273504273504273934e-03 1.041666666666666609e-02
0.000000000000000000e+00 3.346688034188033956e-01 8.986378205128204844e-01 4.095441595441595348e-03 7.745726495726495964e-03
0.000000000000000000e+00 3.746438746438746636e-01 8.884882478632478708e-01 4.273504273504273934e-03 1.255341880341880392e-02
0.000000000000000000e+00 3.832799145299145560e-01 8.876869658119658224e-01 4.451566951566951653e-03 1.201923076923076990e-02
0.000000000000000000e+00 3.907585470085470081e-01 8.834134615384615641e-01 4.095441595441595348e-03 1.255341880341880392e-02
0.000000000000000000e+00 4.034900284900284628e-01 8.830128205128204844e-01 4.629629629629629373e-03 1.175213675213675202e-02
0.000000000000000000e+00 4.313568376068376287e-01 8.831463675213675479e-01 3.739316239316239476e-03 1.041666666666666609e-02
0.000000000000000000e+00 4.358084045584045829e-01 8.834134615384615641e-01 3.739316239316239476e-03 1.095085470085470011e-02
0.000000000000000000e+00 4.507656695156695426e-01 9.197382478632478708e-01 8.368945868945869282e-03 6.143162393162393022e-03
0.000000000000000000e+00 4.441773504273504036e-01 8.609775641025640969e-01 6.944444444444444059e-03 4.540598290598290947e-03
0.000000000000000000e+00 5.624109686609686243e-01 9.266826923076922906e-01 8.368945868945869282e-03 5.074786324786324972e-03
0.000000000000000000e+00 6.819800569800569257e-01 9.668803418803418870e-01 6.410256410256410034e-03 1.175213675213675202e-02
0.000000000000000000e+00 7.021901709401708880e-01 9.317574786324785974e-01 8.012820512820512109e-03 5.608974358974358997e-03
0.000000000000000000e+00 7.188390313390313757e-01 9.337606837606837740e-01 6.766381766381766340e-03 6.410256410256410034e-03
0.000000000000000000e+00 7.242699430199430743e-01 8.648504273504273865e-01 6.232193732193732315e-03 5.341880341880341984e-03
0.000000000000000000e+00 7.092236467236466835e-01 8.561698717948718063e-01 4.273504273504273934e-03 1.041666666666666609e-02
0.000000000000000000e+00 7.275641025641025328e-01 8.382745726495726135e-01 8.547008547008547868e-03 7.745726495726495964e-03
0.000000000000000000e+00 7.114494301994301884e-01 8.421474358974359031e-01 3.027065527065526864e-03 9.615384615384615918e-03
0.000000000000000000e+00 7.532941595441595695e-01 9.286858974358974672e-01 6.588319088319088621e-03 8.012820512820512109e-03
0.000000000000000000e+00 7.708333333333333703e-01 8.989049145299145005e-01 4.985754985754985678e-03 1.148504273504273587e-02
0.000000000000000000e+00 8.407229344729344467e-01 9.003739316239316448e-01 3.739316239316239476e-03 1.014957264957264994e-02
0.000000000000000000e+00 9.505876068376067911e-01 9.951923076923077094e-01 4.095441595441595348e-03 9.615384615384615918e-03
0.000000000000000000e+00 9.554843304843304574e-01 9.953258547008546619e-01 3.561253561253561323e-03 8.279914529914529989e-03
0.000000000000000000e+00 9.315349002849002691e-01 9.959935897435897578e-01 4.807692307692307959e-03 7.478632478632478951e-03
