0.000000000000000000e+00 1.896367521367521222e-02 7.692307692307692735e-02 4.807692307692307959e-03 1.121794871794871799e-02
0.000000000000000000e+00 2.323717948717948789e-02 7.732371794871795156e-02 4.451566951566951653e-03 9.882478632478632063e-03
0.000000000000000000e+00 1.068376068376068484e-03 1.030982905982905928e-01 1.780626780626780661e-03 5.876068376068376009e-03
0.000000000000000000e+00 1.157407407407407343e-03 1.105769230769230727e-01 1.958689458689458814e-03 5.876068376068376009e-03
0.000000000000000000e+00 1.335470085470085496e-03 1.175213675213675202e-01 1.958689458689458814e-03 6.410256410256410034e-03
0.000000000000000000e+00 1.246438746438746420e-03 1.240651709401709435e-01 2.136752136752136967e-03 5.608974358974358997e-03
0.000000000000000000e+00 1.246438746438746420e-03 1.311431623931623991e-01 1.780626780626780661e-03 6.410256410256410034e-03
0.000000000000000000e+00 3.712606837606837601e-02 2.670940170940170992e-03 3.383190883190883170e-03 4.807692307692307959e-03
0.000000000000000000e+00 1.233974358974359031e-01 1.602564102564102509e-03 8.190883190883190695e-03 2.670940170940170992e-03
0.000000000000000000e+00 1.242877492877492857e-01 6.677350427350427046e-03 8.547008547008547868e-03 6.410256410256410034e-03
0.000000000000000000e+00 1.236645299145299193e-01 2.604166666666666782e-02 7.656695156695156670e-03 6.143162393162393022e-03
0.000000000000000000e+00 1.428062678062678170e-01 4.273504273504273587e-02 4.629629629629629373e-03 1.068376068376068397e-02
0.000000000000000000e+00 1.665776353276353372e-01 1.193910256410256471e-01 6.232193732193732315e-03 1.388888888888888812e-02
0.000000000000000000e+00 1.992521367521367659e-01 1.144497863247863206e-01 4.985754985754985678e-03 1.469017094017094002e-02
0.000000000000000000e+00 1.955128205128205121e-01 9.401709401709401615e-02 7.834757834757835257e-03 7.478632478632478951e-03
0.000000000000000000e+00 1.953347578347578439e-01 8.079594017094017533e-02 9.259259259259258745e-03 7.211538461538461939e-03
0.000000000000000000e+00 2.085113960113960108e-01 1.308760683760683795e-02 4.985754985754985678e-03 1.175213675213675202e-02
0.000000000000000000e+00 1.558938746438746359e-01 1.501068376068376009e-01 4.095441595441595348e-03 1.228632478632478604e-02
0.000000000000000000e+00 1.560719373219373318e-01 1.635950854700854717e-01 4.095441595441595348e-03 1.148504273504273587e-02
0.000000000000000000e+00 2.288105413105413211e-01 1.149839743589743529e-01 4.985754985754985678e-03 1.255341880341880392e-02
0.000000000000000000e+00 2.339743589743589758e-01 1.137820512820512803e-01 4.629629629629629373e-03 1.228632478632478604e-02
0.000000000000000000e+00 2.199074074074074125e-01 1.383547008547008628e-01 7.122507122507122646e-03 7.478632478632478951e-03
0.000000000000000000e+00 2.212428774928774933e-01 1.452991452991453103e-01 8.012820512820512109e-03 6.410256410256410034e-03
0.000000000000000000e+00 2.207977207977208089e-01 1.519764957264957139e-01 7.834757834757835257e-03 6.944444444444444059e-03
0.000000000000000000e+00 2.209757834757834771e-01 1.587873931623931534e-01 8.903133903133903307e-03 6.143162393162393022e-03
0.000000000000000000e+00 2.209757834757834771e-01 1.647970085470085444e-01 7.834757834757835257e-03 5.341880341880341984e-03
0.000000000000000000e+00 1.937321937321937193e-01 1.382211538461538547e-01 4.629629629629629373e-03 8.814102564102564014e-03
0.000000000000000000e+00 2.570334757834757955e-01 1.410256410256410242e-01 4.807692307692307959e-03 1.175213675213675202e-02
0.000000000000000000e+00 2.804487179487179516e-01 1.398237179487179516e-01 8.190883190883190695e-03 7.211538461538461939e-03
0.000000000000000000e+00 3.039529914529914278e-01 1.227297008547008489e-01 3.917378917378917629e-03 1.148504273504273587e-02
0.000000000000000000e+00 3.033297720797720753e-01 1.538461538461538547e-01 3.383190883190883170e-03 1.175213675213675202e-02
0.000000000000000000e+00 3.375178062678062529e-01 1.630608974358974395e-01 8.012820512820512109e-03 7.211538461538461939e-03
0.000000000000000000e+00 3.678774928774928843e-01 9.829059829059828834e-02 3.561253561253561323e-03 1.175213675213675202e-02
0.000000000000000000e+00 3.771367521367521292e-01 9.882478632478632063e-02 4.273504273504273934e-03 1.228632478632478604e-02
0.000000000000000000e+00 3.630698005698005937e-01 1.108440170940170888e-01 3.917378917378917629e-03 1.175213675213675202e-02
0.000000000000000000e+00 3.679665242165242045e-01 1.100427350427350404e-01 3.739316239316239476e-03 1.121794871794871799e-02
0.000000000000000000e+00 3.772257834757834494e-01 1.115117521367521430e-01 3.383190883190883170e-03 1.041666666666666609e-02
0.000000000000000000e+00 3.635149572649572502e-01 1.403579059829059839e-01 3.739316239316239476e-03 1.308760683760683795e-02
0.000000000000000000e+00 3.543447293447293256e-01 1.519764957264957139e-01 3.561253561253561323e-03 1.121794871794871799e-02
0.000000000000000000e+00 3.589743589743589758e-01 1.537126068376068466e-01 3.917378917378917629e-03 1.255341880341880392e-02
0.000000000000000000e+00 3.630698005698005937e-01 1.539797008547008628e-01 3.561253561253561323e-03 1.095085470085470011e-02
0.000000000000000000e+00 3.721509971509971426e-01 1.539797008547008628e-01 3.561253561253561323e-03 1.095085470085470011e-02
0.000000000000000000e+00 3.756232193732193525e-01 6.223290598290598385e-02 4.807692307692307959e-03 1.282051282051282007e-02
0.000000000000000000e+00 3.222044159544159569e-01 3.472222222222222029e-03 7.300569800569800365e-03 5.876068376068376009e-03
0.000000000000000000e+00 3.810541310541310511e-01 1.534455128205128305e-01 3.561253561253561323e-03 1.041666666666666609e-02
0.000000000000000000e+00 4.439102564102563875e-01 1.625267094017094072e-01 6.766381766381766340e-03 7.745726495726495964e-03
0.000000000000000000e+00 3.812321937321937471e-01 6.330128205128204844e-02 4.629629629629629373e-03 1.228632478632478604e-02
0.000000000000000000e+00 4.715990028490028574e-01 5.074786324786324798e-02 7.656695156695156670e-03 7.478632478632478951e-03
0.000000000000000000e+00 4.788995726495726690e-01 8.587072649572649596e-02 7.300569800569800365e-03 7.745726495726495964e-03
0.000000000000000000e+00 4.814814814814814548e-01 9.281517094017094349e-02 7.478632478632478951e-03 6.677350427350427046e-03
0.000000000000000000e+00 4.832621082621082476e-01 9.869123931623931256e-02 7.478632478632478951e-03 7.211538461538461939e-03
0.000000000000000000e+00 4.862891737891738009e-01 1.105769230769230727e-01 7.834757834757835257e-03 6.944444444444444059e-03
0.000000000000000000e+00 4.874465811965811857e-01 1.161858974358974395e-01 7.300569800569800365e-03 8.012820512820512109e-03
0.000000000000000000e+00 4.884259259259259300e-01 1.220619658119658085e-01 7.478632478632478951e-03 8.012820512820512109e-03
0.000000000000000000e+00 4.920762108262108359e-01 1.355502136752136655e-01 1.086182336182336255e-02 9.348290598290598039e-03
0.000000000000000000e+00 4.971509971509971426e-01 1.581196581196581130e-01 9.971509971509971357e-03 1.014957264957264994e-02
0.000000000000000000e+00 4.411502849002849058e-01 9.081196581196581893e-03 7.656695156695156670e-03 1.335470085470085409e-02
0.000000000000000000e+00 4.444444444444444198e-01 2.256944444444444406e-02 8.903133903133903307e-03 1.415598290598290600e-02
0.000000000000000000e+00 4.470263532763532610e-01 3.632478632478632757e-02 9.081196581196581893e-03 1.495726495726495790e-02
0.000000000000000000e+00 4.603810541310541238e-01 6.677350427350427046e-03 9.081196581196581893e-03 9.615384615384615918e-03
0.000000000000000000e+00 4.637642450142450135e-01 1.976495726495726413e-02 8.725071225071224720e-03 8.012820512820512109e-03
0.000000000000000000e+00 4.655448717948718063e-01 2.590811965811965975e-02 8.725071225071224720e-03 8.547008547008547868e-03
0.000000000000000000e+00 5.146011396011396233e-01 2.443910256410256401e-02 9.259259259259258745e-03 1.148504273504273587e-02
0.000000000000000000e+00 5.188746438746438816e-01 4.206730769230769551e-02 8.190883190883190695e-03 1.148504273504273587e-02
0.000000000000000000e+00 5.300035612535612950e-01 1.308760683760683795e-02 7.300569800569800365e-03 1.442307692307692388e-02
0.000000000000000000e+00 5.551994301994301884e-01 1.213942307692307682e-01 9.259259259259258745e-03 1.789529914529914417e-02
0.000000000000000000e+00 5.671296296296296502e-01 1.291399572649572780e-01 9.615384615384615918e-03 9.882478632478632063e-03
0.000000000000000000e+00 5.105947293447293811e-01 2.804487179487179498e-03 8.012820512820512109e-03 5.074786324786324972e-03
0.000000000000000000e+00 5.356125356125356340e-01 3.619123931623931950e-02 6.054131054131053728e-03 1.095085470085470011e-02
0.000000000000000000e+00 5.382834757834757955e-01 4.527243589743589619e-02 6.766381766381766340e-03 9.882478632478632063e-03
0.000000000000000000e+00 5.396189458689458762e-01 5.502136752136752018e-02 5.876068376068376009e-03 1.228632478632478604e-02
0.000000000000000000e+00 5.454950142450142314e-01 7.772435897435897578e-02 7.300569800569800365e-03 1.121794871794871799e-02
0.000000000000000000e+00 5.995370370370370905e-01 1.471688034188034233e-01 8.190883190883190695e-03 8.012820512820512109e-03
0.000000000000000000e+00 5.931267806267805920e-01 1.631944444444444475e-01 4.985754985754985678e-03 1.228632478632478604e-02
0.000000000000000000e+00 6.013176638176638278e-01 1.633279914529914556e-01 4.273504273504273934e-03 1.255341880341880392e-02
0.000000000000000000e+00 6.057692307692307265e-01 1.629273504273504314e-01 3.917378917378917629e-03 1.175213675213675202e-02
0.000000000000000000e+00 6.177884615384615641e-01 1.625267094017094072e-01 4.451566951566951653e-03 1.362179487179487197e-02
0.000000000000000000e+00 6.224180911680912143e-01 1.614583333333333426e-01 3.739316239316239476e-03 1.041666666666666609e-02
0.000000000000000000e+00 6.269586894586894887e-01 1.613247863247863345e-01 3.561253561253561323e-03 1.068376068376068397e-02
0.000000000000000000e+00 6.352386039886039892e-01 1.619925213675213749e-01 4.807692307692307959e-03 1.201923076923076990e-02
0.000000000000000000e+00 6.397792022792022637e-01 1.614583333333333426e-01 4.273504273504273934e-03 1.095085470085470011e-02
0.000000000000000000e+00 6.443198005698005382e-01 1.623931623931623991e-01 3.739316239316239476e-03 1.228632478632478604e-02
0.000000000000000000e+00 6.532229344729344467e-01 1.614583333333333426e-01 4.095441595441595348e-03 1.201923076923076990e-02
0.000000000000000000e+00 6.656873219373219408e-01 1.610576923076923184e-01 4.451566951566951653e-03 1.282051282051282007e-02
0.000000000000000000e+00 6.740562678062678170e-01 1.599893162393162260e-01 4.807692307692307959e-03 1.228632478632478604e-02
0.000000000000000000e+00 6.620370370370370905e-01 1.424946581196581130e-01 7.834757834757835257e-03 6.677350427350427046e-03
0.000000000000000000e+00 6.511752136752136932e-01 1.446314102564102699e-01 8.190883190883190695e-03 6.677350427350427046e-03
0.000000000000000000e+00 6.932870370370370905e-01 1.639957264957264960e-01 8.368945868945869282e-03 6.944444444444444059e-03
0.000000000000000000e+00 7.724358974358974672e-01 1.334134615384615363e-01 7.834757834757835257e-03 7.745726495726495964e-03
0.000000000000000000e+00 7.930911680911680861e-01 1.402243589743589758e-01 7.834757834757835257e-03 8.012820512820512109e-03
0.000000000000000000e+00 8.481125356125356340e-01 1.347489316239316171e-01 1.068376068376068397e-02 7.211538461538461939e-03
0.000000000000000000e+00 8.873753561253561184e-01 1.526442307692307820e-01 9.793447293447292770e-03 7.745726495726495964e-03
0.000000000000000000e+00 8.876424501424501345e-01 1.603899572649572780e-01 8.190883190883190695e-03 7.745726495726495964e-03
0.000000000000000000e+00 9.223646723646723444e-01 1.383547008547008628e-01 7.122507122507122646e-03 7.478632478632478951e-03
0.000000000000000000e+00 8.806089743589743390e-01 1.375534188034188143e-01 8.368945868945869282e-03 6.944444444444444059e-03
0.000000000000000000e+00 6.160968660968661054e-02 2.457264957264957139e-01 7.478632478632478951e-03 6.944444444444444059e-03
0.000000000000000000e+00 6.294515669515669820e-02 2.528044871794871695e-01 8.725071225071224720e-03 6.677350427350427046e-03
0.000000000000000000e+00 6.294515669515669820e-02 2.740384615384615641e-01 7.656695156695156670e-03 5.876068376068376009e-03
0.000000000000000000e+00 7.763532763532764169e-02 2.664262820512820484e-01 4.273504273504273934e-03 1.201923076923076990e-02
0.000000000000000000e+00 8.564814814814815380e-02 2.640224358974359031e-01 4.273504273504273934e-03 1.148504273504273587e-02
0.000000000000000000e+00 9.099002849002849058e-02 2.628205128205128305e-01 4.273504273504273934e-03 1.228632478632478604e-02
0.000000000000000000e+00 1.228632478632478570e-01 2.645566239316239354e-01 7.834757834757835257e-03 7.211538461538461939e-03
0.000000000000000000e+00 6.187678062678062668e-02 2.665598290598290565e-01 7.300569800569800365e-03 7.478632478632478951e-03
0.000000000000000000e+00 1.318554131054130996e-01 2.621527777777777901e-01 7.656695156695156670e-03 6.677350427350427046e-03
0.000000000000000000e+00 1.413817663817663883e-01 2.614850427350427498e-01 7.478632478632478951e-03 5.341880341880341984e-03
0.000000000000000000e+00 1.516203703703703776e-01 2.593482905982906206e-01 8.368945868945869282e-03 8.012820512820512109e-03
0.000000000000000000e+00 1.606125356125356063e-01 2.429220085470085444e-01 4.985754985754985678e-03 1.362179487179487197e-02
0.000000000000000000e+00 2.217770655270655256e-01 1.708066239316239354e-01 7.300569800569800365e-03 6.677350427350427046e-03
0.000000000000000000e+00 2.214209401709401615e-01 1.776175213675213749e-01 8.725071225071224720e-03 5.876068376068376009e-03
0.000000000000000000e+00 2.213319088319088412e-01 1.848290598290598385e-01 6.410256410256410034e-03 5.876068376068376009e-03
0.000000000000000000e+00 2.224893162393162260e-01 1.912393162393162260e-01 8.725071225071224720e-03 6.410256410256410034e-03
0.000000000000000000e+00 2.229344729344729381e-01 1.973824786324786251e-01 6.766381766381766340e-03 6.410256410256410034e-03
0.000000000000000000e+00 2.232905982905983022e-01 2.039262820512820484e-01 7.122507122507122646e-03 5.608974358974358997e-03
0.000000000000000000e+00 2.240918803418803507e-01 2.104700854700854717e-01 9.437321937321937332e-03 6.410256410256410034e-03
0.000000000000000000e+00 2.367343304843304852e-01 1.963141025641025605e-01 4.451566951566951653e-03 1.228632478632478604e-02
0.000000000000000000e+00 2.332621082621082753e-01 2.258279914529914556e-01 4.985754985754985678e-03 1.362179487179487197e-02
0.000000000000000000e+00 2.380698005698005659e-01 2.247596153846153910e-01 4.273504273504273934e-03 1.201923076923076990e-02
0.000000000000000000e+00 2.470619658119658224e-01 2.251602564102564152e-01 4.095441595441595348e-03 1.014957264957264994e-02
0.000000000000000000e+00 1.479700854700854717e-01 1.931089743589743668e-01 8.903133903133903307e-03 6.944444444444444059e-03
0.000000000000000000e+00 2.556980056980057148e-01 1.956463675213675202e-01 4.629629629629629373e-03 1.201923076923076990e-02
0.000000000000000000e+00 2.636217948717948789e-01 1.798878205128205121e-01 4.451566951566951653e-03 1.201923076923076990e-02
0.000000000000000000e+00 2.684294871794871695e-01 1.792200854700854717e-01 5.163817663817663398e-03 1.335470085470085409e-02
0.000000000000000000e+00 2.687856125356125614e-01 1.927083333333333426e-01 4.807692307692307959e-03 1.095085470085470011e-02
0.000000000000000000e+00 3.020833333333333148e-01 2.072649572649572780e-01 4.095441595441595348e-03 1.442307692307692388e-02
0.000000000000000000e+00 3.023504273504273310e-01 2.219551282051281937e-01 4.273504273504273934e-03 1.282051282051282007e-02
0.000000000000000000e+00 2.647792022792022637e-01 2.230235042735042861e-01 4.985754985754985678e-03 1.121794871794871799e-02
0.000000000000000000e+00 2.605947293447293256e-01 2.236912393162393264e-01 4.095441595441595348e-03 1.041666666666666609e-02
0.000000000000000000e+00 2.558760683760683552e-01 2.230235042735042861e-01 4.273504273504273934e-03 1.121794871794871799e-02
0.000000000000000000e+00 3.064458689458689489e-01 2.903311965811966044e-01 4.985754985754985678e-03 1.335470085470085409e-02
0.000000000000000000e+00 2.756410256410256610e-01 2.180822649572649596e-01 3.917378917378917629e-03 1.148504273504273587e-02
0.000000000000000000e+00 3.538105413105412933e-01 1.829594017094016978e-01 3.917378917378917629e-03 1.175213675213675202e-02
0.000000000000000000e+00 3.536324786324786529e-01 1.955128205128205121e-01 3.205128205128205017e-03 1.121794871794871799e-02
0.000000000000000000e+00 3.585292022792022637e-01 1.825587606837606736e-01 3.739316239316239476e-03 1.201923076923076990e-02
0.000000000000000000e+00 3.584401709401709435e-01 1.951121794871794879e-01 3.561253561253561323e-03 1.095085470085470011e-02
0.000000000000000000e+00 3.628917378917378977e-01 1.830929487179487059e-01 3.561253561253561323e-03 1.362179487179487197e-02
0.000000000000000000e+00 3.630698005698005937e-01 1.963141025641025605e-01 3.561253561253561323e-03 1.228632478632478604e-02
0.000000000000000000e+00 3.676103988603988681e-01 1.953792735042735040e-01 3.739316239316239476e-03 1.041666666666666609e-02
0.000000000000000000e+00 3.676103988603988681e-01 1.825587606837606736e-01 3.739316239316239476e-03 1.095085470085470011e-02
0.000000000000000000e+00 3.725071225071225345e-01 1.829594017094016978e-01 3.205128205128205017e-03 1.068376068376068397e-02
0.000000000000000000e+00 3.659188034188033956e-01 2.231570512820512941e-01 3.205128205128205017e-03 9.882478632478632063e-03
0.000000000000000000e+00 3.808760683760683552e-01 1.837606837606837740e-01 3.561253561253561323e-03 1.121794871794871799e-02
0.000000000000000000e+00 3.831908831908831803e-01 2.222222222222222099e-01 3.561253561253561323e-03 1.175213675213675202e-02
0.000000000000000000e+00 4.446225071225071157e-01 1.702724358974359031e-01 8.190883190883190695e-03 8.279914529914529989e-03
0.000000000000000000e+00 4.488069800569800538e-01 1.813568376068376009e-01 9.081196581196581893e-03 7.478632478632478951e-03
0.000000000000000000e+00 4.497863247863247982e-01 1.873664529914529919e-01 8.190883190883190695e-03 6.143162393162393022e-03
0.000000000000000000e+00 4.512108262108261991e-01 1.932425213675213749e-01 7.478632478632478951e-03 7.745726495726495964e-03
0.000000000000000000e+00 4.535256410256410242e-01 2.013888888888888951e-01 8.190883190883190695e-03 5.876068376068376009e-03
0.000000000000000000e+00 4.590455840455840431e-01 2.270299145299145283e-01 7.834757834757835257e-03 7.478632478632478951e-03
0.000000000000000000e+00 4.611823361823361722e-01 2.334401709401709435e-01 8.190883190883190695e-03 5.876068376068376009e-03
0.000000000000000000e+00 4.628739316239316448e-01 2.397168803418803507e-01 8.725071225071224720e-03 7.211538461538461939e-03
0.000000000000000000e+00 4.643874643874643660e-01 2.474626068376068466e-01 9.259259259259258745e-03 8.279914529914529989e-03
0.000000000000000000e+00 5.025819088319087857e-01 1.776175213675213749e-01 9.793447293447292770e-03 8.547008547008547868e-03
0.000000000000000000e+00 5.683760683760683552e-01 3.211805555555555802e-01 4.985754985754985678e-03 5.608974358974358997e-03
0.000000000000000000e+00 5.839565527065526673e-01 3.186431623931623713e-01 4.095441595441595348e-03 1.121794871794871799e-02
0.000000000000000000e+00 5.930377492877493273e-01 3.146367521367521292e-01 5.519943019943019703e-03 1.228632478632478604e-02
0.000000000000000000e+00 5.260861823361823175e-01 3.123664529914529919e-01 6.588319088319088621e-03 1.201923076923076990e-02
0.000000000000000000e+00 5.201210826210825866e-01 2.860576923076922906e-01 7.478632478632478951e-03 1.388888888888888812e-02
0.000000000000000000e+00 5.224358974358974672e-01 2.995459401709401615e-01 7.122507122507122646e-03 1.255341880341880392e-02
0.000000000000000000e+00 5.828881766381766028e-01 2.912660256410256610e-01 4.451566951566951653e-03 9.882478632478632063e-03
0.000000000000000000e+00 5.943732193732194080e-01 2.876602564102563875e-01 6.410256410256410034e-03 1.282051282051282007e-02
0.000000000000000000e+00 6.135149572649573058e-01 3.107638888888888951e-01 5.163817663817663398e-03 1.201923076923076990e-02
0.000000000000000000e+00 6.112891737891738009e-01 2.815170940170940161e-01 6.410256410256410034e-03 1.549145299145299193e-02
0.000000000000000000e+00 6.199252136752136932e-01 2.789797008547008628e-01 6.232193732193732315e-03 1.362179487179487197e-02
0.000000000000000000e+00 5.102386039886039892e-01 2.402510683760683829e-01 7.300569800569800365e-03 1.255341880341880392e-02
0.000000000000000000e+00 6.941773504273504036e-01 1.706730769230769273e-01 7.656695156695156670e-03 6.410256410256410034e-03
0.000000000000000000e+00 6.938212250712251228e-01 1.772168803418803507e-01 8.725071225071224720e-03 5.608974358974358997e-03
0.000000000000000000e+00 7.344195156695156879e-01 1.981837606837606736e-01 4.095441595441595348e-03 1.175213675213675202e-02
0.000000000000000000e+00 7.226673789173788665e-01 2.737713675213675479e-01 7.656695156695156670e-03 6.410256410256410034e-03
0.000000000000000000e+00 7.146545584045583821e-01 2.960737179487179516e-01 3.739316239316239476e-03 1.255341880341880392e-02
0.000000000000000000e+00 7.103810541310541238e-01 2.968750000000000000e-01 4.451566951566951653e-03 1.148504273504273587e-02
0.000000000000000000e+00 6.988960113960114295e-01 2.972756410256410242e-01 3.561253561253561323e-03 1.282051282051282007e-02
0.000000000000000000e+00 6.821581196581196771e-01 2.967414529914529919e-01 4.273504273504273934e-03 1.068376068376068397e-02
0.000000000000000000e+00 6.693376068376067911e-01 2.967414529914529919e-01 5.698005698005698290e-03 1.388888888888888812e-02
0.000000000000000000e+00 6.621260683760683552e-01 3.006143162393162260e-01 5.163817663817663398e-03 1.308760683760683795e-02
0.000000000000000000e+00 6.537571225071224790e-01 3.014155982905982745e-01 5.519943019943019703e-03 1.362179487179487197e-02
0.000000000000000000e+00 6.371082621082621023e-01 3.043536324786324521e-01 4.629629629629629373e-03 1.255341880341880392e-02
0.000000000000000000e+00 6.281160968660968180e-01 2.756410256410256610e-01 6.588319088319088621e-03 1.228632478632478604e-02
0.000000000000000000e+00 6.362179487179486781e-01 2.731036324786324521e-01 6.054131054131053728e-03 1.415598290598290600e-02
0.000000000000000000e+00 6.410256410256410797e-01 2.729700854700854440e-01 4.629629629629629373e-03 1.282051282051282007e-02
0.000000000000000000e+00 6.449430199430199462e-01 2.720352564102563875e-01 4.273504273504273934e-03 1.255341880341880392e-02
0.000000000000000000e+00 6.495726495726495964e-01 2.704326923076922906e-01 3.917378917378917629e-03 1.308760683760683795e-02
0.000000000000000000e+00 6.534900284900284628e-01 2.690972222222222099e-01 4.273504273504273934e-03 1.362179487179487197e-02
0.000000000000000000e+00 6.667556980056980054e-01 2.693643162393162260e-01 5.519943019943019703e-03 1.148504273504273587e-02
0.000000000000000000e+00 7.574786324786324521e-01 2.092681623931623991e-01 1.068376068376068397e-02 6.677350427350427046e-03
0.000000000000000000e+00 8.879095441595441507e-01 1.872329059829059839e-01 1.014957264957264994e-02 8.547008547008547868e-03
0.000000000000000000e+00 8.865740740740740700e-01 2.069978632478632341e-01 8.903133903133903307e-03 7.478632478632478951e-03
0.000000000000000000e+00 9.366987179487179516e-01 2.088675213675213749e-01 7.300569800569800365e-03 7.478632478632478951e-03
0.000000000000000000e+00 9.385683760683760646e-01 1.895032051282051211e-01 7.834757834757835257e-03 8.814102564102564014e-03
0.000000000000000000e+00 1.328347578347578439e-01 4.103899572649572502e-01 8.903133903133903307e-03 6.677350427350427046e-03
0.000000000000000000e+00 1.446759259259259300e-01 4.063835470085470081e-01 1.014957264957264994e-02 8.814102564102564014e-03
0.000000000000000000e+00 1.545584045584045552e-01 4.031784188034188143e-01 7.834757834757835257e-03 7.211538461538461939e-03
0.000000000000000000e+00 1.647079772079771964e-01 3.999732905982906206e-01 9.259259259259258745e-03 7.211538461538461939e-03
0.000000000000000000e+00 1.749465811965811857e-01 3.978365384615384359e-01 9.793447293447292770e-03 7.211538461538461939e-03
0.000000000000000000e+00 2.361111111111111049e-01 4.457799145299145560e-01 4.985754985754985678e-03 1.335470085470085409e-02
0.000000000000000000e+00 2.407407407407407274e-01 4.456463675213675479e-01 4.273504273504273934e-03 1.308760683760683795e-02
0.000000000000000000e+00 2.480413105413105390e-01 4.612713675213675479e-01 7.478632478632478951e-03 6.410256410256410034e-03
0.000000000000000000e+00 2.411858974358974395e-01 4.755608974358974117e-01 7.656695156695156670e-03 5.608974358974358997e-03
0.000000000000000000e+00 2.495548433048433157e-01 4.756944444444444198e-01 7.656695156695156670e-03 6.944444444444444059e-03
0.000000000000000000e+00 2.235576923076923184e-01 4.863782051282051211e-01 4.451566951566951653e-03 1.228632478632478604e-02
0.000000000000000000e+00 2.276531339031339085e-01 4.878472222222222099e-01 3.739316239316239476e-03 1.308760683760683795e-02
0.000000000000000000e+00 3.386752136752136932e-01 3.450854700854700807e-01 7.834757834757835257e-03 6.944444444444444059e-03
0.000000000000000000e+00 2.526709401709401615e-01 4.452457264957264682e-01 3.917378917378917629e-03 1.175213675213675202e-02
0.000000000000000000e+00 2.570334757834757955e-01 4.464476495726495964e-01 4.451566951566951653e-03 1.469017094017094002e-02
0.000000000000000000e+00 2.578347578347578439e-01 4.758279914529914278e-01 7.834757834757835257e-03 1.308760683760683795e-02
0.000000000000000000e+00 2.656695156695156879e-01 4.704861111111111049e-01 4.629629629629629373e-03 6.143162393162393022e-03
0.000000000000000000e+00 3.353810541310541238e-01 4.666132478632478708e-01 9.793447293447292770e-03 8.012820512820512109e-03
0.000000000000000000e+00 4.819266381766381668e-01 3.846153846153846367e-01 7.656695156695156670e-03 6.944444444444444059e-03
0.000000000000000000e+00 4.959935897435897578e-01 3.846153846153846367e-01 8.368945868945869282e-03 6.944444444444444059e-03
0.000000000000000000e+00 4.074964387464387605e-01 4.655448717948718063e-01 8.368945868945869282e-03 8.547008547008547868e-03
0.000000000000000000e+00 4.449786324786324521e-01 4.675480769230769273e-01 8.190883190883190695e-03 5.608974358974358997e-03
0.000000000000000000e+00 4.537927350427350404e-01 4.678151709401709435e-01 7.300569800569800365e-03 5.074786324786324972e-03
0.000000000000000000e+00 4.663461538461538547e-01 4.672809829059829112e-01 7.478632478632478951e-03 5.608974358974358997e-03
0.000000000000000000e+00 4.781873219373219408e-01 4.791666666666666852e-01 8.725071225071224720e-03 6.410256410256410034e-03
0.000000000000000000e+00 4.344729344729344467e-01 4.851762820512820484e-01 4.629629629629629373e-03 1.362179487179487197e-02
0.000000000000000000e+00 5.562678062678062529e-01 3.611111111111111049e-01 9.971509971509971357e-03 7.478632478632478951e-03
0.000000000000000000e+00 5.675747863247863068e-01 3.583066239316239354e-01 8.012820512820512109e-03 5.608974358974358997e-03
0.000000000000000000e+00 5.774572649572649041e-01 3.573717948717948789e-01 9.259259259259258745e-03 8.547008547008547868e-03
0.000000000000000000e+00 6.259793447293446889e-01 4.559294871794871695e-01 8.368945868945869282e-03 1.121794871794871799e-02
0.000000000000000000e+00 6.311431623931623713e-01 4.541933760683760646e-01 1.014957264957264994e-02 1.095085470085470011e-02
0.000000000000000000e+00 6.795762108262107803e-01 4.871794871794871695e-01 4.095441595441595348e-03 1.282051282051282007e-02
0.000000000000000000e+00 8.490028490028490582e-01 4.416399572649572502e-01 8.547008547008547868e-03 6.143162393162393022e-03
0.000000000000000000e+00 8.622685185185184897e-01 4.317574786324786529e-01 4.807692307692307959e-03 1.201923076923076990e-02
0.000000000000000000e+00 7.966524216524216717e-01 4.881143162393162260e-01 8.547008547008547868e-03 7.211538461538461939e-03
0.000000000000000000e+00 8.214921652421652842e-01 4.734241452991452825e-01 7.300569800569800365e-03 7.211538461538461939e-03
0.000000000000000000e+00 8.614672364672364413e-01 4.604700854700854440e-01 7.478632478632478951e-03 5.341880341880341984e-03
0.000000000000000000e+00 9.391915954415954726e-01 4.788995726495726690e-01 8.012820512820512109e-03 8.012820512820512109e-03
0.000000000000000000e+00 9.747150997150997309e-01 4.594017094017093794e-01 6.054131054131053728e-03 1.549145299145299193e-02
0.000000000000000000e+00 9.674145299145299193e-01 4.608707264957264682e-01 4.273504273504273934e-03 1.362179487179487197e-02
0.000000000000000000e+00 9.420405982905982745e-01 4.492521367521367659e-01 4.807692307692307959e-03 1.335470085470085409e-02
0.000000000000000000e+00 9.142628205128204844e-01 4.391025641025640969e-01 6.232193732193732315e-03 1.442307692307692388e-02
0.000000000000000000e+00 8.999287749287748772e-01 4.330929487179487336e-01 7.478632478632478951e-03 1.842948717948717993e-02
0.000000000000000000e+00 8.946759259259259300e-01 4.320245726495726690e-01 5.519943019943019703e-03 1.308760683760683795e-02
0.000000000000000000e+00 8.903133903133902960e-01 4.280181623931623713e-01 5.698005698005698290e-03 1.362179487179487197e-02
0.000000000000000000e+00 2.417200854700854717e-01 5.020032051282051766e-01 4.451566951566951653e-03 1.255341880341880392e-02
0.000000000000000000e+00 2.589921652421652287e-01 5.202991452991453381e-01 5.163817663817663398e-03 1.335470085470085409e-02
0.000000000000000000e+00 2.840990028490028574e-01 5.881410256410256610e-01 9.437321937321937332e-03 6.944444444444444059e-03
0.000000000000000000e+00 7.104700854700854995e-01 5.367254273504273865e-01 7.122507122507122646e-03 8.814102564102564014e-03
0.000000000000000000e+00 8.630698005698005382e-01 6.547809829059828557e-01 6.410256410256410034e-03 6.677350427350427046e-03
0.000000000000000000e+00 8.743767806267805920e-01 6.579861111111111605e-01 8.368945868945869282e-03 8.279914529914529989e-03
0.000000000000000000e+00 7.892628205128204844e-01 5.271100427350426942e-01 7.300569800569800365e-03 6.677350427350427046e-03
0.000000000000000000e+00 9.415954415954416179e-01 5.986912393162393542e-01 6.766381766381766340e-03 1.415598290598290600e-02
0.000000000000000000e+00 9.345619658119658224e-01 6.225961538461538547e-01 6.232193732193732315e-03 1.549145299145299193e-02
0.000000000000000000e+00 8.833689458689458762e-01 6.553151709401708880e-01 5.341880341880341984e-03 1.041666666666666609e-02
0.000000000000000000e+00 9.006410256410256610e-01 6.649305555555555802e-01 7.834757834757835257e-03 6.677350427350427046e-03
0.000000000000000000e+00 9.145299145299145005e-01 6.621260683760683552e-01 7.478632478632478951e-03 8.012820512820512109e-03
0.000000000000000000e+00 9.375000000000000000e-01 6.610576923076922906e-01 6.054131054131053728e-03 1.388888888888888812e-02
0.000000000000000000e+00 9.494301994301994618e-01 6.359508547008546619e-01 9.259259259259258745e-03 9.081196581196581893e-03
0.000000000000000000e+00 9.531695156695156879e-01 5.805288461538461453e-01 4.985754985754985678e-03 1.201923076923076990e-02
0.000000000000000000e+00 8.833689458689458762e-01 6.841613247863247427e-01 5.341880341880341984e-03 1.148504273504273587e-02
0.000000000000000000e+00 9.008190883190883014e-01 6.913728632478632896e-01 6.410256410256410034e-03 1.148504273504273587e-02
0.000000000000000000e+00 9.256588319088319139e-01 6.881677350427350959e-01 5.519943019943019703e-03 1.201923076923076990e-02
0.000000000000000000e+00 9.428418803418803229e-01 6.748130341880341776e-01 9.615384615384615918e-03 9.882478632478632063e-03
0.000000000000000000e+00 1.931980056980056940e-02 8.457532051282051766e-01 8.725071225071224720e-03 8.279914529914529989e-03
0.000000000000000000e+00 1.914173789173789081e-02 8.541666666666666297e-01 8.368945868945869282e-03 5.876068376068376009e-03
0.000000000000000000e+00 1.967592592592592657e-02 8.604433760683760646e-01 8.012820512820512109e-03 6.143162393162393022e-03
0.000000000000000000e+00 1.834045584045583890e-02 8.671207264957264682e-01 8.190883190883190695e-03 6.143162393162393022e-03
0.000000000000000000e+00 1.077279202279202326e-02 8.521634615384615641e-01 6.944444444444444059e-03 7.211538461538461939e-03
0.000000000000000000e+00 1.077279202279202326e-02 8.588408119658119677e-01 7.656695156695156670e-03 5.074786324786324972e-03
0.000000000000000000e+00 8.368945868945869282e-03 8.649839743589743390e-01 7.834757834757835257e-03 7.211538461538461939e-03
0.000000000000000000e+00 7.300569800569800365e-03 8.987713675213675479e-01 7.834757834757835257e-03 6.410256410256410034e-03
0.000000000000000000e+00 1.540242165242165263e-02 9.002403846153845812e-01 6.232193732193732315e-03 5.608974358974358997e-03
0.000000000000000000e+00 1.602564102564102422e-02 9.131944444444444198e-01 8.547008547008547868e-03 6.944444444444444059e-03
0.000000000000000000e+00 3.320868945868946098e-02 9.157318376068376287e-01 8.368945868945869282e-03 5.608974358974358997e-03
0.000000000000000000e+00 1.236645299145299193e-01 9.256143162393162260e-01 6.232193732193732315e-03 1.255341880341880392e-02
0.000000000000000000e+00 1.816239316239316171e-01 8.679220085470085166e-01 6.410256410256410034e-03 7.211538461538461939e-03
0.000000000000000000e+00 1.478810541310541238e-01 9.472489316239316448e-01 5.519943019943019703e-03 1.255341880341880392e-02
0.000000000000000000e+00 4.311787749287749327e-01 9.768963675213675479e-01 5.876068376068376009e-03 1.629273504273504383e-02
0.000000000000000000e+00 6.399572649572649041e-01 8.448183760683760646e-01 3.917378917378917629e-03 9.615384615384615918e-03
0.000000000000000000e+00 6.557158119658119677e-01 9.532585470085470636e-01 4.451566951566951653e-03 1.121794871794871799e-02
