0.000000000000000000e+00 1.366631054131054179e-01 1.245993589743589758e-01 8.012820512820512109e-03 6.143162393162393022e-03
0.000000000000000000e+00 1.487713675213675202e-01 1.203258547008547036e-01 8.368945868945869282e-03 7.211538461538461939e-03
0.000000000000000000e+00 1.581196581196581130e-01 1.171207264957264960e-01 6.410256410256410034e-03 6.143162393162393022e-03
0.000000000000000000e+00 1.681801994301994341e-01 1.137820512820512803e-01 8.725071225071224720e-03 5.876068376068376009e-03
0.000000000000000000e+00 1.781517094017094072e-01 1.116452991452991511e-01 8.368945868945869282e-03 5.341880341880341984e-03
0.000000000000000000e+00 2.393162393162393264e-01 1.579861111111111049e-01 4.273504273504273934e-03 1.148504273504273587e-02
0.000000000000000000e+00 2.438568376068376009e-01 1.581196581196581130e-01 3.739316239316239476e-03 1.228632478632478604e-02
0.000000000000000000e+00 2.556980056980057148e-01 1.577190170940170888e-01 3.917378917378917629e-03 9.882478632478632063e-03
0.000000000000000000e+00 2.597044159544159569e-01 1.587873931623931534e-01 4.095441595441595348e-03 1.308760683760683795e-02
0.000000000000000000e+00 2.638888888888888951e-01 1.573183760683760646e-01 3.561253561253561323e-03 9.081196581196581893e-03
0.000000000000000000e+00 3.400997150997150942e-01 5.689102564102564014e-02 7.478632478632478951e-03 7.478632478632478951e-03
0.000000000000000000e+00 4.814814814814814548e-01 9.334935897435897578e-02 8.547008547008547868e-03 6.143162393162393022e-03
0.000000000000000000e+00 4.959935897435897578e-01 9.361645299145299193e-02 7.300569800569800365e-03 5.608974358974358997e-03
0.000000000000000000e+00 5.219017094017094349e-01 9.615384615384615918e-03 5.341880341880341984e-03 1.121794871794871799e-02
0.000000000000000000e+00 5.246616809116808611e-01 2.110042735042735179e-02 5.519943019943019703e-03 1.121794871794871799e-02
0.000000000000000000e+00 5.552884615384615641e-01 6.891025641025641524e-02 8.368945868945869282e-03 6.410256410256410034e-03
0.000000000000000000e+00 5.666844729344728826e-01 6.610576923076923184e-02 6.944444444444444059e-03 6.143162393162393022e-03
0.000000000000000000e+00 5.762108262108261991e-01 6.517094017094017533e-02 8.190883190883190695e-03 6.944444444444444059e-03
0.000000000000000000e+00 5.673076923076922906e-01 2.924679487179487197e-02 4.985754985754985678e-03 5.608974358974358997e-03
0.000000000000000000e+00 5.824430199430199462e-01 2.577457264957264821e-02 3.917378917378917629e-03 1.041666666666666609e-02
0.000000000000000000e+00 5.917022792022792466e-01 2.323717948717948789e-02 4.629629629629629373e-03 1.121794871794871799e-02
0.000000000000000000e+00 6.112891737891738009e-01 1.842948717948717993e-02 4.273504273504273934e-03 1.068376068376068397e-02
0.000000000000000000e+00 6.253561253561253919e-01 1.625267094017094072e-01 6.766381766381766340e-03 8.279914529914529989e-03
0.000000000000000000e+00 6.513532763532763337e-01 8.279914529914529989e-03 4.273504273504273934e-03 1.228632478632478604e-02
0.000000000000000000e+00 6.593660968660968180e-01 7.077991452991452999e-03 4.629629629629629373e-03 1.308760683760683795e-02
0.000000000000000000e+00 6.672008547008546619e-01 5.074786324786324972e-03 3.917378917378917629e-03 9.081196581196581893e-03
0.000000000000000000e+00 6.796652421652421561e-01 4.540598290598290947e-03 3.917378917378917629e-03 8.012820512820512109e-03
0.000000000000000000e+00 6.958689458689458762e-01 4.807692307692307959e-03 3.205128205128205017e-03 8.547008547008547868e-03
0.000000000000000000e+00 7.118945868945868449e-01 4.941239316239316032e-03 3.917378917378917629e-03 8.814102564102564014e-03
0.000000000000000000e+00 7.070868945868945543e-01 3.605769230769230969e-03 3.205128205128205017e-03 6.143162393162393022e-03
0.000000000000000000e+00 6.302528490028490582e-01 1.603899572649572780e-01 7.300569800569800365e-03 9.348290598290598039e-03
0.000000000000000000e+00 8.455306267806267373e-01 1.386217948717948789e-01 7.300569800569800365e-03 6.410256410256410034e-03
0.000000000000000000e+00 8.582621082621082476e-01 1.287393162393162260e-01 4.985754985754985678e-03 1.228632478632478604e-02
0.000000000000000000e+00 8.578169515669515910e-01 1.565170940170940161e-01 7.300569800569800365e-03 5.341880341880341984e-03
0.000000000000000000e+00 8.854166666666666297e-01 1.248664529914529919e-01 4.807692307692307959e-03 1.255341880341880392e-02
0.000000000000000000e+00 8.900462962962962798e-01 1.290064102564102699e-01 5.519943019943019703e-03 1.121794871794871799e-02
0.000000000000000000e+00 8.951210826210825866e-01 1.296741452991453103e-01 5.698005698005698290e-03 1.362179487179487197e-02
0.000000000000000000e+00 9.099893162393162260e-01 1.354166666666666574e-01 5.519943019943019703e-03 1.228632478632478604e-02
0.000000000000000000e+00 9.370548433048433434e-01 1.451655982905983022e-01 4.807692307692307959e-03 1.201923076923076990e-02
0.000000000000000000e+00 9.626958689458688934e-01 1.567841880341880323e-01 4.807692307692307959e-03 1.335470085470085409e-02
0.000000000000000000e+00 9.701745014245014564e-01 1.550480769230769273e-01 5.876068376068376009e-03 1.362179487179487197e-02
0.000000000000000000e+00 2.440349002849002968e-01 1.872329059829059839e-01 8.368945868945869282e-03 6.410256410256410034e-03
0.000000000000000000e+00 2.267628205128205121e-01 1.979166666666666574e-01 4.095441595441595348e-03 1.014957264957264994e-02
0.000000000000000000e+00 2.309472934472934502e-01 1.991185897435897301e-01 3.561253561253561323e-03 1.255341880341880392e-02
0.000000000000000000e+00 2.449252136752136655e-01 2.132745726495726413e-01 4.095441595441595348e-03 1.095085470085470011e-02
0.000000000000000000e+00 2.505341880341880323e-01 1.733440170940170888e-01 6.410256410256410034e-03 5.876068376068376009e-03
0.000000000000000000e+00 2.523148148148148251e-01 1.877670940170940161e-01 7.122507122507122646e-03 5.876068376068376009e-03
0.000000000000000000e+00 2.597934472934472772e-01 1.899038461538461453e-01 8.190883190883190695e-03 9.615384615384615918e-03
0.000000000000000000e+00 2.619301994301994063e-01 2.315705128205128305e-01 4.273504273504273934e-03 1.282051282051282007e-02
0.000000000000000000e+00 3.374287749287749327e-01 1.772168803418803507e-01 8.903133903133903307e-03 6.143162393162393022e-03
0.000000000000000000e+00 4.459579772079771964e-01 1.757478632478632341e-01 7.300569800569800365e-03 4.807692307692307959e-03
0.000000000000000000e+00 4.352742165242165506e-01 1.932425213675213749e-01 3.739316239316239476e-03 1.415598290598290600e-02
0.000000000000000000e+00 4.084757834757834494e-01 1.742788461538461453e-01 7.834757834757835257e-03 7.211538461538461939e-03
0.000000000000000000e+00 6.777065527065526673e-01 1.921741452991453103e-01 3.917378917378917629e-03 1.041666666666666609e-02
0.000000000000000000e+00 7.086894586894586512e-01 2.407852564102564152e-01 6.410256410256410034e-03 7.211538461538461939e-03
0.000000000000000000e+00 8.184650997150997309e-01 1.705395299145299193e-01 7.656695156695156670e-03 7.211538461538461939e-03
0.000000000000000000e+00 7.937143874643874941e-01 1.860309829059829112e-01 8.368945868945869282e-03 7.211538461538461939e-03
0.000000000000000000e+00 7.870370370370370905e-01 2.246260683760683829e-01 7.478632478632478951e-03 7.478632478632478951e-03
0.000000000000000000e+00 9.347400284900284628e-01 1.742788461538461453e-01 6.944444444444444059e-03 7.211538461538461939e-03
0.000000000000000000e+00 9.770299145299145005e-01 1.925747863247863345e-01 9.971509971509971357e-03 8.012820512820512109e-03
0.000000000000000000e+00 9.377670940170940161e-01 2.928685897435897578e-01 5.876068376068376009e-03 1.255341880341880392e-02
0.000000000000000000e+00 9.311787749287748772e-01 3.185096153846153633e-01 5.519943019943019703e-03 1.148504273504273587e-02
0.000000000000000000e+00 9.456908831908832358e-01 3.301282051282051211e-01 8.903133903133903307e-03 9.081196581196581893e-03
0.000000000000000000e+00 9.491631054131054457e-01 2.753739316239316448e-01 4.807692307692307959e-03 1.068376068376068397e-02
0.000000000000000000e+00 8.713497150997151497e-01 3.525641025641025883e-01 8.725071225071224720e-03 8.547008547008547868e-03
0.000000000000000000e+00 8.600427350427350959e-01 3.497596153846153633e-01 7.122507122507122646e-03 5.608974358974358997e-03
0.000000000000000000e+00 9.337606837606837740e-01 3.549679487179487336e-01 5.698005698005698290e-03 1.442307692307692388e-02
0.000000000000000000e+00 9.388354700854700807e-01 3.672542735042735318e-01 8.368945868945869282e-03 6.944444444444444059e-03
0.000000000000000000e+00 9.224537037037037202e-01 3.822115384615384359e-01 5.163817663817663398e-03 1.228632478632478604e-02
0.000000000000000000e+00 9.111467236467236663e-01 3.563034188034188143e-01 7.478632478632478951e-03 8.547008547008547868e-03
0.000000000000000000e+00 8.975249287749287319e-01 3.592414529914529919e-01 7.656695156695156670e-03 5.876068376068376009e-03
0.000000000000000000e+00 8.805199430199430743e-01 3.498931623931623713e-01 5.341880341880341984e-03 1.068376068376068397e-02
0.000000000000000000e+00 8.804309116809116986e-01 3.795405982905982745e-01 5.519943019943019703e-03 1.121794871794871799e-02
0.000000000000000000e+00 8.976139601139601076e-01 3.858173076923077094e-01 4.985754985754985678e-03 1.095085470085470011e-02
0.000000000000000000e+00 3.205128205128205017e-03 5.431356837606837740e-01 6.054131054131053728e-03 6.143162393162393022e-03
0.000000000000000000e+00 2.653133903133903307e-02 5.582264957264957417e-01 7.122507122507122646e-03 5.341880341880341984e-03
0.000000000000000000e+00 1.807336182336182276e-02 5.639690170940171443e-01 8.012820512820512109e-03 6.143162393162393022e-03
0.000000000000000000e+00 2.626424501424501345e-02 5.654380341880341776e-01 7.300569800569800365e-03 5.341880341880341984e-03
0.000000000000000000e+00 2.688746438746438677e-02 5.717147435897436125e-01 7.478632478632478951e-03 5.074786324786324972e-03
0.000000000000000000e+00 2.519586894586894540e-02 5.781250000000000000e-01 8.012820512820512109e-03 6.143162393162393022e-03
0.000000000000000000e+00 1.807336182336182276e-02 5.710470085470085166e-01 7.300569800569800365e-03 5.341880341880341984e-03
0.000000000000000000e+00 1.486823361823361861e-02 6.096420940170940161e-01 8.012820512820512109e-03 7.211538461538461939e-03
0.000000000000000000e+00 2.297008547008547175e-02 6.115117521367521292e-01 6.766381766381766340e-03 5.608974358974358997e-03
0.000000000000000000e+00 2.305911680911680930e-02 6.240651709401708880e-01 7.656695156695156670e-03 6.143162393162393022e-03
0.000000000000000000e+00 1.299857549857549865e-01 6.360844017094017255e-01 6.054131054131053728e-03 1.041666666666666609e-02
0.000000000000000000e+00 1.540242165242165229e-01 6.566506410256410797e-01 5.341880341880341984e-03 1.148504273504273587e-02
0.000000000000000000e+00 6.403133903133902960e-01 5.474091880341880323e-01 3.917378917378917629e-03 9.882478632478632063e-03
0.000000000000000000e+00 6.568732193732194080e-01 6.542467948717948234e-01 3.917378917378917629e-03 1.095085470085470011e-02
0.000000000000000000e+00 6.880341880341880323e-01 6.096420940170940161e-01 6.054131054131053728e-03 6.143162393162393022e-03
0.000000000000000000e+00 6.837606837606838295e-02 6.798878205128204844e-01 6.410256410256410034e-03 1.255341880341880392e-02
0.000000000000000000e+00 7.656695156695156324e-02 6.789529914529914834e-01 6.054131054131053728e-03 1.282051282051282007e-02
0.000000000000000000e+00 4.349180911680911588e-01 6.821581196581196771e-01 5.163817663817663398e-03 1.282051282051282007e-02
0.000000000000000000e+00 9.700854700854700807e-01 7.919337606837606458e-01 7.834757834757835257e-03 7.478632478632478951e-03
0.000000000000000000e+00 9.082086894586894887e-01 7.525373931623932089e-01 8.012820512820512109e-03 1.095085470085470011e-02
0.000000000000000000e+00 9.909188034188034511e-01 9.635416666666666297e-01 3.917378917378917629e-03 9.348290598290598039e-03
0.000000000000000000e+00 9.955484330484331013e-01 9.652777777777777901e-01 5.341880341880341984e-03 1.175213675213675202e-02
0.000000000000000000e+00 9.990206552706553111e-01 9.676816239316239354e-01 1.958689458689458814e-03 1.068376068376068397e-02
0.000000000000000000e+00 9.965277777777777901e-01 8.918269230769231282e-01 4.807692307692307959e-03 8.012820512820512109e-03
