0.000000000000000000e+00 6.045227920227920493e-02 7.518696581196580853e-02 4.451566951566951653e-03 1.255341880341880392e-02
0.000000000000000000e+00 1.231303418803418870e-01 4.821047008547008766e-02 4.807692307692307959e-03 1.148504273504273587e-02
0.000000000000000000e+00 1.245548433048433018e-01 7.091346153846153633e-02 4.451566951566951653e-03 1.308760683760683795e-02
0.000000000000000000e+00 1.200142450142450135e-01 6.410256410256410034e-03 3.561253561253561323e-03 1.068376068376068397e-02
0.000000000000000000e+00 2.914886039886039892e-01 1.432959401709401615e-01 5.698005698005698290e-03 1.095085470085470011e-02
0.000000000000000000e+00 2.950498575498575748e-01 1.578525641025640969e-01 5.341880341880341984e-03 1.175213675213675202e-02
0.000000000000000000e+00 6.738782051282051766e-01 1.534455128205128305e-01 6.588319088319088621e-03 8.814102564102564014e-03
0.000000000000000000e+00 7.711004273504273865e-01 1.010950854700854717e-01 7.300569800569800365e-03 1.148504273504273587e-02
0.000000000000000000e+00 7.746616809116808611e-01 1.051014957264957278e-01 7.300569800569800365e-03 1.148504273504273587e-02
0.000000000000000000e+00 7.733262108262107803e-01 1.348824786324786251e-01 7.122507122507122646e-03 6.944444444444444059e-03
0.000000000000000000e+00 7.642450142450142314e-01 1.418269230769230727e-01 5.341880341880341984e-03 1.014957264957264994e-02
0.000000000000000000e+00 7.703881766381766028e-01 1.518429487179487059e-01 8.368945868945869282e-03 8.279914529914529989e-03
0.000000000000000000e+00 7.608618233618233972e-01 1.574519230769230727e-01 5.341880341880341984e-03 1.148504273504273587e-02
0.000000000000000000e+00 7.579237891737892197e-01 4.700854700854700807e-02 5.876068376068376009e-03 1.068376068376068397e-02
0.000000000000000000e+00 9.677706552706553111e-01 9.214743589743590313e-02 6.410256410256410034e-03 9.081196581196581893e-03
0.000000000000000000e+00 9.888710826210825866e-01 8.106303418803419147e-02 6.588319088319088621e-03 1.148504273504273587e-02
0.000000000000000000e+00 9.642094017094017255e-01 1.594551282051281937e-01 6.054131054131053728e-03 1.014957264957264994e-02
0.000000000000000000e+00 9.398148148148147696e-01 1.470352564102564152e-01 8.547008547008547868e-03 1.255341880341880392e-02
0.000000000000000000e+00 2.124287749287749327e-01 3.201121794871794601e-01 6.410256410256410034e-03 6.677350427350427046e-03
0.000000000000000000e+00 2.239138176638176547e-01 3.250534188034188143e-01 6.232193732193732315e-03 6.410256410256410034e-03
0.000000000000000000e+00 2.353098290598290565e-01 3.295940170940170888e-01 1.086182336182336255e-02 9.081196581196581893e-03
0.000000000000000000e+00 2.286324786324786251e-01 2.534722222222222099e-01 5.341880341880341984e-03 1.228632478632478604e-02
0.000000000000000000e+00 3.004807692307692180e-01 2.897970085470085722e-01 4.451566951566951653e-03 1.175213675213675202e-02
0.000000000000000000e+00 3.284366096866097040e-01 3.012820512820512664e-01 5.519943019943019703e-03 1.175213675213675202e-02
0.000000000000000000e+00 3.307514245014245291e-01 3.270566239316239354e-01 8.012820512820512109e-03 8.814102564102564014e-03
0.000000000000000000e+00 3.654736467236467390e-01 1.754807692307692180e-01 5.876068376068376009e-03 6.410256410256410034e-03
0.000000000000000000e+00 4.220975783475783283e-01 2.160790598290598385e-01 4.807692307692307959e-03 9.081196581196581893e-03
0.000000000000000000e+00 4.360754985754985991e-01 2.569444444444444198e-01 5.698005698005698290e-03 1.068376068376068397e-02
0.000000000000000000e+00 4.240562678062678170e-01 2.864583333333333148e-01 5.163817663817663398e-03 1.041666666666666609e-02
0.000000000000000000e+00 6.063034188034187588e-01 2.469284188034188143e-01 5.341880341880341984e-03 1.041666666666666609e-02
0.000000000000000000e+00 6.204594017094017255e-01 2.554754273504273310e-01 4.451566951566951653e-03 9.348290598290598039e-03
0.000000000000000000e+00 6.251780626780626404e-01 2.574786324786324521e-01 4.985754985754985678e-03 1.068376068376068397e-02
0.000000000000000000e+00 6.444978632478632896e-01 2.545405982905982745e-01 6.944444444444444059e-03 6.944444444444444059e-03
0.000000000000000000e+00 6.514423076923077094e-01 2.588141025641025883e-01 5.876068376068376009e-03 6.410256410256410034e-03
0.000000000000000000e+00 6.623931623931623713e-01 2.641559829059829112e-01 7.478632478632478951e-03 7.478632478632478951e-03
0.000000000000000000e+00 6.703169515669515910e-01 2.823183760683760646e-01 4.451566951566951653e-03 1.068376068376068397e-02
0.000000000000000000e+00 7.053952991452991927e-01 2.604166666666666852e-01 5.163817663817663398e-03 1.121794871794871799e-02
0.000000000000000000e+00 7.092236467236466835e-01 2.577457264957264682e-01 5.341880341880341984e-03 1.014957264957264994e-02
0.000000000000000000e+00 7.055733618233618332e-01 2.986111111111111049e-01 4.807692307692307959e-03 1.175213675213675202e-02
0.000000000000000000e+00 7.102920227920227481e-01 3.020833333333333148e-01 5.341880341880341984e-03 1.282051282051282007e-02
0.000000000000000000e+00 7.158119658119658224e-01 3.054220085470085722e-01 5.341880341880341984e-03 1.255341880341880392e-02
0.000000000000000000e+00 7.215099715099715372e-01 3.048878205128205399e-01 5.698005698005698290e-03 1.095085470085470011e-02
0.000000000000000000e+00 7.393162393162393542e-01 2.831196581196581130e-01 6.766381766381766340e-03 8.547008547008547868e-03
0.000000000000000000e+00 7.166132478632478708e-01 2.545405982905982745e-01 4.807692307692307959e-03 9.615384615384615918e-03
0.000000000000000000e+00 7.208867521367521292e-01 2.516025641025640969e-01 5.519943019943019703e-03 9.615384615384615918e-03
0.000000000000000000e+00 7.489316239316239354e-01 2.035256410256410242e-01 5.341880341880341984e-03 1.228632478632478604e-02
0.000000000000000000e+00 6.693376068376067911e-01 1.748130341880341776e-01 6.410256410256410034e-03 1.201923076923076990e-02
0.000000000000000000e+00 6.660434472934473327e-01 1.785523504273504314e-01 5.519943019943019703e-03 9.348290598290598039e-03
0.000000000000000000e+00 6.565170940170940161e-01 1.888354700854700807e-01 4.985754985754985678e-03 9.615384615384615918e-03
0.000000000000000000e+00 7.570334757834757955e-01 1.712072649572649596e-01 5.519943019943019703e-03 1.175213675213675202e-02
0.000000000000000000e+00 7.563212250712251228e-01 2.049946581196581130e-01 8.012820512820512109e-03 7.211538461538461939e-03
0.000000000000000000e+00 7.541844729344728826e-01 2.115384615384615363e-01 8.368945868945869282e-03 9.081196581196581893e-03
0.000000000000000000e+00 8.666310541310541238e-01 2.677617521367521292e-01 6.054131054131053728e-03 9.348290598290598039e-03
0.000000000000000000e+00 8.684116809116808611e-01 2.861912393162392987e-01 6.054131054131053728e-03 1.095085470085470011e-02
0.000000000000000000e+00 8.584401709401708880e-01 3.158386752136752018e-01 5.698005698005698290e-03 1.148504273504273587e-02
0.000000000000000000e+00 8.531873219373219408e-01 3.340010683760683552e-01 4.451566951566951653e-03 9.348290598290598039e-03
0.000000000000000000e+00 9.764957264957264682e-01 1.820245726495726413e-01 5.341880341880341984e-03 1.095085470085470011e-02
0.000000000000000000e+00 9.794337606837606458e-01 1.963141025641025605e-01 4.807692307692307959e-03 1.175213675213675202e-02
0.000000000000000000e+00 9.834401709401708880e-01 2.220886752136752018e-01 4.985754985754985678e-03 1.095085470085470011e-02
0.000000000000000000e+00 9.877136752136752573e-01 2.439903846153846090e-01 4.629629629629629373e-03 1.095085470085470011e-02
0.000000000000000000e+00 9.278846153846154188e-01 1.702724358974359031e-01 6.410256410256410034e-03 1.095085470085470011e-02
0.000000000000000000e+00 9.174679487179486781e-01 1.903044871794871695e-01 5.876068376068376009e-03 8.814102564102564014e-03
0.000000000000000000e+00 9.125712250712251228e-01 2.000534188034188143e-01 6.054131054131053728e-03 9.615384615384615918e-03
0.000000000000000000e+00 9.056267806267805920e-01 2.126068376068376009e-01 5.698005698005698290e-03 9.081196581196581893e-03
0.000000000000000000e+00 8.963675213675214026e-01 2.301014957264957139e-01 7.122507122507122646e-03 1.041666666666666609e-02
0.000000000000000000e+00 8.893340455840456071e-01 2.439903846153846090e-01 6.588319088319088621e-03 1.041666666666666609e-02
0.000000000000000000e+00 9.006410256410256610e-01 2.494658119658119677e-01 5.341880341880341984e-03 1.068376068376068397e-02
0.000000000000000000e+00 9.055377492877493273e-01 2.383814102564102699e-01 6.232193732193732315e-03 1.095085470085470011e-02
0.000000000000000000e+00 8.636039886039885427e-02 3.898237179487179516e-01 7.122507122507122646e-03 9.882478632478632063e-03
0.000000000000000000e+00 8.956552706552706189e-02 3.956997863247863068e-01 6.766381766381766340e-03 1.095085470085470011e-02
0.000000000000000000e+00 1.739672364672364691e-01 4.127938034188033956e-01 5.341880341880341984e-03 1.255341880341880392e-02
0.000000000000000000e+00 2.538283475783476018e-01 3.384081196581196771e-01 7.300569800569800365e-03 7.478632478632478951e-03
0.000000000000000000e+00 2.628205128205128305e-01 3.430822649572649596e-01 7.478632478632478951e-03 7.211538461538461939e-03
0.000000000000000000e+00 2.775997150997150942e-01 3.404113247863247982e-01 8.903133903133903307e-03 8.279914529914529989e-03
0.000000000000000000e+00 3.035078347578347713e-01 3.659188034188033956e-01 6.944444444444444059e-03 7.478632478632478951e-03
0.000000000000000000e+00 3.131232193732193525e-01 4.925213675213675479e-01 6.232193732193732315e-03 7.478632478632478951e-03
0.000000000000000000e+00 4.150641025641025883e-01 3.788728632478632341e-01 6.054131054131053728e-03 9.348290598290598039e-03
0.000000000000000000e+00 4.473824786324786529e-01 3.812767094017093794e-01 5.163817663817663398e-03 1.148504273504273587e-02
0.000000000000000000e+00 4.551282051282051211e-01 3.908920940170940161e-01 4.985754985754985678e-03 1.148504273504273587e-02
0.000000000000000000e+00 4.512998575498575748e-01 4.018429487179487336e-01 4.451566951566951653e-03 9.882478632478632063e-03
0.000000000000000000e+00 8.460648148148147696e-01 3.627136752136752018e-01 5.876068376068376009e-03 1.175213675213675202e-02
0.000000000000000000e+00 8.506944444444444198e-01 3.450854700854700807e-01 5.163817663817663398e-03 1.014957264957264994e-02
0.000000000000000000e+00 8.414351851851852304e-01 3.890224358974359031e-01 3.739316239316239476e-03 1.095085470085470011e-02
0.000000000000000000e+00 8.052884615384615641e-01 4.268162393162392987e-01 4.095441595441595348e-03 1.014957264957264994e-02
0.000000000000000000e+00 8.109864672364672789e-01 4.807692307692307820e-01 7.300569800569800365e-03 5.341880341880341984e-03
0.000000000000000000e+00 9.981303418803418870e-01 3.361378205128205399e-01 3.739316239316239476e-03 1.255341880341880392e-02
0.000000000000000000e+00 9.985754985754985436e-01 3.532318376068376287e-01 2.849002849002849145e-03 1.148504273504273587e-02
0.000000000000000000e+00 2.047720797720797847e-01 5.385950854700854995e-01 4.985754985754985678e-03 1.095085470085470011e-02
0.000000000000000000e+00 2.390491452991453103e-01 6.493055555555555802e-01 5.519943019943019703e-03 9.081196581196581893e-03
0.000000000000000000e+00 2.222222222222222099e-01 6.558493589743589203e-01 5.341880341880341984e-03 1.148504273504273587e-02
0.000000000000000000e+00 2.777777777777777901e-01 5.997596153846154188e-01 8.190883190883190695e-03 8.279914529914529989e-03
0.000000000000000000e+00 2.770655270655270619e-01 6.060363247863247427e-01 6.054131054131053728e-03 6.410256410256410034e-03
0.000000000000000000e+00 2.786680911680911588e-01 6.188568376068376287e-01 7.478632478632478951e-03 8.012820512820512109e-03
0.000000000000000000e+00 4.848646723646723444e-01 5.619658119658119677e-01 4.273504273504273934e-03 1.014957264957264994e-02
0.000000000000000000e+00 5.116631054131054457e-01 5.777243589743589203e-01 3.739316239316239476e-03 9.081196581196581893e-03
0.000000000000000000e+00 5.193198005698005382e-01 5.929487179487179516e-01 4.807692307692307959e-03 1.014957264957264994e-02
0.000000000000000000e+00 6.180555555555555802e-01 5.211004273504273865e-01 6.054131054131053728e-03 1.175213675213675202e-02
0.000000000000000000e+00 6.241096866096865758e-01 5.224358974358974672e-01 4.273504273504273934e-03 9.615384615384615918e-03
0.000000000000000000e+00 6.975605413105413488e-01 5.495459401709401615e-01 6.944444444444444059e-03 6.677350427350427046e-03
0.000000000000000000e+00 7.082443019943019946e-01 5.540865384615384359e-01 4.807692307692307959e-03 9.882478632478632063e-03
0.000000000000000000e+00 8.354700854700854995e-01 5.121527777777777901e-01 6.054131054131053728e-03 8.279914529914529989e-03
0.000000000000000000e+00 8.341346153846154188e-01 5.212339743589743390e-01 6.232193732193732315e-03 8.814102564102564014e-03
0.000000000000000000e+00 8.321759259259259300e-01 5.380608974358974672e-01 9.793447293447292770e-03 1.255341880341880392e-02
0.000000000000000000e+00 8.253205128205127750e-01 5.655715811965812412e-01 6.766381766381766340e-03 7.745726495726495964e-03
0.000000000000000000e+00 8.258547008547008073e-01 5.721153846153845812e-01 6.410256410256410034e-03 8.012820512820512109e-03
0.000000000000000000e+00 8.345797720797720753e-01 6.392895299145299193e-01 8.903133903133903307e-03 6.677350427350427046e-03
0.000000000000000000e+00 8.441061253561253919e-01 6.420940170940171443e-01 6.588319088319088621e-03 5.341880341880341984e-03
0.000000000000000000e+00 8.548789173789174134e-01 6.454326923076922906e-01 8.547008547008547868e-03 6.677350427350427046e-03
0.000000000000000000e+00 8.641381766381766028e-01 6.487713675213675479e-01 7.834757834757835257e-03 6.410256410256410034e-03
0.000000000000000000e+00 8.736645299145299193e-01 6.506410256410256610e-01 6.944444444444444059e-03 5.876068376068376009e-03
0.000000000000000000e+00 8.449074074074074403e-01 6.554487179487179516e-01 8.547008547008547868e-03 6.944444444444444059e-03
0.000000000000000000e+00 8.824786324786324521e-01 6.537126068376067911e-01 7.834757834757835257e-03 6.677350427350427046e-03
0.000000000000000000e+00 8.910256410256410797e-01 6.562500000000000000e-01 6.766381766381766340e-03 5.876068376068376009e-03
0.000000000000000000e+00 9.178240740740740700e-01 6.535790598290598385e-01 4.451566951566951653e-03 1.175213675213675202e-02
0.000000000000000000e+00 9.975071225071224790e-01 6.653311965811965489e-01 4.985754985754985678e-03 8.012820512820512109e-03
0.000000000000000000e+00 2.599715099715099731e-02 7.640224358974359031e-01 5.698005698005698290e-03 1.255341880341880392e-02
0.000000000000000000e+00 5.003561253561253364e-02 7.485309829059828557e-01 7.478632478632478951e-03 8.279914529914529989e-03
0.000000000000000000e+00 6.543803418803419147e-02 7.638888888888888395e-01 6.944444444444444059e-03 7.478632478632478951e-03
0.000000000000000000e+00 9.882478632478632063e-03 7.142094017094017255e-01 6.588319088319088621e-03 8.012820512820512109e-03
0.000000000000000000e+00 7.291666666666667129e-02 7.709668803418803229e-01 7.656695156695156670e-03 8.814102564102564014e-03
0.000000000000000000e+00 6.971153846153846367e-02 7.852564102564102422e-01 7.656695156695156670e-03 8.547008547008547868e-03
0.000000000000000000e+00 7.879273504273504036e-02 7.932692307692307265e-01 7.300569800569800365e-03 9.615384615384615918e-03
0.000000000000000000e+00 8.618233618233618609e-02 8.019497863247863068e-01 7.478632478632478951e-03 9.348290598290598039e-03
0.000000000000000000e+00 1.045227920227920215e-01 7.998130341880341776e-01 6.410256410256410034e-03 7.745726495726495964e-03
0.000000000000000000e+00 1.122685185185185175e-01 8.078258547008546619e-01 7.656695156695156670e-03 9.348290598290598039e-03
0.000000000000000000e+00 1.208155270655270619e-01 8.153044871794872250e-01 6.232193732193732315e-03 8.279914529914529989e-03
0.000000000000000000e+00 1.192129629629629650e-01 8.331997863247863068e-01 6.944444444444444059e-03 8.814102564102564014e-03
0.000000000000000000e+00 2.644230769230769204e-02 8.087606837606837740e-01 5.519943019943019703e-03 8.547008547008547868e-03
0.000000000000000000e+00 2.127849002849002691e-02 8.193108974358974672e-01 6.588319088319088621e-03 1.148504273504273587e-02
0.000000000000000000e+00 1.486823361823361861e-02 8.302617521367521292e-01 6.232193732193732315e-03 1.255341880341880392e-02
0.000000000000000000e+00 2.151887464387464421e-01 6.733440170940171443e-01 6.944444444444444059e-03 6.410256410256410034e-03
0.000000000000000000e+00 2.167913105413105390e-01 6.805555555555555802e-01 7.656695156695156670e-03 5.341880341880341984e-03
0.000000000000000000e+00 2.098468660968660915e-01 6.889690170940171443e-01 8.368945868945869282e-03 7.211538461538461939e-03
0.000000000000000000e+00 2.196403133903133964e-01 6.907051282051281937e-01 5.876068376068376009e-03 5.876068376068376009e-03
0.000000000000000000e+00 2.474180911680911588e-01 6.736111111111111605e-01 5.519943019943019703e-03 1.014957264957264994e-02
0.000000000000000000e+00 1.299857549857549865e-01 8.243856837606837740e-01 6.766381766381766340e-03 9.348290598290598039e-03
0.000000000000000000e+00 1.378205128205128305e-01 8.323985042735042583e-01 8.190883190883190695e-03 1.095085470085470011e-02
0.000000000000000000e+00 2.571225071225071157e-01 7.274305555555555802e-01 6.054131054131053728e-03 7.745726495726495964e-03
0.000000000000000000e+00 5.212784900284900269e-01 8.126335470085470636e-01 4.451566951566951653e-03 1.201923076923076990e-02
0.000000000000000000e+00 8.493589743589743390e-01 6.893696581196581130e-01 8.190883190883190695e-03 7.478632478632478951e-03
0.000000000000000000e+00 8.166844729344728826e-01 6.904380341880341776e-01 8.012820512820512109e-03 6.944444444444444059e-03
0.000000000000000000e+00 8.262998575498575748e-01 6.921741452991453381e-01 6.944444444444444059e-03 6.143162393162393022e-03
0.000000000000000000e+00 8.367165242165242045e-01 6.956463675213675479e-01 7.122507122507122646e-03 6.143162393162393022e-03
0.000000000000000000e+00 8.464209401709401615e-01 6.983173076923077094e-01 7.300569800569800365e-03 6.143162393162393022e-03
0.000000000000000000e+00 8.555911680911680861e-01 7.004540598290598385e-01 5.341880341880341984e-03 5.074786324786324972e-03
0.000000000000000000e+00 8.710826210826211335e-01 7.047275641025640969e-01 6.410256410256410034e-03 6.677350427350427046e-03
0.000000000000000000e+00 7.620192307692307265e-01 7.971420940170940161e-01 3.739316239316239476e-03 8.814102564102564014e-03
0.000000000000000000e+00 7.579237891737892197e-01 8.084935897435897578e-01 4.451566951566951653e-03 1.175213675213675202e-02
0.000000000000000000e+00 8.747329059829059839e-01 8.275908119658119677e-01 4.451566951566951653e-03 9.882478632478632063e-03
0.000000000000000000e+00 9.926994301994301884e-01 6.753472222222222099e-01 6.766381766381766340e-03 7.745726495726495964e-03
0.000000000000000000e+00 9.958155270655271174e-01 6.708066239316239354e-01 6.944444444444444059e-03 8.279914529914529989e-03
0.000000000000000000e+00 8.791844729344728826e-01 7.072649572649573058e-01 6.944444444444444059e-03 6.944444444444444059e-03
0.000000000000000000e+00 9.344729344729344467e-01 7.231570512820513219e-01 6.766381766381766340e-03 6.143162393162393022e-03
0.000000000000000000e+00 9.707977207977207534e-01 7.264957264957264682e-01 7.478632478632478951e-03 7.478632478632478951e-03
0.000000000000000000e+00 9.683048433048433434e-01 7.359775641025640969e-01 6.766381766381766340e-03 7.211538461538461939e-03
0.000000000000000000e+00 9.770299145299145005e-01 7.397168803418803229e-01 7.122507122507122646e-03 7.745726495726495964e-03
0.000000000000000000e+00 9.866452991452991927e-01 7.442574786324785974e-01 7.122507122507122646e-03 7.211538461538461939e-03
0.000000000000000000e+00 8.935185185185184897e-01 7.395833333333333703e-01 4.629629629629629373e-03 1.014957264957264994e-02
0.000000000000000000e+00 8.911146723646723444e-01 7.552083333333333703e-01 4.807692307692307959e-03 1.095085470085470011e-02
0.000000000000000000e+00 8.882656695156695426e-01 7.646901709401708880e-01 3.739316239316239476e-03 8.547008547008547868e-03
0.000000000000000000e+00 8.833689458689458762e-01 7.923344017094017255e-01 4.629629629629629373e-03 8.814102564102564014e-03
0.000000000000000000e+00 8.805199430199430743e-01 8.036858974358974672e-01 3.205128205128205017e-03 8.547008547008547868e-03
0.000000000000000000e+00 8.839921652421652842e-01 8.325320512820513219e-01 4.807692307692307959e-03 1.014957264957264994e-02
0.000000000000000000e+00 1.073717948717948650e-01 9.691506410256410797e-01 5.341880341880341984e-03 8.814102564102564014e-03
0.000000000000000000e+00 9.570868945868946098e-02 9.890491452991453381e-01 5.876068376068376009e-03 1.014957264957264994e-02
0.000000000000000000e+00 1.265135327635327767e-01 8.385416666666666297e-01 5.876068376068376009e-03 7.745726495726495964e-03
0.000000000000000000e+00 1.328347578347578439e-01 8.449519230769231282e-01 5.698005698005698290e-03 7.211538461538461939e-03
0.000000000000000000e+00 1.482371794871794879e-01 8.601762820512820484e-01 7.300569800569800365e-03 9.348290598290598039e-03
0.000000000000000000e+00 1.463675213675213749e-01 8.848824786324785974e-01 7.122507122507122646e-03 1.175213675213675202e-02
0.000000000000000000e+00 1.534009971509971426e-01 8.826121794871795156e-01 4.451566951566951653e-03 9.348290598290598039e-03
0.000000000000000000e+00 1.638176638176638278e-01 8.751335470085470636e-01 4.985754985754985678e-03 5.608974358974358997e-03
0.000000000000000000e+00 2.383368945868945821e-01 9.388354700854700807e-01 6.232193732193732315e-03 1.228632478632478604e-02
0.000000000000000000e+00 7.331730769230768718e-01 8.536324786324785974e-01 5.163817663817663398e-03 1.068376068376068397e-02
0.000000000000000000e+00 7.228454415954416179e-01 9.409722222222222099e-01 3.739316239316239476e-03 6.944444444444444059e-03
0.000000000000000000e+00 7.203525641025640969e-01 9.492521367521367104e-01 5.163817663817663398e-03 1.121794871794871799e-02
0.000000000000000000e+00 7.145655270655271174e-01 9.732905982905982745e-01 5.698005698005698290e-03 1.228632478632478604e-02
0.000000000000000000e+00 7.109152421652421561e-01 9.853098290598291120e-01 5.163817663817663398e-03 1.121794871794871799e-02
0.000000000000000000e+00 8.717058404558404305e-01 8.392094017094017255e-01 4.807692307692307959e-03 1.121794871794871799e-02
0.000000000000000000e+00 8.631588319088319139e-01 8.790064102564102422e-01 4.095441595441595348e-03 9.081196581196581893e-03
0.000000000000000000e+00 8.674323361823361722e-01 8.998397435897436125e-01 5.163817663817663398e-03 1.282051282051282007e-02
0.000000000000000000e+00 8.627136752136752573e-01 9.153311965811965489e-01 5.698005698005698290e-03 1.121794871794871799e-02
0.000000000000000000e+00 8.599537037037037202e-01 9.272168803418803229e-01 5.163817663817663398e-03 1.148504273504273587e-02
0.000000000000000000e+00 8.566595441595441507e-01 9.409722222222222099e-01 4.629629629629629373e-03 1.068376068376068397e-02
0.000000000000000000e+00 8.565705128205127750e-01 9.073183760683760646e-01 5.163817663817663398e-03 1.121794871794871799e-02
0.000000000000000000e+00 8.538105413105413488e-01 9.190705128205127750e-01 4.629629629629629373e-03 9.081196581196581893e-03
0.000000000000000000e+00 8.507834757834757955e-01 9.309561965811965489e-01 5.341880341880341984e-03 1.041666666666666609e-02
0.000000000000000000e+00 8.468660968660968180e-01 9.444444444444444198e-01 6.054131054131053728e-03 1.068376068376068397e-02
0.000000000000000000e+00 8.423254985754985436e-01 9.614049145299145005e-01 4.807692307692307959e-03 1.095085470085470011e-02
0.000000000000000000e+00 8.478454415954416179e-01 9.762286324786324521e-01 4.807692307692307959e-03 9.615384615384615918e-03
0.000000000000000000e+00 8.372507122507122368e-01 9.807692307692307265e-01 4.273504273504273934e-03 9.081196581196581893e-03
0.000000000000000000e+00 8.342236467236466835e-01 9.917200854700854995e-01 5.698005698005698290e-03 1.121794871794871799e-02
0.000000000000000000e+00 8.812321937321937471e-01 8.438835470085470636e-01 4.629629629629629373e-03 1.095085470085470011e-02
0.000000000000000000e+00 8.785612535612535856e-01 8.547008547008546619e-01 4.273504273504273934e-03 9.615384615384615918e-03
0.000000000000000000e+00 8.878205128205127750e-01 8.736645299145299193e-01 9.615384615384615918e-03 9.081196581196581893e-03
0.000000000000000000e+00 9.147970085470085166e-01 8.855502136752136932e-01 6.588319088319088621e-03 6.677350427350427046e-03
0.000000000000000000e+00 9.306445868945868449e-01 8.948985042735042583e-01 6.232193732193732315e-03 6.143162393162393022e-03
0.000000000000000000e+00 9.219195156695156879e-01 9.022435897435897578e-01 6.588319088319088621e-03 6.944444444444444059e-03
0.000000000000000000e+00 9.303774928774928288e-01 9.075854700854700807e-01 7.478632478632478951e-03 8.012820512820512109e-03
0.000000000000000000e+00 9.460470085470085166e-01 9.038461538461538547e-01 6.766381766381766340e-03 7.478632478632478951e-03
0.000000000000000000e+00 9.618055555555555802e-01 9.141292735042735318e-01 8.368945868945869282e-03 8.814102564102564014e-03
0.000000000000000000e+00 9.640313390313390851e-01 9.302884615384615641e-01 6.766381766381766340e-03 8.012820512820512109e-03
0.000000000000000000e+00 9.752492877492877632e-01 9.387019230769231282e-01 7.122507122507122646e-03 8.279914529914529989e-03
0.000000000000000000e+00 9.835292022792022637e-01 9.445779914529914834e-01 7.656695156695156670e-03 8.279914529914529989e-03
0.000000000000000000e+00 9.844195156695156879e-01 9.318910256410256610e-01 6.588319088319088621e-03 7.478632478632478951e-03
0.000000000000000000e+00 9.927884615384615641e-01 9.380341880341880323e-01 7.300569800569800365e-03 8.012820512820512109e-03
