0.000000000000000000e+00 8.564814814814815380e-02 1.139155982905982883e-01 7.834757834757835257e-03 9.348290598290598039e-03
0.000000000000000000e+00 8.876424501424501345e-02 1.199252136752136794e-01 5.876068376068376009e-03 1.175213675213675202e-02
0.000000000000000000e+00 2.124287749287749327e-01 4.407051282051282354e-02 7.122507122507122646e-03 6.944444444444444059e-03
0.000000000000000000e+00 2.240918803418803507e-01 4.941239316239316032e-02 6.588319088319088621e-03 6.944444444444444059e-03
0.000000000000000000e+00 2.357549857549857686e-01 5.315170940170940023e-02 1.139601139601139658e-02 1.068376068376068397e-02
0.000000000000000000e+00 2.370904558404558493e-01 4.447115384615384776e-02 9.793447293447292770e-03 8.814102564102564014e-03
0.000000000000000000e+00 1.720085470085470081e-01 1.303418803418803507e-01 4.629629629629629373e-03 1.014957264957264994e-02
0.000000000000000000e+00 2.541844729344729381e-01 6.263354700854700807e-02 7.300569800569800365e-03 8.279914529914529989e-03
0.000000000000000000e+00 2.634437321937321830e-01 6.784188034188033678e-02 8.012820512820512109e-03 6.944444444444444059e-03
0.000000000000000000e+00 3.042200854700854440e-01 9.081196581196580853e-02 7.300569800569800365e-03 7.478632478632478951e-03
0.000000000000000000e+00 3.314636752136752018e-01 5.194978632478632757e-02 8.368945868945869282e-03 8.814102564102564014e-03
0.000000000000000000e+00 3.011039886039886260e-01 1.428952991452991407e-02 4.985754985754985678e-03 1.201923076923076990e-02
0.000000000000000000e+00 3.289707977207977363e-01 2.657585470085470011e-02 4.807692307692307959e-03 1.148504273504273587e-02
0.000000000000000000e+00 4.560185185185185452e-01 3.993055555555555247e-02 5.698005698005698290e-03 1.041666666666666609e-02
0.000000000000000000e+00 4.234330484330484090e-01 7.892628205128204844e-02 4.273504273504273934e-03 1.148504273504273587e-02
0.000000000000000000e+00 4.471153846153846367e-01 9.909188034188033678e-02 4.985754985754985678e-03 1.175213675213675202e-02
0.000000000000000000e+00 4.501424501424501345e-01 1.144497863247863206e-01 4.629629629629629373e-03 9.882478632478632063e-03
0.000000000000000000e+00 4.565527065527065775e-01 1.161858974358974395e-01 5.341880341880341984e-03 1.228632478632478604e-02
0.000000000000000000e+00 7.077991452991453381e-01 2.203525641025641177e-02 5.341880341880341984e-03 1.095085470085470011e-02
0.000000000000000000e+00 7.126958689458688934e-01 2.510683760683760785e-02 6.232193732193732315e-03 1.388888888888888812e-02
0.000000000000000000e+00 7.180377492877493273e-01 2.804487179487179585e-02 5.876068376068376009e-03 1.335470085470085409e-02
0.000000000000000000e+00 7.238247863247863068e-01 2.817841880341880392e-02 5.698005698005698290e-03 1.255341880341880392e-02
0.000000000000000000e+00 7.418981481481481399e-01 4.941239316239316032e-03 7.300569800569800365e-03 7.211538461538461939e-03
0.000000000000000000e+00 6.727207977207977363e-01 4.807692307692307959e-03 4.273504273504273934e-03 8.547008547008547868e-03
0.000000000000000000e+00 8.079594017094017255e-01 1.505074786324786251e-01 4.095441595441595348e-03 9.882478632478632063e-03
0.000000000000000000e+00 8.491809116809116986e-01 8.506944444444444753e-02 4.985754985754985678e-03 1.148504273504273587e-02
0.000000000000000000e+00 8.534544159544159569e-01 6.730769230769230449e-02 5.341880341880341984e-03 1.121794871794871799e-02
0.000000000000000000e+00 8.560363247863247427e-01 5.622329059829059977e-02 4.095441595441595348e-03 8.814102564102564014e-03
0.000000000000000000e+00 8.613782051282051766e-01 3.846153846153846367e-02 5.519943019943019703e-03 1.068376068376068397e-02
0.000000000000000000e+00 8.712606837606837740e-01 8.146367521367521916e-03 5.698005698005698290e-03 1.041666666666666609e-02
0.000000000000000000e+00 8.778490028490028019e-01 4.380341880341880045e-02 6.766381766381766340e-03 6.410256410256410034e-03
0.000000000000000000e+00 1.339031339031339085e-01 2.011217948717948789e-01 7.478632478632478951e-03 6.944444444444444059e-03
0.000000000000000000e+00 1.339031339031339085e-01 2.073985042735042861e-01 7.122507122507122646e-03 7.211538461538461939e-03
0.000000000000000000e+00 2.047720797720797847e-01 2.644230769230769273e-01 5.341880341880341984e-03 1.068376068376068397e-02
0.000000000000000000e+00 2.787571225071225345e-01 3.126335470085470081e-01 6.232193732193732315e-03 6.143162393162393022e-03
0.000000000000000000e+00 2.861467236467236663e-01 3.170405982905982745e-01 7.478632478632478951e-03 7.478632478632478951e-03
0.000000000000000000e+00 2.765313390313390296e-01 3.174412393162392987e-01 7.478632478632478951e-03 7.211538461538461939e-03
0.000000000000000000e+00 2.781339031339031265e-01 3.253205128205128305e-01 7.478632478632478951e-03 8.012820512820512109e-03
0.000000000000000000e+00 2.774216524216523982e-01 3.315972222222222099e-01 6.766381766381766340e-03 6.143162393162393022e-03
0.000000000000000000e+00 3.140135327635327767e-01 2.174145299145299193e-01 5.876068376068376009e-03 7.478632478632478951e-03
0.000000000000000000e+00 4.797008547008547175e-01 2.455929487179487059e-01 3.917378917378917629e-03 9.882478632478632063e-03
0.000000000000000000e+00 5.137108262108261991e-01 3.072916666666666852e-01 4.273504273504273934e-03 1.041666666666666609e-02
0.000000000000000000e+00 6.198361823361823175e-01 2.457264957264957139e-01 5.698005698005698290e-03 1.228632478632478604e-02
0.000000000000000000e+00 6.263354700854700807e-01 2.477297008547008628e-01 4.807692307692307959e-03 1.041666666666666609e-02
0.000000000000000000e+00 6.093304843304843121e-01 2.246260683760683829e-01 4.273504273504273934e-03 6.410256410256410034e-03
0.000000000000000000e+00 6.428062678062678170e-01 2.331730769230769273e-01 7.478632478632478951e-03 5.876068376068376009e-03
0.000000000000000000e+00 6.996972934472934780e-01 2.743055555555555802e-01 7.300569800569800365e-03 6.410256410256410034e-03
0.000000000000000000e+00 7.106481481481481399e-01 2.795138888888888951e-01 4.629629629629629373e-03 9.882478632478632063e-03
0.000000000000000000e+00 8.283475783475783283e-01 2.903311965811966044e-01 6.410256410256410034e-03 7.478632478632478951e-03
0.000000000000000000e+00 8.287927350427350959e-01 2.968750000000000000e-01 6.232193732193732315e-03 7.211538461538461939e-03
0.000000000000000000e+00 8.381410256410256610e-01 2.351762820512820484e-01 6.410256410256410034e-03 8.814102564102564014e-03
0.000000000000000000e+00 8.370726495726495964e-01 2.446581196581196493e-01 6.054131054131053728e-03 8.012820512820512109e-03
0.000000000000000000e+00 8.346688034188034511e-01 2.614850427350427498e-01 1.014957264957264994e-02 1.335470085470085409e-02
0.000000000000000000e+00 1.709401709401709574e-02 3.449519230769230727e-01 6.766381766381766340e-03 1.201923076923076990e-02
0.000000000000000000e+00 2.955840455840455863e-02 3.580395299145299193e-01 5.341880341880341984e-03 9.882478632478632063e-03
0.000000000000000000e+00 4.211182336182336255e-02 3.687232905982906206e-01 5.876068376068376009e-03 1.148504273504273587e-02
0.000000000000000000e+00 4.647435897435897578e-02 3.723290598290598385e-01 6.054131054131053728e-03 8.547008547008547868e-03
0.000000000000000000e+00 5.822649572649572780e-02 3.826121794871794601e-01 6.054131054131053728e-03 1.201923076923076990e-02
0.000000000000000000e+00 6.374643874643874664e-02 3.884882478632478708e-01 5.341880341880341984e-03 1.148504273504273587e-02
0.000000000000000000e+00 6.801994301994301884e-02 3.915598290598290565e-01 4.985754985754985678e-03 1.014957264957264994e-02
0.000000000000000000e+00 7.336182336182335562e-02 3.967681623931623713e-01 5.341880341880341984e-03 1.148504273504273587e-02
0.000000000000000000e+00 2.421652421652421491e-02 4.917200854700854440e-01 6.410256410256410034e-03 1.282051282051282007e-02
0.000000000000000000e+00 4.887820512820512803e-02 4.754273504273504036e-01 7.300569800569800365e-03 8.547008547008547868e-03
0.000000000000000000e+00 6.383547008547008073e-02 4.905181623931623713e-01 6.588319088319088621e-03 8.814102564102564014e-03
0.000000000000000000e+00 7.122507122507122646e-02 4.977297008547008628e-01 7.122507122507122646e-03 8.279914529914529989e-03
0.000000000000000000e+00 2.389601139601139623e-01 3.759348290598290565e-01 5.698005698005698290e-03 1.041666666666666609e-02
0.000000000000000000e+00 2.473290598290598385e-01 4.001068376068376287e-01 5.341880341880341984e-03 1.068376068376068397e-02
0.000000000000000000e+00 2.254273504273504314e-01 4.093215811965811857e-01 6.766381766381766340e-03 1.095085470085470011e-02
0.000000000000000000e+00 2.149216524216524260e-01 3.998397435897436125e-01 7.122507122507122646e-03 6.944444444444444059e-03
0.000000000000000000e+00 2.219551282051281937e-01 3.819444444444444198e-01 5.163817663817663398e-03 1.121794871794871799e-02
0.000000000000000000e+00 2.095797720797720753e-01 4.149305555555555802e-01 8.547008547008547868e-03 7.211538461538461939e-03
0.000000000000000000e+00 2.191061253561253641e-01 4.170673076923077094e-01 6.588319088319088621e-03 6.677350427350427046e-03
0.000000000000000000e+00 2.785790598290598385e-01 3.453525641025640969e-01 8.012820512820512109e-03 7.478632478632478951e-03
0.000000000000000000e+00 2.569444444444444198e-01 4.535256410256410242e-01 7.122507122507122646e-03 6.410256410256410034e-03
0.000000000000000000e+00 5.312500000000000000e-01 3.827457264957264682e-01 4.807692307692307959e-03 1.121794871794871799e-02
0.000000000000000000e+00 5.108618233618233972e-01 4.489850427350427498e-01 4.985754985754985678e-03 1.228632478632478604e-02
0.000000000000000000e+00 8.295940170940171443e-01 4.087873931623931534e-01 7.122507122507122646e-03 6.677350427350427046e-03
0.000000000000000000e+00 8.198005698005698116e-01 4.154647435897436125e-01 7.122507122507122646e-03 5.608974358974358997e-03
0.000000000000000000e+00 8.300391737891738009e-01 4.178685897435897578e-01 6.588319088319088621e-03 6.143162393162393022e-03
0.000000000000000000e+00 8.397435897435897578e-01 4.209401709401709435e-01 6.766381766381766340e-03 6.410256410256410034e-03
0.000000000000000000e+00 8.494480056980057148e-01 4.237446581196581130e-01 7.656695156695156670e-03 6.677350427350427046e-03
0.000000000000000000e+00 8.581730769230768718e-01 4.257478632478632341e-01 6.944444444444444059e-03 5.876068376068376009e-03
0.000000000000000000e+00 8.744658119658119677e-01 4.305555555555555802e-01 6.410256410256410034e-03 5.876068376068376009e-03
0.000000000000000000e+00 8.372507122507122368e-01 3.637820512820512664e-01 8.903133903133903307e-03 6.410256410256410034e-03
0.000000000000000000e+00 8.467770655270655533e-01 3.667200854700854440e-01 6.588319088319088621e-03 5.876068376068376009e-03
0.000000000000000000e+00 8.576388888888888395e-01 3.700587606837607013e-01 8.368945868945869282e-03 6.677350427350427046e-03
0.000000000000000000e+00 8.671652421652421561e-01 3.736645299145299193e-01 7.478632478632478951e-03 6.410256410256410034e-03
0.000000000000000000e+00 8.942307692307692735e-01 4.806356837606837740e-01 4.629629629629629373e-03 1.095085470085470011e-02
0.000000000000000000e+00 8.916488603988603767e-01 4.902510683760683552e-01 3.383190883190883170e-03 8.279914529914529989e-03
0.000000000000000000e+00 8.965455840455840431e-01 4.668803418803418870e-01 4.629629629629629373e-03 1.228632478632478604e-02
0.000000000000000000e+00 8.823005698005698116e-01 4.326923076923077094e-01 8.190883190883190695e-03 6.410256410256410034e-03
0.000000000000000000e+00 9.212072649572649041e-01 4.313568376068376287e-01 7.300569800569800365e-03 6.410256410256410034e-03
0.000000000000000000e+00 9.372329059829059839e-01 4.484508547008547175e-01 7.300569800569800365e-03 6.410256410256410034e-03
0.000000000000000000e+00 9.709757834757835049e-01 4.611378205128205399e-01 7.834757834757835257e-03 7.745726495726495964e-03
0.000000000000000000e+00 9.801460113960114295e-01 4.652777777777777901e-01 7.300569800569800365e-03 6.944444444444444059e-03
0.000000000000000000e+00 9.904736467236466835e-01 4.698183760683760646e-01 6.588319088319088621e-03 6.944444444444444059e-03
0.000000000000000000e+00 8.768696581196581130e-01 3.756677350427350404e-01 7.300569800569800365e-03 6.143162393162393022e-03
0.000000000000000000e+00 8.855056980056980054e-01 3.783386752136752018e-01 7.834757834757835257e-03 6.143162393162393022e-03
0.000000000000000000e+00 8.940527065527065220e-01 3.812767094017093794e-01 6.766381766381766340e-03 5.608974358974358997e-03
0.000000000000000000e+00 9.023326210826211335e-01 3.955662393162392987e-01 9.081196581196581893e-03 8.012820512820512109e-03
0.000000000000000000e+00 9.211182336182336394e-01 3.780715811965811857e-01 4.273504273504273934e-03 1.201923076923076990e-02
0.000000000000000000e+00 9.958155270655271174e-01 3.998397435897436125e-01 6.944444444444444059e-03 8.547008547008547868e-03
0.000000000000000000e+00 9.974180911680912143e-01 3.944978632478632341e-01 5.163817663817663398e-03 7.478632478632478951e-03
0.000000000000000000e+00 6.828703703703703498e-02 5.128205128205127750e-01 6.944444444444444059e-03 8.547008547008547868e-03
0.000000000000000000e+00 7.736823361823361167e-02 5.202991452991453381e-01 7.656695156695156670e-03 9.615384615384615918e-03
0.000000000000000000e+00 8.502492877492877354e-02 5.291132478632478708e-01 7.656695156695156670e-03 1.014957264957264994e-02
0.000000000000000000e+00 1.031873219373219408e-01 5.271100427350426942e-01 5.876068376068376009e-03 8.279914529914529989e-03
0.000000000000000000e+00 1.110220797720797709e-01 5.352564102564102422e-01 7.300569800569800365e-03 9.081196581196581893e-03
0.000000000000000000e+00 1.196581196581196632e-01 5.432692307692307265e-01 6.054131054131053728e-03 8.547008547008547868e-03
0.000000000000000000e+00 1.178774928774928843e-01 5.611645299145299193e-01 6.766381766381766340e-03 8.012820512820512109e-03
0.000000000000000000e+00 1.254451566951566843e-01 5.663728632478632896e-01 5.876068376068376009e-03 6.677350427350427046e-03
0.000000000000000000e+00 2.439458689458689350e-02 5.364583333333333703e-01 5.341880341880341984e-03 9.348290598290598039e-03
0.000000000000000000e+00 1.949786324786324798e-02 5.468750000000000000e-01 6.232193732193732315e-03 1.148504273504273587e-02
0.000000000000000000e+00 1.288283475783475740e-01 5.523504273504273865e-01 6.944444444444444059e-03 8.547008547008547868e-03
0.000000000000000000e+00 1.369301994301994341e-01 5.608974358974359031e-01 8.190883190883190695e-03 9.081196581196581893e-03
0.000000000000000000e+00 1.318554131054130996e-01 5.729166666666666297e-01 5.876068376068376009e-03 6.944444444444444059e-03
0.000000000000000000e+00 1.472578347578347713e-01 5.884081196581196771e-01 7.478632478632478951e-03 9.081196581196581893e-03
0.000000000000000000e+00 1.586538461538461453e-01 5.807959401709401615e-01 7.122507122507122646e-03 8.814102564102564014e-03
0.000000000000000000e+00 1.918625356125356063e-01 6.123130341880341776e-01 6.232193732193732315e-03 7.745726495726495964e-03
0.000000000000000000e+00 1.888354700854700807e-01 6.283386752136752573e-01 6.944444444444444059e-03 8.814102564102564014e-03
0.000000000000000000e+00 2.816951566951567121e-01 5.283119658119658224e-01 4.273504273504273934e-03 1.228632478632478604e-02
0.000000000000000000e+00 7.258725071225071712e-01 6.677350427350426942e-01 4.807692307692307959e-03 1.068376068376068397e-02
0.000000000000000000e+00 7.361111111111111605e-01 5.805288461538461453e-01 4.985754985754985678e-03 1.041666666666666609e-02
0.000000000000000000e+00 7.506232193732194080e-01 5.733173076923077094e-01 4.451566951566951653e-03 1.041666666666666609e-02
0.000000000000000000e+00 7.641559829059828557e-01 5.249732905982905651e-01 4.807692307692307959e-03 1.041666666666666609e-02
0.000000000000000000e+00 8.538995726495726135e-01 6.581196581196581130e-01 5.519943019943019703e-03 1.068376068376068397e-02
0.000000000000000000e+00 8.566595441595441507e-01 6.465010683760683552e-01 4.985754985754985678e-03 9.882478632478632063e-03
0.000000000000000000e+00 8.595975783475783283e-01 6.350160256410256610e-01 4.807692307692307959e-03 1.095085470085470011e-02
0.000000000000000000e+00 8.706374643874643660e-01 6.264690170940171443e-01 5.519943019943019703e-03 1.201923076923076990e-02
0.000000000000000000e+00 8.662749287749287319e-01 6.056356837606837740e-01 3.917378917378917629e-03 9.882478632478632063e-03
0.000000000000000000e+00 8.659188034188034511e-01 6.430288461538461453e-01 4.985754985754985678e-03 1.095085470085470011e-02
0.000000000000000000e+00 8.628917378917378977e-01 6.549145299145299193e-01 4.985754985754985678e-03 1.068376068376068397e-02
0.000000000000000000e+00 8.749109686609686243e-01 5.655715811965812412e-01 4.807692307692307959e-03 1.148504273504273587e-02
0.000000000000000000e+00 8.907585470085470636e-01 6.000267094017094349e-01 9.437321937321937332e-03 7.745726495726495964e-03
0.000000000000000000e+00 9.180021367521367104e-01 6.120459401709401615e-01 6.588319088319088621e-03 6.677350427350427046e-03
0.000000000000000000e+00 9.338497150997151497e-01 6.208600427350426942e-01 6.588319088319088621e-03 6.677350427350427046e-03
0.000000000000000000e+00 9.246794871794872250e-01 6.286057692307692735e-01 7.834757834757835257e-03 7.211538461538461939e-03
0.000000000000000000e+00 9.334935897435897578e-01 6.340811965811965489e-01 8.012820512820512109e-03 6.944444444444444059e-03
0.000000000000000000e+00 9.491631054131054457e-01 6.304754273504273865e-01 6.944444444444444059e-03 7.745726495726495964e-03
0.000000000000000000e+00 9.651887464387464144e-01 6.406250000000000000e-01 8.368945868945869282e-03 8.814102564102564014e-03
0.000000000000000000e+00 9.675925925925925597e-01 6.566506410256410797e-01 7.478632478632478951e-03 8.279914529914529989e-03
0.000000000000000000e+00 9.782763532763533165e-01 6.646634615384615641e-01 7.834757834757835257e-03 7.745726495726495964e-03
0.000000000000000000e+00 9.880698005698005382e-01 6.578525641025640969e-01 6.410256410256410034e-03 7.478632478632478951e-03
0.000000000000000000e+00 9.960826210826211335e-01 6.642628205128204844e-01 6.766381766381766340e-03 8.012820512820512109e-03
0.000000000000000000e+00 8.862179487179486781e-01 5.181623931623932089e-01 4.985754985754985678e-03 1.014957264957264994e-02
0.000000000000000000e+00 8.833689458689458762e-01 5.289797008547008073e-01 3.561253561253561323e-03 8.814102564102564014e-03
0.000000000000000000e+00 8.774038461538461453e-01 5.536858974358974672e-01 5.163817663817663398e-03 1.068376068376068397e-02
0.000000000000000000e+00 8.820334757834757955e-01 5.810630341880341776e-01 3.383190883190883170e-03 8.814102564102564014e-03
0.000000000000000000e+00 8.840811965811965489e-01 5.693108974358974672e-01 5.341880341880341984e-03 1.095085470085470011e-02
0.000000000000000000e+00 8.866631054131054457e-01 5.595619658119658224e-01 4.451566951566951653e-03 9.615384615384615918e-03
0.000000000000000000e+00 9.401709401709401615e-02 7.192841880341880323e-01 5.698005698005698290e-03 1.068376068376068397e-02
0.000000000000000000e+00 8.244301994301994618e-02 7.431891025641025328e-01 5.698005698005698290e-03 9.882478632478632063e-03
0.000000000000000000e+00 1.124465811965811995e-01 7.230235042735042583e-01 6.232193732193732315e-03 9.615384615384615918e-03
0.000000000000000000e+00 1.190349002849002830e-01 7.318376068376067911e-01 8.725071225071224720e-03 1.068376068376068397e-02
0.000000000000000000e+00 9.472934472934473049e-02 7.693643162393162260e-01 6.410256410256410034e-03 9.348290598290598039e-03
0.000000000000000000e+00 1.131588319088319139e-01 7.829861111111111605e-01 6.232193732193732315e-03 8.814102564102564014e-03
0.000000000000000000e+00 1.150284900284900269e-01 7.764423076923077094e-01 7.122507122507122646e-03 1.068376068376068397e-02
0.000000000000000000e+00 1.169871794871794879e-01 7.696314102564102422e-01 7.122507122507122646e-03 9.882478632478632063e-03
0.000000000000000000e+00 1.055911680911680861e-01 6.988514957264957417e-01 4.985754985754985678e-03 9.348290598290598039e-03
0.000000000000000000e+00 5.689102564102564014e-02 8.153044871794872250e-01 6.232193732193732315e-03 8.814102564102564014e-03
0.000000000000000000e+00 1.324786324786324798e-01 7.727029914529914834e-01 7.478632478632478951e-03 5.341880341880341984e-03
0.000000000000000000e+00 1.307870370370370350e-01 7.800480769230768718e-01 7.300569800569800365e-03 5.074786324786324972e-03
0.000000000000000000e+00 1.298076923076923184e-01 7.857905982905982745e-01 7.478632478632478951e-03 5.341880341880341984e-03
0.000000000000000000e+00 1.281160968660968735e-01 7.915331196581196771e-01 6.588319088319088621e-03 5.074786324786324972e-03
0.000000000000000000e+00 1.268696581196581130e-01 7.980769230769231282e-01 6.588319088319088621e-03 5.341880341880341984e-03
0.000000000000000000e+00 1.354166666666666574e-01 7.602831196581196771e-01 5.876068376068376009e-03 4.540598290598290947e-03
0.000000000000000000e+00 2.202635327635327767e-01 7.096688034188034511e-01 6.766381766381766340e-03 1.121794871794871799e-02
0.000000000000000000e+00 2.330840455840455794e-01 7.302350427350426942e-01 4.273504273504273934e-03 1.014957264957264994e-02
0.000000000000000000e+00 2.221331908831908897e-01 7.494658119658119677e-01 3.383190883190883170e-03 1.121794871794871799e-02
0.000000000000000000e+00 2.150106837606837740e-01 7.638888888888888395e-01 4.807692307692307959e-03 1.121794871794871799e-02
0.000000000000000000e+00 2.073539886039885982e-01 7.768429487179486781e-01 3.739316239316239476e-03 1.041666666666666609e-02
0.000000000000000000e+00 2.037037037037036924e-01 7.836538461538461453e-01 3.917378917378917629e-03 9.615384615384615918e-03
0.000000000000000000e+00 2.007656695156695148e-01 7.913995726495726135e-01 3.739316239316239476e-03 1.175213675213675202e-02
0.000000000000000000e+00 1.972044159544159569e-01 7.959401709401708880e-01 3.383190883190883170e-03 1.068376068376068397e-02
0.000000000000000000e+00 1.858084045584045552e-01 8.190438034188034511e-01 3.739316239316239476e-03 9.882478632478632063e-03
0.000000000000000000e+00 1.821581196581196493e-01 8.237179487179486781e-01 3.205128205128205017e-03 1.068376068376068397e-02
0.000000000000000000e+00 3.912037037037037202e-01 8.044871794871795156e-01 5.341880341880341984e-03 1.602564102564102422e-02
0.000000000000000000e+00 4.060719373219373041e-01 7.939369658119658224e-01 4.451566951566951653e-03 1.095085470085470011e-02
0.000000000000000000e+00 6.021189458689458762e-01 7.912660256410256610e-01 3.383190883190883170e-03 1.201923076923076990e-02
0.000000000000000000e+00 6.104878917378917524e-01 7.915331196581196771e-01 3.383190883190883170e-03 9.348290598290598039e-03
0.000000000000000000e+00 6.147613960113960108e-01 7.911324786324785974e-01 3.027065527065526864e-03 9.081196581196581893e-03
0.000000000000000000e+00 6.031873219373219408e-01 8.198450854700854995e-01 3.383190883190883170e-03 1.095085470085470011e-02
0.000000000000000000e+00 6.108440170940171443e-01 8.199786324786324521e-01 3.027065527065526864e-03 1.014957264957264994e-02
0.000000000000000000e+00 6.229522792022792466e-01 8.198450854700854995e-01 3.739316239316239476e-03 1.095085470085470011e-02
0.000000000000000000e+00 6.311431623931623713e-01 8.206463675213675479e-01 3.739316239316239476e-03 9.348290598290598039e-03
0.000000000000000000e+00 6.387998575498575748e-01 8.201121794871795156e-01 3.739316239316239476e-03 1.255341880341880392e-02
0.000000000000000000e+00 6.382656695156695426e-01 8.318643162393162260e-01 3.383190883190883170e-03 9.882478632478632063e-03
0.000000000000000000e+00 6.368411680911680861e-01 7.926014957264957417e-01 3.383190883190883170e-03 9.882478632478632063e-03
0.000000000000000000e+00 6.407585470085470636e-01 7.922008547008546619e-01 4.451566951566951653e-03 1.014957264957264994e-02
0.000000000000000000e+00 6.433404558404558493e-01 7.861912393162393542e-01 7.478632478632478951e-03 7.745726495726495964e-03
0.000000000000000000e+00 6.643518518518518601e-01 7.808493589743589203e-01 5.698005698005698290e-03 6.143162393162393022e-03
0.000000000000000000e+00 6.628383190883191389e-01 7.864583333333333703e-01 6.232193732193732315e-03 6.143162393162393022e-03
0.000000000000000000e+00 6.608796296296296502e-01 7.919337606837606458e-01 9.437321937321937332e-03 1.014957264957264994e-02
0.000000000000000000e+00 6.602564102564102422e-01 7.980769230769231282e-01 6.410256410256410034e-03 6.944444444444444059e-03
0.000000000000000000e+00 6.552706552706553111e-01 8.092948717948718063e-01 9.259259259259258745e-03 9.081196581196581893e-03
0.000000000000000000e+00 6.545584045584045274e-01 8.154380341880341776e-01 6.054131054131053728e-03 6.410256410256410034e-03
0.000000000000000000e+00 6.530448717948718063e-01 8.209134615384615641e-01 8.012820512820512109e-03 7.211538461538461939e-03
0.000000000000000000e+00 6.518874643874643660e-01 8.277243589743589203e-01 5.698005698005698290e-03 5.341880341880341984e-03
0.000000000000000000e+00 6.508190883190883014e-01 8.326655982905982745e-01 6.766381766381766340e-03 6.677350427350427046e-03
0.000000000000000000e+00 6.449430199430199462e-01 7.740384615384615641e-01 7.122507122507122646e-03 6.944444444444444059e-03
0.000000000000000000e+00 6.668447293447293811e-01 7.689636752136752573e-01 7.122507122507122646e-03 6.944444444444444059e-03
0.000000000000000000e+00 6.696047008547008073e-01 7.588141025641025328e-01 5.519943019943019703e-03 5.341880341880341984e-03
0.000000000000000000e+00 6.876780626780626404e-01 7.450587606837606458e-01 4.629629629629629373e-03 8.279914529914529989e-03
0.000000000000000000e+00 6.907941595441595695e-01 7.347756410256410797e-01 5.519943019943019703e-03 1.121794871794871799e-02
0.000000000000000000e+00 6.953347578347578439e-01 7.190170940170940161e-01 4.273504273504273934e-03 7.478632478632478951e-03
0.000000000000000000e+00 7.066417378917378977e-01 7.438568376068376287e-01 4.451566951566951653e-03 1.175213675213675202e-02
0.000000000000000000e+00 6.952457264957264682e-01 7.678952991452991927e-01 4.807692307692307959e-03 1.014957264957264994e-02
0.000000000000000000e+00 7.134081196581196771e-01 7.154113247863247427e-01 5.519943019943019703e-03 1.201923076923076990e-02
0.000000000000000000e+00 7.227564102564102422e-01 6.789529914529914834e-01 5.341880341880341984e-03 1.228632478632478604e-02
0.000000000000000000e+00 7.172364672364672789e-01 7.024572649572649041e-01 5.341880341880341984e-03 1.175213675213675202e-02
0.000000000000000000e+00 7.127849002849002691e-01 8.149038461538461453e-01 6.054131054131053728e-03 4.273504273504273934e-03
0.000000000000000000e+00 7.272079772079772519e-01 8.167735042735042583e-01 5.698005698005698290e-03 5.341880341880341984e-03
0.000000000000000000e+00 7.605947293447293811e-01 8.226495726495726135e-01 7.656695156695156670e-03 5.876068376068376009e-03
0.000000000000000000e+00 7.861467236467236663e-01 8.262553418803418870e-01 7.834757834757835257e-03 5.074786324786324972e-03
0.000000000000000000e+00 8.413461538461538547e-01 8.226495726495726135e-01 5.698005698005698290e-03 5.341880341880341984e-03
0.000000000000000000e+00 8.488247863247863068e-01 8.205128205128204844e-01 7.834757834757835257e-03 6.410256410256410034e-03
0.000000000000000000e+00 8.591524216524216717e-01 8.181089743589743390e-01 6.054131054131053728e-03 5.341880341880341984e-03
0.000000000000000000e+00 8.434829059829059839e-01 8.362713675213675479e-01 6.054131054131053728e-03 5.341880341880341984e-03
0.000000000000000000e+00 8.521189458689458762e-01 8.334668803418803229e-01 6.944444444444444059e-03 5.608974358974358997e-03
0.000000000000000000e+00 8.637820512820513219e-01 8.314636752136752573e-01 7.122507122507122646e-03 6.410256410256410034e-03
0.000000000000000000e+00 8.511396011396011874e-01 7.044604700854700807e-01 4.629629629629629373e-03 8.814102564102564014e-03
0.000000000000000000e+00 8.402777777777777901e-01 7.092681623931623713e-01 5.341880341880341984e-03 8.814102564102564014e-03
0.000000000000000000e+00 8.377849002849002691e-01 7.204861111111111605e-01 5.698005698005698290e-03 1.095085470085470011e-02
0.000000000000000000e+00 8.375178062678062529e-01 7.517361111111111605e-01 4.807692307692307959e-03 9.348290598290598039e-03
0.000000000000000000e+00 8.238960113960114295e-01 7.678952991452991927e-01 4.273504273504273934e-03 1.068376068376068397e-02
0.000000000000000000e+00 8.294159544159543929e-01 7.811164529914529364e-01 4.985754985754985678e-03 1.201923076923076990e-02
0.000000000000000000e+00 8.455306267806267373e-01 6.892361111111111605e-01 4.451566951566951653e-03 1.095085470085470011e-02
0.000000000000000000e+00 8.501602564102563875e-01 6.721420940170940161e-01 5.163817663817663398e-03 1.148504273504273587e-02
0.000000000000000000e+00 8.592414529914529364e-01 6.686698717948718063e-01 4.807692307692307959e-03 9.882478632478632063e-03
0.000000000000000000e+00 8.901353276353276556e-01 8.102297008547008073e-01 7.122507122507122646e-03 5.608974358974358997e-03
0.000000000000000000e+00 8.967236467236466835e-01 8.234508547008546619e-01 6.410256410256410034e-03 5.341880341880341984e-03
0.000000000000000000e+00 9.009081196581196771e-01 8.082264957264957417e-01 6.232193732193732315e-03 6.410256410256410034e-03
0.000000000000000000e+00 9.106125356125356340e-01 8.058226495726495964e-01 7.834757834757835257e-03 5.876068376068376009e-03
0.000000000000000000e+00 9.404380341880341776e-01 8.130341880341880323e-01 6.588319088319088621e-03 5.876068376068376009e-03
0.000000000000000000e+00 9.908297720797720753e-01 8.014155982905982745e-01 6.588319088319088621e-03 5.074786324786324972e-03
0.000000000000000000e+00 9.914529914529914834e-01 7.871260683760683552e-01 8.547008547008547868e-03 5.876068376068376009e-03
0.000000000000000000e+00 9.867343304843304574e-01 6.708066239316239354e-01 7.656695156695156670e-03 7.211538461538461939e-03
0.000000000000000000e+00 8.725071225071224720e-03 8.866185897435897578e-01 6.410256410256410034e-03 8.814102564102564014e-03
0.000000000000000000e+00 1.246438746438746498e-01 9.439102564102563875e-01 7.122507122507122646e-03 9.081196581196581893e-03
0.000000000000000000e+00 1.672898860398860377e-01 8.608440170940171443e-01 5.163817663817663398e-03 9.081196581196581893e-03
0.000000000000000000e+00 1.453881766381766305e-01 9.439102564102563875e-01 6.232193732193732315e-03 1.175213675213675202e-02
0.000000000000000000e+00 1.567841880341880323e-01 9.511217948717948234e-01 6.588319088319088621e-03 1.228632478632478604e-02
0.000000000000000000e+00 1.607015669515669543e-01 9.529914529914529364e-01 4.807692307692307959e-03 1.068376068376068397e-02
0.000000000000000000e+00 1.677350427350427220e-01 9.598023504273504036e-01 5.698005698005698290e-03 1.148504273504273587e-02
0.000000000000000000e+00 1.717414529914529919e-01 9.619391025641025328e-01 5.519943019943019703e-03 1.148504273504273587e-02
0.000000000000000000e+00 1.759259259259259300e-01 9.726228632478632896e-01 8.547008547008547868e-03 6.143162393162393022e-03
0.000000000000000000e+00 1.312321937321937193e-01 9.914529914529914834e-01 4.629629629629629373e-03 1.068376068376068397e-02
0.000000000000000000e+00 3.672542735042735318e-01 9.409722222222222099e-01 6.944444444444444059e-03 5.876068376068376009e-03
0.000000000000000000e+00 3.432158119658119677e-01 9.513888888888888395e-01 4.095441595441595348e-03 1.228632478632478604e-02
0.000000000000000000e+00 3.493589743589743390e-01 9.520566239316239354e-01 3.205128205128205017e-03 1.041666666666666609e-02
0.000000000000000000e+00 3.537215099715099731e-01 9.525908119658119677e-01 3.739316239316239476e-03 1.148504273504273587e-02
0.000000000000000000e+00 3.572827635327635587e-01 9.537927350427350959e-01 3.739316239316239476e-03 9.615384615384615918e-03
0.000000000000000000e+00 3.615562678062678170e-01 9.547275641025640969e-01 4.451566951566951653e-03 1.041666666666666609e-02
0.000000000000000000e+00 3.654736467236467390e-01 9.555288461538461453e-01 5.163817663817663398e-03 1.041666666666666609e-02
0.000000000000000000e+00 3.687678062678062529e-01 9.590010683760683552e-01 4.985754985754985678e-03 8.279914529914529989e-03
0.000000000000000000e+00 3.728632478632478708e-01 9.618055555555555802e-01 5.698005698005698290e-03 1.014957264957264994e-02
0.000000000000000000e+00 3.763354700854700807e-01 9.672809829059828557e-01 5.876068376068376009e-03 8.814102564102564014e-03
0.000000000000000000e+00 3.817663817663817794e-01 9.427083333333333703e-01 6.766381766381766340e-03 6.677350427350427046e-03
0.000000000000000000e+00 3.785612535612535856e-01 9.724893162393162260e-01 6.054131054131053728e-03 7.478632478632478951e-03
0.000000000000000000e+00 3.798076923076922906e-01 9.782318376068376287e-01 5.698005698005698290e-03 6.143162393162393022e-03
0.000000000000000000e+00 3.795405982905982745e-01 9.847756410256410797e-01 6.232193732193732315e-03 5.341880341880341984e-03
0.000000000000000000e+00 3.807870370370370350e-01 9.919871794871795156e-01 7.300569800569800365e-03 6.944444444444444059e-03
0.000000000000000000e+00 3.798967236467236663e-01 9.970619658119658224e-01 6.588319088319088621e-03 4.273504273504273934e-03
0.000000000000000000e+00 6.022079772079772519e-01 9.073183760683760646e-01 3.917378917378917629e-03 1.121794871794871799e-02
0.000000000000000000e+00 6.085292022792022637e-01 9.334935897435897578e-01 3.383190883190883170e-03 1.014957264957264994e-02
0.000000000000000000e+00 6.504629629629629095e-01 8.895566239316239354e-01 4.629629629629629373e-03 8.814102564102564014e-03
0.000000000000000000e+00 6.640847578347578439e-01 8.997061965811965489e-01 5.163817663817663398e-03 1.041666666666666609e-02
0.000000000000000000e+00 6.675569800569800538e-01 8.879540598290598385e-01 5.341880341880341984e-03 1.041666666666666609e-02
0.000000000000000000e+00 6.819800569800569257e-01 8.731303418803418870e-01 7.122507122507122646e-03 6.410256410256410034e-03
0.000000000000000000e+00 6.717414529914529364e-01 8.575053418803418870e-01 5.163817663817663398e-03 9.882478632478632063e-03
0.000000000000000000e+00 6.593660968660968180e-01 8.524305555555555802e-01 5.698005698005698290e-03 1.201923076923076990e-02
0.000000000000000000e+00 6.630163817663817794e-01 8.384081196581196771e-01 5.163817663817663398e-03 9.615384615384615918e-03
0.000000000000000000e+00 6.675569800569800538e-01 8.412126068376067911e-01 5.341880341880341984e-03 1.148504273504273587e-02
0.000000000000000000e+00 6.494836182336182206e-01 8.384081196581196771e-01 6.588319088319088621e-03 6.944444444444444059e-03
0.000000000000000000e+00 6.802884615384615641e-01 9.159989316239316448e-01 6.588319088319088621e-03 5.074786324786324972e-03
0.000000000000000000e+00 6.751246438746438816e-01 9.397702991452991927e-01 6.232193732193732315e-03 5.608974358974358997e-03
0.000000000000000000e+00 7.325498575498575748e-01 9.129273504273504036e-01 6.410256410256410034e-03 1.762820512820512803e-02
0.000000000000000000e+00 7.719907407407406996e-01 8.384081196581196771e-01 7.656695156695156670e-03 6.410256410256410034e-03
0.000000000000000000e+00 8.069800569800569257e-01 8.432158119658119677e-01 7.122507122507122646e-03 5.876068376068376009e-03
0.000000000000000000e+00 7.934472934472934780e-01 8.620459401709401615e-01 8.190883190883190695e-03 6.143162393162393022e-03
0.000000000000000000e+00 8.344907407407406996e-01 9.901175213675214026e-01 8.368945868945869282e-03 1.869658119658119608e-02
0.000000000000000000e+00 9.206730769230768718e-01 9.897168803418803229e-01 7.300569800569800365e-03 5.608974358974358997e-03
0.000000000000000000e+00 9.744480056980057148e-01 9.794337606837606458e-01 6.232193732193732315e-03 6.410256410256410034e-03
0.000000000000000000e+00 9.681267806267805920e-01 9.977297008547008073e-01 7.478632478632478951e-03 4.540598290598290947e-03
0.000000000000000000e+00 9.594017094017094349e-01 9.979967948717948234e-01 7.834757834757835257e-03 3.472222222222222029e-03
0.000000000000000000e+00 9.405270655270655533e-01 9.867788461538461453e-01 7.478632478632478951e-03 5.074786324786324972e-03
0.000000000000000000e+00 9.887820512820513219e-01 9.764957264957264682e-01 4.985754985754985678e-03 5.341880341880341984e-03
0.000000000000000000e+00 9.251246438746438816e-01 9.030448717948718063e-01 7.300569800569800365e-03 9.081196581196581893e-03
