0.000000000000000000e+00 6.828703703703703498e-02 7.425213675213675202e-02 4.451566951566951653e-03 1.175213675213675202e-02
0.000000000000000000e+00 7.282763532763532333e-02 7.198183760683760091e-02 4.629629629629629373e-03 1.415598290598290600e-02
0.000000000000000000e+00 7.736823361823361167e-02 6.984508547008547175e-02 5.519943019943019703e-03 1.469017094017094002e-02
0.000000000000000000e+00 8.609330484330483813e-02 6.850961538461539102e-02 4.807692307692307959e-03 1.415598290598290600e-02
0.000000000000000000e+00 9.054487179487179238e-02 6.730769230769230449e-02 4.807692307692307959e-03 1.282051282051282007e-02
0.000000000000000000e+00 9.481837606837606458e-02 6.583867521367521569e-02 4.807692307692307959e-03 1.255341880341880392e-02
0.000000000000000000e+00 1.352386039886039892e-01 3.325320512820512803e-02 9.437321937321937332e-03 7.211538461538461939e-03
0.000000000000000000e+00 1.324786324786324798e-01 5.996260683760683968e-02 4.273504273504273934e-03 1.041666666666666609e-02
0.000000000000000000e+00 1.409366096866096763e-01 5.715811965811965628e-02 4.807692307692307959e-03 1.175213675213675202e-02
0.000000000000000000e+00 1.505519943019943130e-01 5.475427350427350404e-02 4.807692307692307959e-03 1.121794871794871799e-02
0.000000000000000000e+00 2.007656695156695148e-01 2.230235042735042791e-02 8.012820512820512109e-03 6.677350427350427046e-03
0.000000000000000000e+00 2.099358974358974395e-01 2.083333333333333218e-02 7.478632478632478951e-03 5.876068376068376009e-03
0.000000000000000000e+00 2.191951566951566843e-01 2.003205128205128374e-02 7.122507122507122646e-03 5.341880341880341984e-03
0.000000000000000000e+00 2.321937321937321830e-01 1.816239316239316379e-02 9.615384615384615918e-03 8.012820512820512109e-03
0.000000000000000000e+00 2.430555555555555525e-01 1.749465811965811995e-02 8.903133903133903307e-03 6.677350427350427046e-03
0.000000000000000000e+00 1.966702279202279247e-01 1.657318376068376009e-01 4.451566951566951653e-03 1.201923076923076990e-02
0.000000000000000000e+00 2.706552706552706744e-01 1.442307692307692388e-02 1.246438746438746463e-02 9.081196581196581893e-03
0.000000000000000000e+00 2.979878917378917524e-01 1.383547008547008628e-01 4.095441595441595348e-03 1.175213675213675202e-02
0.000000000000000000e+00 3.111645299145299193e-01 1.412927350427350404e-01 4.095441595441595348e-03 1.014957264957264994e-02
0.000000000000000000e+00 4.297542735042735318e-01 1.469017094017094002e-02 4.451566951566951653e-03 1.228632478632478604e-02
0.000000000000000000e+00 4.549501424501424252e-01 2.964743589743589619e-02 6.410256410256410034e-03 9.615384615384615918e-03
0.000000000000000000e+00 4.438212250712250673e-01 4.513888888888888812e-02 6.944444444444444059e-03 1.121794871794871799e-02
0.000000000000000000e+00 4.665242165242165506e-01 7.612179487179487024e-03 6.054131054131053728e-03 1.041666666666666609e-02
0.000000000000000000e+00 4.300213675213675479e-01 5.849358974358974395e-02 7.834757834757835257e-03 7.478632478632478951e-03
0.000000000000000000e+00 4.018874643874643660e-01 1.008279914529914556e-01 6.054131054131053728e-03 1.469017094017094002e-02
0.000000000000000000e+00 4.064280626780626959e-01 1.302083333333333426e-01 4.807692307692307959e-03 1.308760683760683795e-02
0.000000000000000000e+00 4.100783475783476018e-01 1.591880341880341776e-01 4.629629629629629373e-03 1.014957264957264994e-02
0.000000000000000000e+00 5.177172364672364413e-01 1.613247863247863345e-01 3.383190883190883170e-03 1.014957264957264994e-02
0.000000000000000000e+00 5.222578347578347158e-01 1.623931623931623991e-01 3.917378917378917629e-03 1.121794871794871799e-02
0.000000000000000000e+00 5.272435897435897578e-01 1.642628205128205121e-01 4.273504273504273934e-03 1.335470085470085409e-02
0.000000000000000000e+00 5.319622507122506727e-01 1.631944444444444475e-01 4.095441595441595348e-03 1.175213675213675202e-02
0.000000000000000000e+00 5.374821937321937471e-01 1.623931623931623991e-01 4.451566951566951653e-03 1.335470085470085409e-02
0.000000000000000000e+00 5.422898860398860377e-01 1.653311965811965767e-01 4.095441595441595348e-03 1.228632478632478604e-02
0.000000000000000000e+00 5.464743589743589203e-01 1.635950854700854717e-01 3.205128205128205017e-03 1.041666666666666609e-02
0.000000000000000000e+00 5.511930199430199462e-01 1.642628205128205121e-01 4.095441595441595348e-03 1.388888888888888812e-02
0.000000000000000000e+00 5.607193732193732627e-01 1.630608974358974395e-01 3.917378917378917629e-03 1.201923076923076990e-02
0.000000000000000000e+00 5.715811965811965489e-01 1.633279914529914556e-01 3.561253561253561323e-03 1.095085470085470011e-02
0.000000000000000000e+00 5.806623931623932089e-01 1.641292735042735040e-01 3.561253561253561323e-03 1.148504273504273587e-02
0.000000000000000000e+00 5.852920227920227481e-01 1.627938034188034233e-01 3.917378917378917629e-03 1.041666666666666609e-02
0.000000000000000000e+00 5.909009971509971981e-01 1.639957264957264960e-01 3.739316239316239476e-03 1.068376068376068397e-02
0.000000000000000000e+00 6.055911680911680861e-01 1.645299145299145283e-01 3.917378917378917629e-03 1.068376068376068397e-02
0.000000000000000000e+00 6.246438746438746081e-01 1.651976495726495686e-01 4.273504273504273934e-03 1.201923076923076990e-02
0.000000000000000000e+00 6.541132478632478708e-01 1.658653846153846090e-01 4.095441595441595348e-03 1.282051282051282007e-02
0.000000000000000000e+00 6.586538461538461453e-01 1.659989316239316171e-01 4.273504273504273934e-03 1.148504273504273587e-02
0.000000000000000000e+00 6.739672364672364413e-01 1.666666666666666574e-01 3.917378917378917629e-03 1.228632478632478604e-02
0.000000000000000000e+00 8.866631054131054457e-01 1.402243589743589793e-02 4.095441595441595348e-03 1.148504273504273587e-02
0.000000000000000000e+00 7.808048433048432602e-02 1.923076923076923184e-01 4.451566951566951653e-03 1.014957264957264994e-02
0.000000000000000000e+00 8.217592592592593004e-02 1.923076923076923184e-01 4.095441595441595348e-03 1.228632478632478604e-02
0.000000000000000000e+00 8.653846153846153633e-02 1.917735042735042861e-01 4.273504273504273934e-03 1.175213675213675202e-02
0.000000000000000000e+00 9.081196581196580853e-02 1.920405982905983022e-01 3.917378917378917629e-03 1.282051282051282007e-02
0.000000000000000000e+00 9.455128205128204844e-02 1.916399572649572780e-01 4.629629629629629373e-03 1.201923076923076990e-02
0.000000000000000000e+00 2.145655270655270550e-02 2.668269230769230727e-01 4.095441595441595348e-03 1.014957264957264994e-02
0.000000000000000000e+00 2.323717948717948789e-02 2.962072649572649596e-01 3.739316239316239476e-03 1.014957264957264994e-02
0.000000000000000000e+00 1.110220797720797709e-01 2.959401709401709435e-01 8.725071225071224720e-03 5.876068376068376009e-03
0.000000000000000000e+00 1.120014245014245013e-01 3.030181623931623713e-01 8.547008547008547868e-03 6.143162393162393022e-03
0.000000000000000000e+00 1.117343304843304852e-01 3.231837606837607013e-01 8.012820512820512109e-03 6.410256410256410034e-03
0.000000000000000000e+00 1.339031339031339085e-01 2.486645299145299193e-01 4.629629629629629373e-03 1.121794871794871799e-02
0.000000000000000000e+00 1.383547008547008628e-01 2.493322649572649596e-01 4.273504273504273934e-03 1.308760683760683795e-02
0.000000000000000000e+00 1.429843304843304852e-01 2.478632478632478708e-01 4.273504273504273934e-03 1.175213675213675202e-02
0.000000000000000000e+00 1.517984330484330457e-01 2.474626068376068466e-01 4.807692307692307959e-03 1.255341880341880392e-02
0.000000000000000000e+00 1.562500000000000000e-01 2.465277777777777901e-01 4.095441595441595348e-03 1.121794871794871799e-02
0.000000000000000000e+00 1.972044159544159569e-01 1.794871794871794879e-01 3.739316239316239476e-03 8.547008547008547868e-03
0.000000000000000000e+00 1.989850427350427220e-01 2.139423076923076816e-01 4.451566951566951653e-03 1.014957264957264994e-02
0.000000000000000000e+00 1.996972934472934502e-01 2.350427350427350404e-01 3.739316239316239476e-03 1.121794871794871799e-02
0.000000000000000000e+00 1.940883190883190834e-01 2.469284188034188143e-01 3.917378917378917629e-03 9.882478632478632063e-03
0.000000000000000000e+00 1.900819088319088412e-01 2.486645299145299193e-01 4.807692307692307959e-03 1.388888888888888812e-02
0.000000000000000000e+00 1.839387464387464421e-01 2.478632478632478708e-01 3.917378917378917629e-03 1.014957264957264994e-02
0.000000000000000000e+00 1.798433048433048520e-01 2.482638888888888951e-01 4.273504273504273934e-03 1.041666666666666609e-02
0.000000000000000000e+00 1.825142450142450135e-01 2.843215811965811857e-01 4.629629629629629373e-03 1.201923076923076990e-02
0.000000000000000000e+00 1.870548433048433157e-01 2.837873931623931534e-01 4.451566951566951653e-03 1.148504273504273587e-02
0.000000000000000000e+00 1.972044159544159569e-01 2.828525641025640969e-01 4.095441595441595348e-03 9.615384615384615918e-03
0.000000000000000000e+00 2.014779202279202153e-01 2.805822649572649596e-01 4.451566951566951653e-03 1.201923076923076990e-02
0.000000000000000000e+00 2.057514245014245013e-01 2.796474358974359031e-01 4.451566951566951653e-03 1.121794871794871799e-02
0.000000000000000000e+00 2.099358974358974395e-01 2.784455128205128305e-01 4.273504273504273934e-03 1.201923076923076990e-02
0.000000000000000000e+00 1.980056980056980054e-01 3.092948717948718063e-01 3.917378917378917629e-03 9.615384615384615918e-03
0.000000000000000000e+00 3.113425925925926152e-01 1.722756410256410242e-01 4.451566951566951653e-03 1.121794871794871799e-02
0.000000000000000000e+00 2.956730769230769273e-01 2.323717948717948789e-01 4.451566951566951653e-03 1.228632478632478604e-02
0.000000000000000000e+00 3.128561253561253364e-01 2.983440170940170888e-01 6.766381766381766340e-03 5.876068376068376009e-03
0.000000000000000000e+00 4.122150997150997309e-01 1.768162393162393264e-01 4.273504273504273934e-03 1.121794871794871799e-02
0.000000000000000000e+00 4.171118233618233417e-01 2.204861111111111049e-01 5.163817663817663398e-03 1.308760683760683795e-02
0.000000000000000000e+00 4.197827635327635587e-01 2.362446581196581130e-01 4.095441595441595348e-03 9.882478632478632063e-03
0.000000000000000000e+00 4.239672364672364413e-01 2.596153846153846367e-01 5.698005698005698290e-03 1.282051282051282007e-02
0.000000000000000000e+00 4.270833333333333148e-01 2.748397435897436125e-01 4.807692307692307959e-03 1.068376068376068397e-02
0.000000000000000000e+00 4.335826210826210780e-01 3.026175213675213471e-01 4.985754985754985678e-03 1.121794871794871799e-02
0.000000000000000000e+00 4.368767806267806475e-01 3.153044871794871695e-01 5.519943019943019703e-03 1.201923076923076990e-02
0.000000000000000000e+00 4.400819088319088412e-01 3.299946581196581130e-01 5.876068376068376009e-03 1.308760683760683795e-02
0.000000000000000000e+00 4.538817663817663606e-01 2.994123931623931534e-01 7.834757834757835257e-03 7.478632478632478951e-03
0.000000000000000000e+00 4.573539886039886260e-01 3.134348290598290565e-01 6.944444444444444059e-03 7.211538461538461939e-03
0.000000000000000000e+00 4.588675213675213471e-01 3.185096153846153633e-01 6.410256410256410034e-03 7.745726495726495964e-03
0.000000000000000000e+00 4.998219373219373041e-01 2.769764957264957417e-01 7.478632478632478951e-03 9.081196581196581893e-03
0.000000000000000000e+00 5.036502849002848503e-01 2.932692307692307820e-01 8.368945868945869282e-03 9.081196581196581893e-03
0.000000000000000000e+00 5.244836182336182206e-01 3.063568376068376287e-01 5.519943019943019703e-03 9.615384615384615918e-03
0.000000000000000000e+00 5.089921652421652842e-01 3.183760683760683552e-01 8.368945868945869282e-03 9.081196581196581893e-03
0.000000000000000000e+00 5.127314814814815103e-01 3.356036324786324521e-01 8.012820512820512109e-03 8.279914529914529989e-03
0.000000000000000000e+00 5.308048433048433434e-01 3.297275641025640969e-01 5.698005698005698290e-03 1.148504273504273587e-02
0.000000000000000000e+00 6.060363247863247427e-01 1.889690170940170888e-01 6.944444444444444059e-03 6.143162393162393022e-03
0.000000000000000000e+00 6.145833333333333703e-01 1.884348290598290565e-01 8.368945868945869282e-03 6.143162393162393022e-03
0.000000000000000000e+00 6.332799145299145005e-01 1.684027777777777901e-01 4.095441595441595348e-03 1.201923076923076990e-02
0.000000000000000000e+00 6.635505698005698116e-01 1.672008547008546897e-01 4.451566951566951653e-03 1.335470085470085409e-02
0.000000000000000000e+00 6.688924501424501345e-01 1.672008547008546897e-01 4.451566951566951653e-03 1.175213675213675202e-02
0.000000000000000000e+00 6.881232193732194080e-01 1.678685897435897301e-01 4.451566951566951653e-03 1.308760683760683795e-02
0.000000000000000000e+00 6.886574074074074403e-01 1.904380341880341776e-01 9.081196581196581893e-03 4.273504273504273934e-03
0.000000000000000000e+00 7.014779202279202153e-01 1.904380341880341776e-01 8.012820512820512109e-03 4.807692307692307959e-03
0.000000000000000000e+00 7.118055555555555802e-01 1.912393162393162260e-01 8.012820512820512109e-03 4.273504273504273934e-03
0.000000000000000000e+00 7.664707977207977363e-01 1.688034188034188143e-01 3.739316239316239476e-03 1.014957264957264994e-02
0.000000000000000000e+00 7.706552706552706189e-01 1.697382478632478708e-01 4.273504273504273934e-03 1.095085470085470011e-02
0.000000000000000000e+00 7.759971509971509418e-01 1.693376068376068466e-01 4.273504273504273934e-03 1.068376068376068397e-02
0.000000000000000000e+00 7.799145299145299193e-01 1.696047008547008628e-01 3.917378917378917629e-03 1.121794871794871799e-02
0.000000000000000000e+00 7.905092592592593004e-01 1.698717948717948789e-01 4.095441595441595348e-03 9.615384615384615918e-03
0.000000000000000000e+00 7.952279202279202153e-01 1.712072649572649596e-01 4.273504273504273934e-03 1.121794871794871799e-02
0.000000000000000000e+00 8.000356125356125059e-01 1.716079059829059839e-01 4.273504273504273934e-03 1.148504273504273587e-02
0.000000000000000000e+00 8.051994301994301884e-01 1.716079059829059839e-01 4.273504273504273934e-03 1.255341880341880392e-02
0.000000000000000000e+00 8.101851851851852304e-01 1.710737179487179516e-01 3.917378917378917629e-03 1.041666666666666609e-02
0.000000000000000000e+00 8.156160968660968180e-01 1.717414529914529919e-01 4.451566951566951653e-03 1.175213675213675202e-02
0.000000000000000000e+00 8.202457264957264682e-01 1.955128205128205121e-01 7.300569800569800365e-03 5.876068376068376009e-03
0.000000000000000000e+00 8.344907407407406996e-01 1.720085470085470081e-01 4.451566951566951653e-03 1.228632478632478604e-02
0.000000000000000000e+00 8.400106837606837740e-01 1.702724358974359031e-01 4.095441595441595348e-03 1.148504273504273587e-02
0.000000000000000000e+00 8.507834757834757955e-01 1.714743589743589758e-01 4.273504273504273934e-03 1.068376068376068397e-02
0.000000000000000000e+00 8.743767806267805920e-01 1.724091880341880323e-01 4.095441595441595348e-03 1.148504273504273587e-02
0.000000000000000000e+00 5.163817663817663398e-03 3.737980769230769273e-01 4.273504273504273934e-03 1.148504273504273587e-02
0.000000000000000000e+00 9.081196581196581893e-03 3.741987179487179516e-01 4.629629629629629373e-03 9.615384615384615918e-03
0.000000000000000000e+00 1.309650997150997032e-01 3.398771367521367659e-01 4.451566951566951653e-03 9.882478632478632063e-03
0.000000000000000000e+00 1.845619658119658224e-01 3.776709401709401615e-01 8.368945868945869282e-03 6.410256410256410034e-03
0.000000000000000000e+00 1.850071225071225067e-01 3.914262820512820484e-01 7.478632478632478951e-03 6.143162393162393022e-03
0.000000000000000000e+00 1.888354700854700807e-01 4.114583333333333148e-01 4.451566951566951653e-03 1.255341880341880392e-02
0.000000000000000000e+00 2.187500000000000000e-01 4.109241452991452825e-01 4.807692307692307959e-03 1.255341880341880392e-02
0.000000000000000000e+00 2.240028490028490027e-01 4.101228632478632341e-01 4.629629629629629373e-03 1.041666666666666609e-02
0.000000000000000000e+00 1.837606837606837740e-01 4.376335470085470081e-01 4.273504273504273934e-03 1.148504273504273587e-02
0.000000000000000000e+00 1.449430199430199462e-01 4.483173076923077094e-01 3.917378917378917629e-03 1.041666666666666609e-02
0.000000000000000000e+00 1.452101139601139623e-01 4.612713675213675479e-01 3.739316239316239476e-03 1.121794871794871799e-02
0.000000000000000000e+00 2.097578347578347713e-01 4.354967948717948789e-01 6.766381766381766340e-03 6.143162393162393022e-03
0.000000000000000000e+00 2.115384615384615363e-01 4.415064102564102422e-01 7.478632478632478951e-03 5.876068376068376009e-03
0.000000000000000000e+00 2.111823361823361722e-01 4.487179487179487336e-01 7.122507122507122646e-03 5.341880341880341984e-03
0.000000000000000000e+00 2.114494301994301884e-01 4.553952991452991372e-01 8.012820512820512109e-03 5.876068376068376009e-03
0.000000000000000000e+00 2.110933048433048520e-01 4.616720085470085722e-01 7.300569800569800365e-03 5.074786324786324972e-03
0.000000000000000000e+00 2.475961538461538547e-01 4.369658119658119677e-01 4.451566951566951653e-03 1.175213675213675202e-02
0.000000000000000000e+00 2.119836182336182206e-01 4.683493589743589758e-01 6.588319088319088621e-03 5.074786324786324972e-03
0.000000000000000000e+00 2.119836182336182206e-01 4.746260683760683552e-01 6.944444444444444059e-03 5.341880341880341984e-03
0.000000000000000000e+00 2.118055555555555525e-01 4.821047008547008628e-01 5.876068376068376009e-03 4.807692307692307959e-03
0.000000000000000000e+00 2.129629629629629650e-01 4.882478632478632341e-01 8.190883190883190695e-03 5.876068376068376009e-03
0.000000000000000000e+00 2.274750712250712126e-01 4.939903846153846367e-01 4.095441595441595348e-03 1.095085470085470011e-02
0.000000000000000000e+00 2.133190883190883291e-01 4.949252136752136932e-01 6.766381766381766340e-03 4.807692307692307959e-03
0.000000000000000000e+00 2.137642450142450135e-01 5.014690170940171443e-01 6.944444444444444059e-03 5.074786324786324972e-03
0.000000000000000000e+00 2.463497150997150942e-01 4.929220085470085722e-01 4.095441595441595348e-03 1.095085470085470011e-02
0.000000000000000000e+00 2.544515669515669543e-01 4.764957264957264682e-01 4.273504273504273934e-03 1.014957264957264994e-02
0.000000000000000000e+00 2.591702279202279247e-01 4.764957264957264682e-01 4.451566951566951653e-03 1.175213675213675202e-02
0.000000000000000000e+00 2.597044159544159569e-01 4.893162393162392987e-01 4.451566951566951653e-03 1.068376068376068397e-02
0.000000000000000000e+00 2.841880341880341776e-01 3.551014957264957417e-01 9.259259259259258745e-03 5.608974358974358997e-03
0.000000000000000000e+00 3.674323361823361722e-01 3.571047008547008628e-01 4.095441595441595348e-03 1.335470085470085409e-02
0.000000000000000000e+00 3.732193732193732072e-01 3.580395299145299193e-01 4.273504273504273934e-03 1.308760683760683795e-02
0.000000000000000000e+00 3.595975783475783283e-01 3.932959401709401615e-01 3.739316239316239476e-03 1.201923076923076990e-02
0.000000000000000000e+00 3.693910256410256610e-01 3.942307692307692180e-01 4.451566951566951653e-03 1.175213675213675202e-02
0.000000000000000000e+00 3.550569800569800538e-01 4.067841880341880323e-01 3.917378917378917629e-03 1.014957264957264994e-02
0.000000000000000000e+00 3.601317663817663606e-01 4.057158119658119677e-01 3.739316239316239476e-03 1.068376068376068397e-02
0.000000000000000000e+00 3.693019943019942852e-01 4.066506410256410242e-01 3.561253561253561323e-03 1.095085470085470011e-02
0.000000000000000000e+00 3.556801994301994063e-01 4.364316239316239354e-01 4.095441595441595348e-03 1.282051282051282007e-02
0.000000000000000000e+00 3.293269230769230727e-01 4.598023504273504036e-01 8.368945868945869282e-03 5.608974358974358997e-03
0.000000000000000000e+00 3.463319088319088412e-01 4.484508547008547175e-01 3.917378917378917629e-03 1.068376068376068397e-02
0.000000000000000000e+00 3.508725071225071157e-01 4.500534188034188143e-01 4.095441595441595348e-03 1.175213675213675202e-02
0.000000000000000000e+00 3.551460113960113740e-01 4.504540598290598385e-01 3.739316239316239476e-03 1.148504273504273587e-02
0.000000000000000000e+00 3.645833333333333148e-01 4.501869658119658224e-01 3.383190883190883170e-03 1.095085470085470011e-02
0.000000000000000000e+00 3.734864672364672233e-01 4.493856837606837740e-01 4.095441595441595348e-03 1.148504273504273587e-02
0.000000000000000000e+00 3.461538461538461453e-01 4.794337606837607013e-01 3.561253561253561323e-03 1.068376068376068397e-02
0.000000000000000000e+00 3.507834757834757955e-01 4.797008547008547175e-01 3.917378917378917629e-03 1.121794871794871799e-02
0.000000000000000000e+00 3.553240740740740700e-01 4.799679487179487336e-01 3.739316239316239476e-03 1.175213675213675202e-02
0.000000000000000000e+00 3.599537037037037202e-01 4.787660256410256610e-01 3.739316239316239476e-03 1.041666666666666609e-02
0.000000000000000000e+00 3.648504273504273310e-01 4.791666666666666852e-01 3.917378917378917629e-03 1.175213675213675202e-02
0.000000000000000000e+00 3.733974358974359031e-01 4.799679487179487336e-01 3.561253561253561323e-03 9.615384615384615918e-03
0.000000000000000000e+00 3.459757834757834494e-01 4.926549145299145560e-01 3.561253561253561323e-03 1.041666666666666609e-02
0.000000000000000000e+00 3.509615384615384359e-01 4.915865384615384359e-01 3.561253561253561323e-03 1.041666666666666609e-02
0.000000000000000000e+00 3.554131054131053902e-01 4.931891025641025883e-01 3.561253561253561323e-03 1.201923076923076990e-02
0.000000000000000000e+00 3.598646723646723444e-01 4.919871794871794601e-01 3.561253561253561323e-03 1.014957264957264994e-02
0.000000000000000000e+00 4.733796296296296502e-01 3.800747863247863068e-01 9.081196581196581893e-03 7.478632478632478951e-03
0.000000000000000000e+00 4.381232193732193525e-01 4.583333333333333148e-01 7.300569800569800365e-03 6.944444444444444059e-03
0.000000000000000000e+00 4.391025641025640969e-01 4.656784188034188143e-01 6.766381766381766340e-03 6.677350427350427046e-03
0.000000000000000000e+00 4.423076923076922906e-01 4.774305555555555802e-01 7.478632478632478951e-03 8.279914529914529989e-03
0.000000000000000000e+00 4.437321937321937471e-01 4.845085470085470081e-01 7.122507122507122646e-03 6.410256410256410034e-03
0.000000000000000000e+00 4.458689458689458762e-01 4.905181623931623713e-01 7.122507122507122646e-03 6.677350427350427046e-03
0.000000000000000000e+00 4.480056980056980054e-01 4.977297008547008628e-01 7.122507122507122646e-03 7.211538461538461939e-03
0.000000000000000000e+00 4.655448717948718063e-01 3.445512820512820484e-01 6.232193732193732315e-03 7.478632478632478951e-03
0.000000000000000000e+00 4.750712250712250673e-01 3.871527777777777901e-01 7.834757834757835257e-03 7.211538461538461939e-03
0.000000000000000000e+00 4.768518518518518601e-01 3.930288461538461453e-01 6.766381766381766340e-03 7.211538461538461939e-03
0.000000000000000000e+00 4.801460113960113740e-01 4.049145299145299193e-01 6.232193732193732315e-03 7.478632478632478951e-03
0.000000000000000000e+00 4.817485754985754709e-01 4.114583333333333148e-01 6.588319088319088621e-03 6.677350427350427046e-03
0.000000000000000000e+00 4.831730769230769273e-01 4.173344017094017255e-01 7.300569800569800365e-03 7.211538461538461939e-03
0.000000000000000000e+00 4.864672364672364413e-01 4.308226495726495964e-01 8.190883190883190695e-03 8.012820512820512109e-03
0.000000000000000000e+00 4.921652421652421561e-01 4.537927350427350404e-01 7.478632478632478951e-03 7.478632478632478951e-03
0.000000000000000000e+00 4.945690883190883014e-01 4.602029914529914278e-01 7.300569800569800365e-03 6.944444444444444059e-03
0.000000000000000000e+00 4.955484330484330457e-01 4.670138888888888951e-01 8.190883190883190695e-03 8.279914529914529989e-03
0.000000000000000000e+00 4.972400284900284628e-01 4.727564102564102422e-01 8.368945868945869282e-03 8.012820512820512109e-03
0.000000000000000000e+00 5.330306267806267373e-01 3.385416666666666852e-01 5.519943019943019703e-03 1.201923076923076990e-02
0.000000000000000000e+00 5.340990028490028019e-01 3.486912393162392987e-01 6.232193732193732315e-03 1.362179487179487197e-02
0.000000000000000000e+00 5.409544159544159569e-01 3.712606837606837740e-01 5.698005698005698290e-03 1.175213675213675202e-02
0.000000000000000000e+00 5.262642450142450690e-01 3.868856837606837740e-01 8.368945868945869282e-03 1.041666666666666609e-02
0.000000000000000000e+00 5.509259259259259300e-01 4.166666666666666852e-01 8.190883190883190695e-03 1.816239316239316379e-02
0.000000000000000000e+00 5.357015669515668987e-01 4.273504273504273310e-01 6.232193732193732315e-03 8.012820512820512109e-03
0.000000000000000000e+00 5.625890313390313757e-01 4.241452991452991372e-01 9.081196581196581893e-03 7.478632478632478951e-03
0.000000000000000000e+00 5.647257834757835049e-01 4.763621794871794601e-01 9.437321937321937332e-03 5.608974358974358997e-03
0.000000000000000000e+00 5.892094017094017255e-01 4.581997863247863068e-01 3.561253561253561323e-03 1.255341880341880392e-02
0.000000000000000000e+00 5.962428774928775210e-01 4.417735042735042583e-01 8.012820512820512109e-03 7.478632478632478951e-03
0.000000000000000000e+00 5.974893162393162260e-01 4.577991452991452825e-01 4.451566951566951653e-03 1.282051282051282007e-02
0.000000000000000000e+00 6.023860398860398924e-01 4.572649572649572502e-01 3.917378917378917629e-03 1.068376068376068397e-02
0.000000000000000000e+00 6.140491452991453381e-01 4.573985042735042583e-01 4.451566951566951653e-03 1.308760683760683795e-02
0.000000000000000000e+00 6.189458689458688934e-01 4.560630341880341776e-01 3.561253561253561323e-03 9.882478632478632063e-03
0.000000000000000000e+00 6.237535612535612950e-01 4.555288461538461453e-01 3.561253561253561323e-03 1.041666666666666609e-02
0.000000000000000000e+00 6.269586894586894887e-01 4.415064102564102422e-01 9.259259259259258745e-03 5.876068376068376009e-03
0.000000000000000000e+00 6.323005698005698116e-01 4.563301282051281937e-01 3.917378917378917629e-03 1.095085470085470011e-02
0.000000000000000000e+00 6.365740740740740700e-01 4.563301282051281937e-01 4.273504273504273934e-03 1.148504273504273587e-02
0.000000000000000000e+00 6.409366096866097040e-01 4.571314102564102422e-01 4.451566951566951653e-03 1.148504273504273587e-02
0.000000000000000000e+00 6.499287749287748772e-01 4.556623931623931534e-01 4.273504273504273934e-03 1.228632478632478604e-02
0.000000000000000000e+00 6.485042735042735318e-01 4.387019230769230727e-01 7.478632478632478951e-03 5.608974358974358997e-03
0.000000000000000000e+00 6.595441595441595695e-01 4.369658119658119677e-01 8.190883190883190695e-03 5.876068376068376009e-03
0.000000000000000000e+00 6.627492877492877632e-01 4.552617521367521292e-01 4.273504273504273934e-03 1.255341880341880392e-02
0.000000000000000000e+00 6.715633903133902960e-01 4.539262820512820484e-01 3.739316239316239476e-03 1.095085470085470011e-02
0.000000000000000000e+00 6.916844729344728826e-01 4.655448717948718063e-01 8.012820512820512109e-03 6.410256410256410034e-03
0.000000000000000000e+00 6.910612535612535856e-01 4.722222222222222099e-01 8.547008547008547868e-03 5.341880341880341984e-03
0.000000000000000000e+00 6.911502849002848503e-01 4.581997863247863068e-01 8.012820512820512109e-03 6.143162393162393022e-03
0.000000000000000000e+00 7.322827635327635587e-01 4.926549145299145560e-01 4.451566951566951653e-03 1.148504273504273587e-02
0.000000000000000000e+00 7.816951566951566566e-01 4.296207264957264682e-01 7.834757834757835257e-03 7.745726495726495964e-03
0.000000000000000000e+00 7.700320512820513219e-01 4.282852564102563875e-01 9.793447293447292770e-03 8.279914529914529989e-03
0.000000000000000000e+00 7.913995726495726135e-01 4.338942307692307820e-01 6.944444444444444059e-03 6.143162393162393022e-03
0.000000000000000000e+00 8.181980056980057148e-01 4.358974358974359031e-01 6.054131054131053728e-03 6.410256410256410034e-03
0.000000000000000000e+00 8.387642450142450690e-01 4.304220085470085722e-01 7.656695156695156670e-03 6.143162393162393022e-03
0.000000000000000000e+00 8.476673789173788665e-01 4.274839743589743390e-01 8.368945868945869282e-03 6.143162393162393022e-03
0.000000000000000000e+00 8.724180911680912143e-01 4.324252136752136932e-01 4.095441595441595348e-03 9.615384615384615918e-03
0.000000000000000000e+00 8.813212250712251228e-01 4.309561965811966044e-01 7.656695156695156670e-03 6.677350427350427046e-03
0.000000000000000000e+00 9.228988603988603767e-01 4.317574786324786529e-01 6.766381766381766340e-03 6.677350427350427046e-03
0.000000000000000000e+00 8.884437321937321830e-01 4.541933760683760646e-01 7.300569800569800365e-03 5.074786324786324972e-03
0.000000000000000000e+00 8.879985754985755264e-01 4.815705128205128305e-01 9.971509971509971357e-03 6.410256410256410034e-03
0.000000000000000000e+00 8.875534188034187588e-01 5.009348290598291120e-01 8.725071225071224720e-03 6.143162393162393022e-03
0.000000000000000000e+00 9.399038461538461453e-01 4.830395299145299193e-01 9.081196581196581893e-03 8.814102564102564014e-03
0.000000000000000000e+00 9.375000000000000000e-01 5.018696581196581130e-01 6.766381766381766340e-03 6.944444444444444059e-03
0.000000000000000000e+00 2.146545584045584099e-01 5.080128205128204844e-01 9.081196581196581893e-03 5.876068376068376009e-03
0.000000000000000000e+00 2.240918803418803507e-01 5.237713675213675479e-01 4.451566951566951653e-03 1.335470085470085409e-02
0.000000000000000000e+00 2.288995726495726413e-01 5.229700854700854995e-01 4.095441595441595348e-03 1.014957264957264994e-02
0.000000000000000000e+00 2.378917378917378977e-01 5.223023504273504036e-01 4.273504273504273934e-03 1.201923076923076990e-02
0.000000000000000000e+00 2.469729344729344744e-01 5.205662393162393542e-01 4.629629629629629373e-03 1.228632478632478604e-02
0.000000000000000000e+00 2.514245014245014009e-01 5.215010683760683552e-01 3.917378917378917629e-03 9.348290598290598039e-03
0.000000000000000000e+00 2.557870370370370350e-01 5.206997863247863068e-01 3.739316239316239476e-03 9.882478632478632063e-03
0.000000000000000000e+00 2.659366096866097040e-01 5.162927350427350959e-01 3.027065527065526864e-03 1.068376068376068397e-02
0.000000000000000000e+00 2.937143874643874386e-01 5.041399572649573058e-01 3.027065527065526864e-03 1.362179487179487197e-02
0.000000000000000000e+00 2.935363247863247982e-01 5.194978632478632896e-01 2.314814814814814686e-03 1.175213675213675202e-02
0.000000000000000000e+00 3.587962962962962798e-01 5.217681623931623713e-01 3.561253561253561323e-03 1.095085470085470011e-02
0.000000000000000000e+00 3.760683760683760646e-01 5.198985042735042583e-01 3.561253561253561323e-03 1.201923076923076990e-02
0.000000000000000000e+00 3.319088319088319139e-01 6.443643162393162260e-01 8.190883190883190695e-03 6.677350427350427046e-03
0.000000000000000000e+00 4.557514245014245291e-01 5.300480769230768718e-01 6.944444444444444059e-03 6.677350427350427046e-03
0.000000000000000000e+00 4.572649572649572502e-01 5.369925213675214026e-01 6.766381766381766340e-03 6.143162393162393022e-03
0.000000000000000000e+00 4.588675213675213471e-01 5.443376068376067911e-01 7.834757834757835257e-03 7.478632478632478951e-03
0.000000000000000000e+00 5.157585470085470636e-01 5.825320512820513219e-01 5.163817663817663398e-03 1.282051282051282007e-02
0.000000000000000000e+00 5.180733618233618332e-01 5.968215811965812412e-01 5.876068376068376009e-03 1.041666666666666609e-02
0.000000000000000000e+00 5.211004273504273865e-01 6.091079059829059839e-01 5.876068376068376009e-03 1.201923076923076990e-02
0.000000000000000000e+00 5.646367521367521292e-01 6.180555555555555802e-01 4.629629629629629373e-03 4.807692307692307959e-03
0.000000000000000000e+00 5.791488603988603767e-01 5.884081196581196771e-01 3.739316239316239476e-03 9.081196581196581893e-03
0.000000000000000000e+00 5.803952991452991927e-01 6.145833333333333703e-01 4.451566951566951653e-03 1.068376068376068397e-02
0.000000000000000000e+00 5.900997150997151497e-01 6.124465811965812412e-01 4.985754985754985678e-03 1.121794871794871799e-02
0.000000000000000000e+00 5.911680911680912143e-01 5.846688034188034511e-01 5.341880341880341984e-03 1.228632478632478604e-02
0.000000000000000000e+00 6.099537037037037202e-01 6.080395299145299193e-01 4.095441595441595348e-03 1.041666666666666609e-02
0.000000000000000000e+00 5.527955840455840431e-01 6.586538461538461453e-01 8.725071225071224720e-03 5.876068376068376009e-03
0.000000000000000000e+00 5.641025641025640969e-01 6.563835470085470636e-01 7.478632478632478951e-03 5.608974358974358997e-03
0.000000000000000000e+00 5.739850427350426942e-01 6.550480769230768718e-01 8.368945868945869282e-03 6.143162393162393022e-03
0.000000000000000000e+00 6.084401709401708880e-01 5.774572649572649041e-01 4.985754985754985678e-03 1.282051282051282007e-02
0.000000000000000000e+00 6.165420227920227481e-01 5.751869658119658224e-01 4.807692307692307959e-03 1.308760683760683795e-02
0.000000000000000000e+00 6.253561253561253919e-01 5.725160256410256610e-01 4.273504273504273934e-03 1.148504273504273587e-02
0.000000000000000000e+00 6.340811965811965489e-01 5.701121794871795156e-01 4.273504273504273934e-03 1.201923076923076990e-02
0.000000000000000000e+00 6.383547008547008073e-01 5.693108974358974672e-01 4.273504273504273934e-03 1.095085470085470011e-02
0.000000000000000000e+00 6.425391737891738009e-01 5.681089743589743390e-01 4.095441595441595348e-03 1.014957264957264994e-02
0.000000000000000000e+00 6.466346153846154188e-01 5.665064102564102422e-01 4.095441595441595348e-03 1.121794871794871799e-02
0.000000000000000000e+00 6.509971509971509418e-01 5.655715811965812412e-01 3.561253561253561323e-03 1.041666666666666609e-02
0.000000000000000000e+00 6.643518518518518601e-01 5.653044871794872250e-01 4.629629629629629373e-03 1.095085470085470011e-02
0.000000000000000000e+00 6.509971509971509418e-01 5.980235042735042583e-01 3.917378917378917629e-03 1.175213675213675202e-02
0.000000000000000000e+00 6.595441595441595695e-01 5.968215811965812412e-01 4.629629629629629373e-03 1.308760683760683795e-02
0.000000000000000000e+00 6.670227920227920215e-01 5.932158119658119677e-01 4.629629629629629373e-03 1.282051282051282007e-02
0.000000000000000000e+00 6.795762108262107803e-01 5.925480769230768718e-01 4.451566951566951653e-03 1.148504273504273587e-02
0.000000000000000000e+00 6.970263532763533165e-01 5.940170940170940161e-01 3.739316239316239476e-03 1.121794871794871799e-02
0.000000000000000000e+00 7.215990028490028019e-01 5.697115384615384359e-01 7.656695156695156670e-03 5.341880341880341984e-03
0.000000000000000000e+00 7.083333333333333703e-01 5.928151709401708880e-01 4.629629629629629373e-03 1.095085470085470011e-02
0.000000000000000000e+00 7.127849002849002691e-01 5.929487179487179516e-01 3.917378917378917629e-03 1.228632478632478604e-02
0.000000000000000000e+00 7.560541310541311066e-01 5.040064102564102422e-01 1.103988603988603941e-02 7.478632478632478951e-03
0.000000000000000000e+00 9.334935897435897578e-01 5.288461538461538547e-01 6.232193732193732315e-03 5.876068376068376009e-03
0.000000000000000000e+00 7.184829059829059283e-02 7.126068376068376287e-01 8.368945868945869282e-03 6.944444444444444059e-03
0.000000000000000000e+00 1.351495726495726413e-01 7.065972222222222099e-01 8.547008547008547868e-03 6.143162393162393022e-03
0.000000000000000000e+00 1.446759259259259300e-01 7.036591880341880323e-01 6.944444444444444059e-03 5.608974358974358997e-03
0.000000000000000000e+00 1.550925925925925875e-01 7.001869658119658224e-01 8.547008547008547868e-03 6.143162393162393022e-03
0.000000000000000000e+00 1.655092592592592726e-01 6.984508547008546619e-01 8.368945868945869282e-03 5.876068376068376009e-03
0.000000000000000000e+00 2.281873219373219408e-01 7.455929487179486781e-01 4.095441595441595348e-03 1.201923076923076990e-02
0.000000000000000000e+00 2.324608262108261991e-01 7.455929487179486781e-01 4.451566951566951653e-03 1.201923076923076990e-02
0.000000000000000000e+00 2.449252136752136655e-01 7.446581196581196771e-01 4.451566951566951653e-03 1.068376068376068397e-02
0.000000000000000000e+00 2.490206552706552834e-01 7.463942307692307265e-01 4.095441595441595348e-03 1.415598290598290600e-02
0.000000000000000000e+00 2.500890313390313202e-01 7.674946581196581130e-01 4.451566951566951653e-03 1.308760683760683795e-02
0.000000000000000000e+00 2.313034188034188143e-01 7.614850427350426942e-01 6.410256410256410034e-03 5.876068376068376009e-03
0.000000000000000000e+00 2.154558404558404583e-01 7.871260683760683552e-01 4.985754985754985678e-03 1.228632478632478604e-02
0.000000000000000000e+00 2.192841880341880323e-01 7.887286324786324521e-01 4.451566951566951653e-03 1.282051282051282007e-02
0.000000000000000000e+00 2.333511396011395955e-01 7.761752136752136932e-01 7.656695156695156670e-03 6.410256410256410034e-03
0.000000000000000000e+00 2.418091168091168197e-01 7.764423076923077094e-01 7.834757834757835257e-03 5.876068376068376009e-03
0.000000000000000000e+00 2.337962962962963076e-01 8.036858974358974672e-01 4.985754985754985678e-03 1.495726495726495790e-02
0.000000000000000000e+00 2.514245014245014009e-01 8.218482905982905651e-01 4.629629629629629373e-03 1.388888888888888812e-02
0.000000000000000000e+00 4.293091168091168197e-01 7.861912393162393542e-01 4.629629629629629373e-03 1.255341880341880392e-02
0.000000000000000000e+00 4.407051282051281937e-01 7.685630341880341776e-01 7.478632478632478951e-03 3.472222222222222029e-03
0.000000000000000000e+00 4.736467236467236663e-01 7.797809829059828557e-01 7.834757834757835257e-03 5.608974358974358997e-03
0.000000000000000000e+00 4.773860398860398924e-01 6.833600427350426942e-01 8.547008547008547868e-03 6.143162393162393022e-03
0.000000000000000000e+00 4.915420227920228036e-01 6.834935897435897578e-01 6.588319088319088621e-03 5.341880341880341984e-03
0.000000000000000000e+00 6.781517094017094349e-01 7.856570512820513219e-01 4.451566951566951653e-03 1.201923076923076990e-02
0.000000000000000000e+00 8.636930199430199462e-01 7.334401709401708880e-01 4.451566951566951653e-03 1.121794871794871799e-02
0.000000000000000000e+00 8.633368945868945543e-01 7.626869658119658224e-01 8.012820512820512109e-03 6.143162393162393022e-03
0.000000000000000000e+00 8.224715099715099731e-01 7.763087606837606458e-01 7.478632478632478951e-03 6.677350427350427046e-03
0.000000000000000000e+00 7.974537037037037202e-01 7.922008547008546619e-01 9.437321937321937332e-03 9.081196581196581893e-03
0.000000000000000000e+00 7.900641025641025328e-01 8.311965811965812412e-01 7.478632478632478951e-03 7.478632478632478951e-03
0.000000000000000000e+00 9.445334757834757955e-01 7.521367521367521292e-01 4.451566951566951653e-03 1.335470085470085409e-02
0.000000000000000000e+00 9.416844729344728826e-01 7.808493589743589203e-01 6.944444444444444059e-03 7.211538461538461939e-03
0.000000000000000000e+00 9.911858974358974672e-01 7.833867521367521292e-01 8.725071225071224720e-03 6.944444444444444059e-03
0.000000000000000000e+00 9.850427350427350959e-01 8.002136752136752573e-01 1.068376068376068397e-02 9.081196581196581893e-03
0.000000000000000000e+00 9.780982905982905651e-01 7.620192307692307265e-01 6.766381766381766340e-03 1.282051282051282007e-02
0.000000000000000000e+00 9.708867521367521292e-01 7.633547008547008073e-01 4.451566951566951653e-03 1.282051282051282007e-02
0.000000000000000000e+00 9.169337606837606458e-01 7.419871794871795156e-01 4.451566951566951653e-03 1.068376068376068397e-02
0.000000000000000000e+00 9.016203703703703498e-01 7.358440170940171443e-01 6.232193732193732315e-03 1.442307692307692388e-02
0.000000000000000000e+00 8.965455840455840431e-01 7.338408119658119677e-01 4.629629629629629373e-03 1.041666666666666609e-02
0.000000000000000000e+00 8.916488603988603767e-01 7.309027777777777901e-01 4.807692307692307959e-03 1.148504273504273587e-02
0.000000000000000000e+00 9.448896011396011874e-01 9.013087606837606458e-01 6.588319088319088621e-03 1.415598290598290600e-02
0.000000000000000000e+00 9.573539886039885705e-01 8.848824786324785974e-01 5.519943019943019703e-03 1.282051282051282007e-02
0.000000000000000000e+00 9.530804843304843121e-01 9.408386752136752573e-01 1.014957264957264994e-02 1.148504273504273587e-02
0.000000000000000000e+00 9.413283475783476018e-01 9.663461538461538547e-01 7.300569800569800365e-03 1.549145299145299193e-02
0.000000000000000000e+00 9.039351851851852304e-01 9.951923076923077094e-01 5.519943019943019703e-03 9.615384615384615918e-03
0.000000000000000000e+00 8.861289173789174134e-01 9.897168803418803229e-01 5.519943019943019703e-03 1.095085470085470011e-02
0.000000000000000000e+00 9.035790598290598385e-01 9.696848290598291120e-01 9.437321937321937332e-03 8.814102564102564014e-03
0.000000000000000000e+00 9.172898860398860377e-01 9.671474358974359031e-01 9.081196581196581893e-03 1.068376068376068397e-02
0.000000000000000000e+00 8.859508547008546619e-01 9.602029914529914834e-01 7.300569800569800365e-03 1.282051282051282007e-02
0.000000000000000000e+00 9.462250712250712681e-01 9.795673076923077094e-01 1.103988603988603941e-02 7.745726495726495964e-03
0.000000000000000000e+00 9.377670940170940161e-01 9.297542735042735318e-01 4.807692307692307959e-03 9.615384615384615918e-03
0.000000000000000000e+00 9.289529914529914834e-01 9.937232905982905651e-01 5.698005698005698290e-03 1.095085470085470011e-02
