0.000000000000000000e+00 7.523148148148148251e-02 2.804487179487179498e-03 8.012820512820512109e-03 4.540598290598290947e-03
0.000000000000000000e+00 7.612179487179486503e-02 9.481837606837606111e-03 9.081196581196581893e-03 6.677350427350427046e-03
0.000000000000000000e+00 2.492877492877492926e-02 6.450320512820513497e-02 5.341880341880341984e-03 1.201923076923076990e-02
0.000000000000000000e+00 2.955840455840455863e-02 6.129807692307692041e-02 3.917378917378917629e-03 1.041666666666666609e-02
0.000000000000000000e+00 9.642094017094017533e-02 1.227297008547008489e-01 3.739316239316239476e-03 8.814102564102564014e-03
0.000000000000000000e+00 9.161324786324785696e-02 1.229967948717948650e-01 4.095441595441595348e-03 6.677350427350427046e-03
0.000000000000000000e+00 1.013176638176638139e-01 1.248664529914529919e-01 4.273504273504273934e-03 1.041666666666666609e-02
0.000000000000000000e+00 1.062143874643874664e-01 1.255341880341880323e-01 4.095441595441595348e-03 1.175213675213675202e-02
0.000000000000000000e+00 1.103988603988604045e-01 1.254006410256410242e-01 2.849002849002849145e-03 9.882478632478632063e-03
0.000000000000000000e+00 1.749465811965811857e-01 1.295405982905982988e-02 3.739316239316239476e-03 1.201923076923076990e-02
0.000000000000000000e+00 1.759259259259259300e-01 3.352029914529914417e-02 3.917378917378917629e-03 1.362179487179487197e-02
0.000000000000000000e+00 2.608618233618233417e-01 1.197916666666666713e-01 4.629629629629629373e-03 1.095085470085470011e-02
0.000000000000000000e+00 7.597934472934473327e-01 1.383547008547008628e-01 5.341880341880341984e-03 1.495726495726495790e-02
0.000000000000000000e+00 8.501602564102563875e-01 1.175213675213675202e-02 9.081196581196581893e-03 8.012820512820512109e-03
0.000000000000000000e+00 8.433938746438746081e-01 8.840811965811966322e-02 9.081196581196581893e-03 7.478632478632478951e-03
0.000000000000000000e+00 8.417022792022792466e-01 9.922542735042734485e-02 1.068376068376068397e-02 7.745726495726495964e-03
0.000000000000000000e+00 8.413461538461538547e-01 1.157852564102564152e-01 9.615384615384615918e-03 7.211538461538461939e-03
0.000000000000000000e+00 8.173967236467236663e-01 8.840811965811966322e-02 9.437321937321937332e-03 6.944444444444444059e-03
0.000000000000000000e+00 8.072471509971509418e-01 1.471688034188034233e-01 9.437321937321937332e-03 6.944444444444444059e-03
0.000000000000000000e+00 8.167735042735042583e-01 1.497061965811965767e-01 1.103988603988603941e-02 6.677350427350427046e-03
0.000000000000000000e+00 8.152599715099715372e-01 1.402243589743589758e-01 1.050569800569800538e-02 7.478632478632478951e-03
0.000000000000000000e+00 8.394764957264957417e-01 1.530448717948718063e-01 8.725071225071224720e-03 8.012820512820512109e-03
0.000000000000000000e+00 9.967948717948718063e-01 1.290064102564102699e-01 5.341880341880341984e-03 1.282051282051282007e-02
0.000000000000000000e+00 9.943019943019942852e-01 1.542467948717948789e-01 5.341880341880341984e-03 1.415598290598290600e-02
0.000000000000000000e+00 9.350961538461538547e-01 6.650641025641025605e-02 8.368945868945869282e-03 6.944444444444444059e-03
0.000000000000000000e+00 9.383012820512820484e-01 4.353632478632478431e-02 9.437321937321937332e-03 8.012820512820512109e-03
0.000000000000000000e+00 9.396367521367521292e-01 2.804487179487179585e-02 8.547008547008547868e-03 7.478632478632478951e-03
0.000000000000000000e+00 9.410612535612535856e-01 4.941239316239316032e-03 9.259259259259258745e-03 8.279914529914529989e-03
0.000000000000000000e+00 9.251246438746438816e-01 1.497061965811965767e-01 8.368945868945869282e-03 6.677350427350427046e-03
0.000000000000000000e+00 9.951032763532763337e-01 5.662393162393162399e-02 3.739316239316239476e-03 1.175213675213675202e-02
0.000000000000000000e+00 2.911324786324786390e-02 2.776442307692307820e-01 5.519943019943019703e-03 1.308760683760683795e-02
0.000000000000000000e+00 3.445512820512820762e-02 2.743055555555555802e-01 4.807692307692307959e-03 1.228632478632478604e-02
0.000000000000000000e+00 3.970797720797721031e-02 2.747061965811966044e-01 4.629629629629629373e-03 1.201923076923076990e-02
0.000000000000000000e+00 4.504985754985754709e-02 3.008814102564102422e-01 9.971509971509971357e-03 7.745726495726495964e-03
0.000000000000000000e+00 4.932336182336182623e-02 2.721688034188033956e-01 5.341880341880341984e-03 1.014957264957264994e-02
0.000000000000000000e+00 9.152421652421652287e-02 2.673611111111111049e-01 4.985754985754985678e-03 1.282051282051282007e-02
0.000000000000000000e+00 9.624287749287749327e-02 2.658920940170940161e-01 4.807692307692307959e-03 1.148504273504273587e-02
0.000000000000000000e+00 1.010505698005697978e-01 2.641559829059829112e-01 4.451566951566951653e-03 1.335470085470085409e-02
0.000000000000000000e+00 1.109330484330484368e-01 2.632211538461538547e-01 4.985754985754985678e-03 1.469017094017094002e-02
0.000000000000000000e+00 1.163639601139601076e-01 2.610844017094017255e-01 4.807692307692307959e-03 1.362179487179487197e-02
0.000000000000000000e+00 1.210826210826210780e-01 2.589476495726495964e-01 4.273504273504273934e-03 1.148504273504273587e-02
0.000000000000000000e+00 2.382478632478632341e-01 2.622863247863247982e-01 7.834757834757835257e-03 6.410256410256410034e-03
0.000000000000000000e+00 2.558760683760683552e-01 2.588141025641025883e-01 1.068376068376068397e-02 9.081196581196581893e-03
0.000000000000000000e+00 2.629985754985754709e-01 3.091613247863247982e-01 4.629629629629629373e-03 1.415598290598290600e-02
0.000000000000000000e+00 6.415598290598291120e-01 2.696314102564102422e-01 3.917378917378917629e-03 1.415598290598290600e-02
0.000000000000000000e+00 6.468126780626780592e-01 2.697649572649572502e-01 3.739316239316239476e-03 1.121794871794871799e-02
0.000000000000000000e+00 6.565170940170940161e-01 2.724358974358974117e-01 4.985754985754985678e-03 1.282051282051282007e-02
0.000000000000000000e+00 7.343304843304843121e-01 2.853899572649572502e-01 5.341880341880341984e-03 1.522435897435897405e-02
0.000000000000000000e+00 7.361111111111111605e-01 3.344017094017093794e-01 7.122507122507122646e-03 6.410256410256410034e-03
0.000000000000000000e+00 8.288817663817663606e-01 1.808226495726495686e-01 5.698005698005698290e-03 1.602564102564102422e-02
0.000000000000000000e+00 8.392984330484331013e-01 1.868322649572649596e-01 8.725071225071224720e-03 7.745726495726495964e-03
0.000000000000000000e+00 8.381410256410256610e-01 1.961805555555555525e-01 9.615384615384615918e-03 6.677350427350427046e-03
0.000000000000000000e+00 8.378739316239316448e-01 2.158119658119658224e-01 8.368945868945869282e-03 6.944444444444444059e-03
0.000000000000000000e+00 8.362713675213675479e-01 2.430555555555555525e-01 1.014957264957264994e-02 7.478632478632478951e-03
0.000000000000000000e+00 8.522079772079772519e-01 2.430555555555555525e-01 5.341880341880341984e-03 1.495726495726495790e-02
0.000000000000000000e+00 8.628027065527065220e-01 2.425213675213675202e-01 4.807692307692307959e-03 1.228632478632478604e-02
0.000000000000000000e+00 8.743767806267805920e-01 2.439903846153846090e-01 9.081196581196581893e-03 2.270299145299145213e-02
0.000000000000000000e+00 8.341346153846154188e-01 3.194444444444444198e-01 9.793447293447292770e-03 7.478632478632478951e-03
0.000000000000000000e+00 8.355591168091167642e-01 3.329326923076922906e-01 8.725071225071224720e-03 7.211538461538461939e-03
0.000000000000000000e+00 8.832799145299145005e-01 2.457264957264957139e-01 5.163817663817663398e-03 1.282051282051282007e-02
0.000000000000000000e+00 9.662571225071224790e-01 3.225160256410256610e-01 4.451566951566951653e-03 1.308760683760683795e-02
0.000000000000000000e+00 8.887998575498575748e-01 2.463942307692307820e-01 4.807692307692307959e-03 1.362179487179487197e-02
0.000000000000000000e+00 8.939636752136752573e-01 2.475961538461538547e-01 5.163817663817663398e-03 1.282051282051282007e-02
0.000000000000000000e+00 8.993945868945868449e-01 2.475961538461538547e-01 5.341880341880341984e-03 1.388888888888888812e-02
0.000000000000000000e+00 9.147079772079772519e-01 2.498664529914529919e-01 5.341880341880341984e-03 1.095085470085470011e-02
0.000000000000000000e+00 9.257478632478632896e-01 2.508012820512820484e-01 4.629629629629629373e-03 1.282051282051282007e-02
0.000000000000000000e+00 9.311787749287748772e-01 2.518696581196581130e-01 5.163817663817663398e-03 1.388888888888888812e-02
0.000000000000000000e+00 9.368767806267805920e-01 2.520032051282051211e-01 5.163817663817663398e-03 1.308760683760683795e-02
0.000000000000000000e+00 9.417735042735042583e-01 2.526709401709401615e-01 4.629629629629629373e-03 1.121794871794871799e-02
0.000000000000000000e+00 9.472044159544159569e-01 2.533386752136752018e-01 4.451566951566951653e-03 1.255341880341880392e-02
0.000000000000000000e+00 9.518340455840456071e-01 2.538728632478632341e-01 4.451566951566951653e-03 1.255341880341880392e-02
0.000000000000000000e+00 9.573539886039885705e-01 2.549412393162392987e-01 4.807692307692307959e-03 1.255341880341880392e-02
0.000000000000000000e+00 9.285968660968660360e-02 4.735576923076922906e-01 4.807692307692307959e-03 1.121794871794871799e-02
0.000000000000000000e+00 1.111111111111111049e-01 4.778311965811966044e-01 4.273504273504273934e-03 1.282051282051282007e-02
0.000000000000000000e+00 1.164529914529914556e-01 4.762286324786324521e-01 4.273504273504273934e-03 1.121794871794871799e-02
0.000000000000000000e+00 1.212606837606837601e-01 4.764957264957264682e-01 6.410256410256410034e-03 1.388888888888888812e-02
0.000000000000000000e+00 1.263354700854700807e-01 4.750267094017093794e-01 5.163817663817663398e-03 1.308760683760683795e-02
0.000000000000000000e+00 1.312321937321937193e-01 4.746260683760683552e-01 4.273504273504273934e-03 1.228632478632478604e-02
0.000000000000000000e+00 1.769052706552706467e-01 4.236111111111111049e-01 9.081196581196581893e-03 8.012820512820512109e-03
0.000000000000000000e+00 1.900819088319088412e-01 4.849091880341880323e-01 9.793447293447292770e-03 7.745726495726495964e-03
0.000000000000000000e+00 2.088675213675213749e-01 4.866452991452991372e-01 6.410256410256410034e-03 6.410256410256410034e-03
0.000000000000000000e+00 2.084223646723646628e-01 4.942574786324786529e-01 8.368945868945869282e-03 7.211538461538461939e-03
0.000000000000000000e+00 2.583689458689458762e-01 3.396100427350427498e-01 4.629629629629629373e-03 1.362179487179487197e-02
0.000000000000000000e+00 2.605056980056980054e-01 3.946314102564102422e-01 4.273504273504273934e-03 1.148504273504273587e-02
0.000000000000000000e+00 2.618411680911680861e-01 4.134615384615384359e-01 4.807692307692307959e-03 1.388888888888888812e-02
0.000000000000000000e+00 7.410078347578347158e-01 4.686164529914529919e-01 9.081196581196581893e-03 1.095085470085470011e-02
0.000000000000000000e+00 7.252492877492877632e-01 4.819711538461538547e-01 8.190883190883190695e-03 9.882478632478632063e-03
0.000000000000000000e+00 8.392094017094017255e-01 3.569711538461538547e-01 1.032763532763532680e-02 7.745726495726495964e-03
0.000000000000000000e+00 8.318198005698005382e-01 4.289529914529914278e-01 4.807692307692307959e-03 1.228632478632478604e-02
0.000000000000000000e+00 8.358262108262107803e-01 4.500534188034188143e-01 9.615384615384615918e-03 8.012820512820512109e-03
0.000000000000000000e+00 8.461538461538461453e-01 4.492521367521367659e-01 7.834757834757835257e-03 6.944444444444444059e-03
0.000000000000000000e+00 7.843660968660968180e-01 4.682158119658119677e-01 4.273504273504273934e-03 1.068376068376068397e-02
0.000000000000000000e+00 9.594017094017094349e-01 4.113247863247863068e-01 5.341880341880341984e-03 1.282051282051282007e-02
0.000000000000000000e+00 9.583333333333333703e-01 4.300213675213675479e-01 5.341880341880341984e-03 1.388888888888888812e-02
0.000000000000000000e+00 9.579772079772079785e-01 4.485844017094017255e-01 5.341880341880341984e-03 1.522435897435897405e-02
0.000000000000000000e+00 9.570868945868945543e-01 4.660790598290598385e-01 5.341880341880341984e-03 1.388888888888888812e-02
0.000000000000000000e+00 9.651887464387464144e-01 3.390758547008547175e-01 4.095441595441595348e-03 1.255341880341880392e-02
0.000000000000000000e+00 9.837962962962963631e-02 5.116185897435897578e-01 5.163817663817663398e-03 1.362179487179487197e-02
0.000000000000000000e+00 1.190349002849002830e-01 5.066773504273504036e-01 7.300569800569800365e-03 1.655982905982905998e-02
0.000000000000000000e+00 1.250000000000000000e-01 5.070779914529914834e-01 5.341880341880341984e-03 1.308760683760683795e-02
0.000000000000000000e+00 1.003383190883190834e-01 5.409989316239316448e-01 4.451566951566951653e-03 1.415598290598290600e-02
0.000000000000000000e+00 1.017628205128205121e-01 5.603632478632478708e-01 6.232193732193732315e-03 1.442307692307692388e-02
0.000000000000000000e+00 1.047898860398860377e-01 5.996260683760683552e-01 6.232193732193732315e-03 1.549145299145299193e-02
0.000000000000000000e+00 7.220441595441595695e-02 6.243322649572649041e-01 5.163817663817663398e-03 1.415598290598290600e-02
0.000000000000000000e+00 3.846153846153846367e-02 6.533119658119658224e-01 7.834757834757835257e-03 6.410256410256410034e-03
0.000000000000000000e+00 4.861111111111111188e-02 6.519764957264957417e-01 1.068376068376068397e-02 6.410256410256410034e-03
0.000000000000000000e+00 6.641737891737892197e-02 6.487713675213675479e-01 1.068376068376068397e-02 7.478632478632478951e-03
0.000000000000000000e+00 7.816951566951567398e-02 6.637286324786324521e-01 5.341880341880341984e-03 1.228632478632478604e-02
0.000000000000000000e+00 9.321581196581196771e-02 6.627938034188034511e-01 5.163817663817663398e-03 1.255341880341880392e-02
0.000000000000000000e+00 9.793447293447293811e-02 6.621260683760683552e-01 5.341880341880341984e-03 1.228632478632478604e-02
0.000000000000000000e+00 1.296296296296296224e-01 5.057425213675214026e-01 5.341880341880341984e-03 1.415598290598290600e-02
0.000000000000000000e+00 1.940883190883190834e-01 5.344551282051281937e-01 9.259259259259258745e-03 6.944444444444444059e-03
0.000000000000000000e+00 2.105591168091168197e-01 5.080128205128204844e-01 7.300569800569800365e-03 6.944444444444444059e-03
0.000000000000000000e+00 2.111823361823361722e-01 5.160256410256410797e-01 7.122507122507122646e-03 6.410256410256410034e-03
0.000000000000000000e+00 2.121616809116809166e-01 5.237713675213675479e-01 6.588319088319088621e-03 6.410256410256410034e-03
0.000000000000000000e+00 2.351317663817663883e-01 6.060363247863247427e-01 4.451566951566951653e-03 1.175213675213675202e-02
0.000000000000000000e+00 2.402955840455840431e-01 6.052350427350426942e-01 4.095441595441595348e-03 1.121794871794871799e-02
0.000000000000000000e+00 2.459045584045584099e-01 6.055021367521367104e-01 4.985754985754985678e-03 1.388888888888888812e-02
0.000000000000000000e+00 2.402955840455840431e-01 6.491720085470085166e-01 5.163817663817663398e-03 1.362179487179487197e-02
0.000000000000000000e+00 2.459935897435897301e-01 6.487713675213675479e-01 5.163817663817663398e-03 1.549145299145299193e-02
0.000000000000000000e+00 2.505341880341880323e-01 6.481036324786324521e-01 4.985754985754985678e-03 1.255341880341880392e-02
0.000000000000000000e+00 2.243589743589743668e-01 6.207264957264957417e-01 8.547008547008547868e-03 6.944444444444444059e-03
0.000000000000000000e+00 2.121616809116809166e-01 6.426282051282051766e-01 8.725071225071224720e-03 5.876068376068376009e-03
0.000000000000000000e+00 2.248041310541310511e-01 6.399572649572649041e-01 6.944444444444444059e-03 5.876068376068376009e-03
0.000000000000000000e+00 1.986289173789173856e-01 6.456997863247863068e-01 1.014957264957264994e-02 7.211538461538461939e-03
0.000000000000000000e+00 2.129629629629629650e-01 6.227297008547008073e-01 9.615384615384615918e-03 7.745726495726495964e-03
0.000000000000000000e+00 1.369301994301994341e-01 6.563835470085470636e-01 8.547008547008547868e-03 6.143162393162393022e-03
0.000000000000000000e+00 1.850961538461538547e-01 6.475694444444444198e-01 1.014957264957264994e-02 6.677350427350427046e-03
0.000000000000000000e+00 1.363069800569800538e-01 6.362179487179486781e-01 8.368945868945869282e-03 5.876068376068376009e-03
0.000000000000000000e+00 2.534722222222222099e-01 6.026976495726495964e-01 3.739316239316239476e-03 1.041666666666666609e-02
0.000000000000000000e+00 2.547186609686609704e-01 6.466346153846154188e-01 4.807692307692307959e-03 1.014957264957264994e-02
0.000000000000000000e+00 3.104522792022791911e-01 5.848023504273504036e-01 4.451566951566951653e-03 1.148504273504273587e-02
0.000000000000000000e+00 3.214031339031339085e-01 5.836004273504273865e-01 4.985754985754985678e-03 1.282051282051282007e-02
0.000000000000000000e+00 4.865562678062678170e-01 5.320512820512820484e-01 4.095441595441595348e-03 1.335470085470085409e-02
0.000000000000000000e+00 4.960826210826210780e-01 5.312500000000000000e-01 5.341880341880341984e-03 1.869658119658119608e-02
0.000000000000000000e+00 5.009793447293446889e-01 5.292467948717948234e-01 4.807692307692307959e-03 1.362179487179487197e-02
0.000000000000000000e+00 5.110398860398860377e-01 5.281784188034187588e-01 4.985754985754985678e-03 1.415598290598290600e-02
0.000000000000000000e+00 5.765669515669515910e-01 5.849358974358974672e-01 8.547008547008547868e-03 6.944444444444444059e-03
0.000000000000000000e+00 6.890135327635327211e-01 5.727831196581196771e-01 9.437321937321937332e-03 7.745726495726495964e-03
0.000000000000000000e+00 6.817129629629629095e-01 6.195245726495726135e-01 6.944444444444444059e-03 6.677350427350427046e-03
0.000000000000000000e+00 7.241809116809116986e-01 6.494391025641025328e-01 5.698005698005698290e-03 1.469017094017094002e-02
0.000000000000000000e+00 8.386752136752136932e-01 5.341880341880341776e-01 8.903133903133903307e-03 6.944444444444444059e-03
0.000000000000000000e+00 8.488247863247863068e-01 5.344551282051281937e-01 8.547008547008547868e-03 6.944444444444444059e-03
0.000000000000000000e+00 7.958511396011396233e-01 6.563835470085470636e-01 9.081196581196581893e-03 6.143162393162393022e-03
0.000000000000000000e+00 9.527243589743589203e-01 6.047008547008546619e-01 5.163817663817663398e-03 1.388888888888888812e-02
0.000000000000000000e+00 9.533475783475783283e-01 6.245993589743589203e-01 5.341880341880341984e-03 1.629273504273504383e-02
0.000000000000000000e+00 9.525462962962962798e-01 6.605235042735042583e-01 7.300569800569800365e-03 1.923076923076923184e-02
0.000000000000000000e+00 8.760683760683760091e-02 8.317307692307692735e-01 8.547008547008547868e-03 6.410256410256410034e-03
0.000000000000000000e+00 7.843660968660969013e-02 8.333333333333333703e-01 8.368945868945869282e-03 6.410256410256410034e-03
0.000000000000000000e+00 8.938746438746439371e-02 8.110309829059828557e-01 1.210826210826210746e-02 7.745726495726495964e-03
0.000000000000000000e+00 8.671652421652421838e-02 7.968750000000000000e-01 1.175213675213675202e-02 9.348290598290598039e-03
0.000000000000000000e+00 8.751780626780626682e-02 7.827190170940171443e-01 9.437321937321937332e-03 7.211538461538461939e-03
0.000000000000000000e+00 8.591524216524216995e-02 7.765758547008546619e-01 9.437321937321937332e-03 7.211538461538461939e-03
0.000000000000000000e+00 1.187678062678062668e-01 8.262553418803418870e-01 7.834757834757835257e-03 5.608974358974358997e-03
0.000000000000000000e+00 1.470797720797720753e-01 8.207799145299145005e-01 8.547008547008547868e-03 6.410256410256410034e-03
0.000000000000000000e+00 1.577635327635327767e-01 8.193108974358974672e-01 9.971509971509971357e-03 7.211538461538461939e-03
0.000000000000000000e+00 1.829594017094016978e-01 8.143696581196581130e-01 9.437321937321937332e-03 6.944444444444444059e-03
0.000000000000000000e+00 1.962250712250712126e-01 8.110309829059828557e-01 9.971509971509971357e-03 6.143162393162393022e-03
0.000000000000000000e+00 1.728098290598290565e-01 8.311965811965812412e-01 9.437321937321937332e-03 6.944444444444444059e-03
0.000000000000000000e+00 2.095797720797720753e-01 8.249198717948718063e-01 8.190883190883190695e-03 6.677350427350427046e-03
0.000000000000000000e+00 2.196403133903133964e-01 8.229166666666666297e-01 9.793447293447292770e-03 7.478632478632478951e-03
0.000000000000000000e+00 2.770655270655270619e-01 8.125000000000000000e-01 1.103988603988603941e-02 8.012820512820512109e-03
0.000000000000000000e+00 3.443732193732193525e-01 8.246527777777777901e-01 8.903133903133903307e-03 7.211538461538461939e-03
0.000000000000000000e+00 6.064814814814815103e-01 7.728365384615384359e-01 8.903133903133903307e-03 7.211538461538461939e-03
0.000000000000000000e+00 6.076388888888888395e-01 7.797809829059828557e-01 7.656695156695156670e-03 6.143162393162393022e-03
0.000000000000000000e+00 6.079950142450142314e-01 7.875267094017094349e-01 8.368945868945869282e-03 6.677350427350427046e-03
0.000000000000000000e+00 6.087072649572649041e-01 7.950053418803418870e-01 9.081196581196581893e-03 6.677350427350427046e-03
0.000000000000000000e+00 6.097756410256410797e-01 8.090277777777777901e-01 8.012820512820512109e-03 6.410256410256410034e-03
0.000000000000000000e+00 5.926816239316239354e-01 8.153044871794872250e-01 4.451566951566951653e-03 1.255341880341880392e-02
0.000000000000000000e+00 5.918803418803418870e-01 8.010149572649573058e-01 4.985754985754985678e-03 1.228632478632478604e-02
0.000000000000000000e+00 5.892094017094017255e-01 7.837873931623932089e-01 4.985754985754985678e-03 1.255341880341880392e-02
0.000000000000000000e+00 7.130519943019942852e-01 6.952457264957264682e-01 8.368945868945869282e-03 6.410256410256410034e-03
0.000000000000000000e+00 7.248041310541311066e-01 6.993856837606837740e-01 1.121794871794871799e-02 9.882478632478632063e-03
0.000000000000000000e+00 6.810897435897436125e-01 7.326388888888888395e-01 5.698005698005698290e-03 1.442307692307692388e-02
0.000000000000000000e+00 6.834935897435897578e-01 7.497329059829059839e-01 5.163817663817663398e-03 1.335470085470085409e-02
0.000000000000000000e+00 7.000534188034187588e-01 7.918002136752136932e-01 5.876068376068376009e-03 1.575854700854700807e-02
0.000000000000000000e+00 6.911502849002848503e-01 8.111645299145299193e-01 5.163817663817663398e-03 1.388888888888888812e-02
0.000000000000000000e+00 7.928240740740740700e-01 7.210202991452991927e-01 1.050569800569800538e-02 9.348290598290598039e-03
0.000000000000000000e+00 8.356481481481481399e-01 7.314369658119658224e-01 1.032763532763532680e-02 7.745726495726495964e-03
0.000000000000000000e+00 8.238960113960114295e-01 7.418536324786324521e-01 5.341880341880341984e-03 1.469017094017094002e-02
0.000000000000000000e+00 8.234508547008546619e-01 7.576121794871795156e-01 4.451566951566951653e-03 1.415598290598290600e-02
0.000000000000000000e+00 9.521011396011396233e-01 6.944444444444444198e-01 6.410256410256410034e-03 1.655982905982905998e-02
0.000000000000000000e+00 9.506766381766381668e-01 7.222222222222222099e-01 4.273504273504273934e-03 1.655982905982905998e-02
0.000000000000000000e+00 9.756944444444444198e-01 7.474626068376067911e-01 1.014957264957264994e-02 8.279914529914529989e-03
0.000000000000000000e+00 9.950142450142450690e-01 7.744391025641025328e-01 8.190883190883190695e-03 6.677350427350427046e-03
0.000000000000000000e+00 7.834757834757835257e-03 8.627136752136752573e-01 1.103988603988603941e-02 7.478632478632478951e-03
0.000000000000000000e+00 1.816239316239316379e-02 8.597756410256410797e-01 7.834757834757835257e-03 6.410256410256410034e-03
0.000000000000000000e+00 2.929131054131054249e-02 8.575053418803418870e-01 1.121794871794871799e-02 8.279914529914529989e-03
0.000000000000000000e+00 3.890669515669515494e-02 8.556356837606837740e-01 6.588319088319088621e-03 6.677350427350427046e-03
0.000000000000000000e+00 4.602920227920227758e-02 8.544337606837606458e-01 8.012820512820512109e-03 6.410256410256410034e-03
0.000000000000000000e+00 5.742521367521367243e-02 8.517628205128204844e-01 1.050569800569800538e-02 7.478632478632478951e-03
0.000000000000000000e+00 6.766381766381766860e-02 8.505608974358974672e-01 7.834757834757835257e-03 6.143162393162393022e-03
0.000000000000000000e+00 8.208689458689458207e-02 8.477564102564102422e-01 9.615384615384615918e-03 6.944444444444444059e-03
0.000000000000000000e+00 9.294871794871795156e-02 8.453525641025640969e-01 9.615384615384615918e-03 6.944444444444444059e-03
0.000000000000000000e+00 1.103988603988604045e-01 8.426816239316239354e-01 9.971509971509971357e-03 6.944444444444444059e-03
0.000000000000000000e+00 3.166844729344729381e-01 9.666132478632478708e-01 4.807692307692307959e-03 1.228632478632478604e-02
0.000000000000000000e+00 3.194444444444444198e-01 9.930555555555555802e-01 4.985754985754985678e-03 1.175213675213675202e-02
0.000000000000000000e+00 3.694800569800569812e-01 9.887820512820513219e-01 4.629629629629629373e-03 1.335470085470085409e-02
0.000000000000000000e+00 3.741096866096866314e-01 9.867788461538461453e-01 4.629629629629629373e-03 1.255341880341880392e-02
0.000000000000000000e+00 3.472222222222222099e-01 8.404113247863247427e-01 8.903133903133903307e-03 7.211538461538461939e-03
0.000000000000000000e+00 3.572827635327635587e-01 9.336271367521367104e-01 9.081196581196581893e-03 8.814102564102564014e-03
0.000000000000000000e+00 3.587072649572649596e-01 9.563301282051281937e-01 8.725071225071224720e-03 8.279914529914529989e-03
0.000000000000000000e+00 3.549679487179487336e-01 9.168002136752136932e-01 9.437321937321937332e-03 8.279914529914529989e-03
0.000000000000000000e+00 3.545227920227920215e-01 9.038461538461538547e-01 7.834757834757835257e-03 8.012820512820512109e-03
0.000000000000000000e+00 3.519408831908831803e-01 8.868856837606837740e-01 8.368945868945869282e-03 7.745726495726495964e-03
0.000000000000000000e+00 3.836360398860398924e-01 9.850427350427350959e-01 4.807692307692307959e-03 1.068376068376068397e-02
0.000000000000000000e+00 3.937856125356125614e-01 9.831730769230768718e-01 5.519943019943019703e-03 1.655982905982905998e-02
0.000000000000000000e+00 3.881766381766381668e-01 9.821047008547008073e-01 3.917378917378917629e-03 1.228632478632478604e-02
0.000000000000000000e+00 4.789886039886039892e-01 9.971955128205127750e-01 7.834757834757835257e-03 5.608974358974358997e-03
0.000000000000000000e+00 5.355235042735042583e-01 8.616452991452991927e-01 4.451566951566951653e-03 1.282051282051282007e-02
0.000000000000000000e+00 5.403311965811965489e-01 8.605769230769231282e-01 5.163817663817663398e-03 1.282051282051282007e-02
0.000000000000000000e+00 5.451388888888888395e-01 8.601762820512820484e-01 4.807692307692307959e-03 1.308760683760683795e-02
0.000000000000000000e+00 5.505698005698005382e-01 8.600427350427350959e-01 4.985754985754985678e-03 1.335470085470085409e-02
0.000000000000000000e+00 5.420227920227920215e-01 8.745993589743589203e-01 5.341880341880341984e-03 1.575854700854700807e-02
0.000000000000000000e+00 5.565349002849002691e-01 8.723290598290598385e-01 4.451566951566951653e-03 1.335470085470085409e-02
0.000000000000000000e+00 5.717592592592593004e-01 8.529647435897436125e-01 4.629629629629629373e-03 1.308760683760683795e-02
0.000000000000000000e+00 5.404202279202279247e-01 9.050480769230768718e-01 4.629629629629629373e-03 1.201923076923076990e-02
0.000000000000000000e+00 5.451388888888888395e-01 9.054487179487179516e-01 4.451566951566951653e-03 1.335470085470085409e-02
0.000000000000000000e+00 5.503027065527065220e-01 9.050480769230768718e-01 5.163817663817663398e-03 1.575854700854700807e-02
0.000000000000000000e+00 5.557336182336182206e-01 9.055822649572649041e-01 4.985754985754985678e-03 1.469017094017094002e-02
