0.000000000000000000e+00 8.974358974358974395e-02 1.585202991452991372e-01 3.917378917378917629e-03 1.095085470085470011e-02
0.000000000000000000e+00 1.082621082621082614e-01 1.615918803418803507e-01 4.985754985754985678e-03 1.282051282051282007e-02
0.000000000000000000e+00 1.139601139601139623e-01 1.589209401709401615e-01 5.341880341880341984e-03 1.282051282051282007e-02
0.000000000000000000e+00 1.182336182336182345e-01 1.587873931623931534e-01 6.410256410256410034e-03 1.469017094017094002e-02
0.000000000000000000e+00 1.233084045584045552e-01 1.571848290598290565e-01 5.876068376068376009e-03 1.308760683760683795e-02
0.000000000000000000e+00 2.512464387464387605e-01 1.629273504273504383e-02 4.629629629629629373e-03 1.335470085470085409e-02
0.000000000000000000e+00 1.282941595441595417e-01 1.571848290598290565e-01 4.807692307692307959e-03 1.148504273504273587e-02
0.000000000000000000e+00 1.722756410256410242e-01 1.034989316239316171e-01 8.725071225071224720e-03 7.745726495726495964e-03
0.000000000000000000e+00 1.869658119658119677e-01 1.634615384615384637e-01 9.971509971509971357e-03 8.012820512820512109e-03
0.000000000000000000e+00 2.059294871794871695e-01 1.639957264957264960e-01 6.944444444444444059e-03 6.944444444444444059e-03
0.000000000000000000e+00 2.547186609686609704e-01 7.051282051282051211e-02 4.807692307692307959e-03 1.175213675213675202e-02
0.000000000000000000e+00 2.564992877492877632e-01 8.880876068376068744e-02 4.807692307692307959e-03 1.308760683760683795e-02
0.000000000000000000e+00 7.342414529914529364e-01 1.129807692307692318e-01 9.437321937321937332e-03 1.014957264957264994e-02
0.000000000000000000e+00 7.194622507122506727e-01 1.275373931623931534e-01 8.368945868945869282e-03 1.095085470085470011e-02
0.000000000000000000e+00 8.281695156695156879e-01 8.974358974358974395e-02 9.971509971509971357e-03 9.615384615384615918e-03
0.000000000000000000e+00 7.779558404558404305e-01 1.111111111111111049e-01 4.273504273504273934e-03 1.121794871794871799e-02
0.000000000000000000e+00 8.234508547008546619e-01 6.891025641025641524e-02 4.807692307692307959e-03 1.282051282051282007e-02
0.000000000000000000e+00 9.501424501424501345e-01 4.353632478632478431e-02 4.629629629629629373e-03 1.335470085470085409e-02
0.000000000000000000e+00 9.494301994301994618e-01 6.143162393162392848e-02 4.629629629629629373e-03 1.228632478632478604e-02
0.000000000000000000e+00 9.493411680911680861e-01 7.986111111111110494e-02 5.163817663817663398e-03 1.495726495726495790e-02
0.000000000000000000e+00 9.491631054131054457e-01 9.775641025641025605e-02 5.163817663817663398e-03 1.388888888888888812e-02
0.000000000000000000e+00 9.906517094017094349e-01 1.041666666666666609e-02 1.014957264957264994e-02 8.012820512820512109e-03
0.000000000000000000e+00 9.642094017094017533e-02 1.953792735042735040e-01 5.163817663817663398e-03 1.308760683760683795e-02
0.000000000000000000e+00 1.165420227920227897e-01 1.891025641025640969e-01 7.300569800569800365e-03 1.709401709401709574e-02
0.000000000000000000e+00 1.223290598290598247e-01 1.888354700854700807e-01 4.985754985754985678e-03 1.121794871794871799e-02
0.000000000000000000e+00 6.801994301994301884e-02 3.337339743589743390e-01 9.971509971509971357e-03 7.211538461538461939e-03
0.000000000000000000e+00 7.345085470085470358e-02 3.087606837606837740e-01 4.807692307692307959e-03 1.388888888888888812e-02
0.000000000000000000e+00 9.553062678062677893e-02 3.016826923076922906e-01 5.519943019943019703e-03 1.148504273504273587e-02
0.000000000000000000e+00 1.051460113960114018e-01 2.824519230769230727e-01 6.588319088319088621e-03 1.522435897435897405e-02
0.000000000000000000e+00 1.006054131054130996e-01 2.433226495726495686e-01 7.478632478632478951e-03 1.388888888888888812e-02
0.000000000000000000e+00 9.909188034188033678e-02 2.244925213675213749e-01 4.451566951566951653e-03 1.255341880341880392e-02
0.000000000000000000e+00 1.272257834757834771e-01 1.879006410256410242e-01 4.807692307692307959e-03 1.308760683760683795e-02
0.000000000000000000e+00 2.056623931623931534e-01 1.714743589743589758e-01 8.903133903133903307e-03 9.081196581196581893e-03
0.000000000000000000e+00 1.921296296296296224e-01 2.130074786324786251e-01 9.615384615384615918e-03 6.143162393162393022e-03
0.000000000000000000e+00 2.080662393162393264e-01 1.850961538461538547e-01 7.300569800569800365e-03 6.410256410256410034e-03
0.000000000000000000e+00 2.090455840455840431e-01 1.932425213675213749e-01 7.122507122507122646e-03 7.211538461538461939e-03
0.000000000000000000e+00 2.101139601139601076e-01 2.005876068376068466e-01 6.410256410256410034e-03 7.478632478632478951e-03
0.000000000000000000e+00 1.374643874643874664e-01 3.173076923076922906e-01 7.834757834757835257e-03 4.807692307692307959e-03
0.000000000000000000e+00 1.489494301994301884e-01 3.149038461538461453e-01 1.050569800569800538e-02 6.944444444444444059e-03
0.000000000000000000e+00 1.726317663817663883e-01 3.083600427350427498e-01 9.437321937321937332e-03 6.143162393162393022e-03
0.000000000000000000e+00 1.963141025641025605e-01 3.032852564102563875e-01 9.437321937321937332e-03 6.677350427350427046e-03
0.000000000000000000e+00 2.127849002849002968e-01 2.991452991452991372e-01 9.259259259259258745e-03 6.944444444444444059e-03
0.000000000000000000e+00 2.245370370370370350e-01 2.963408119658119677e-01 8.903133903133903307e-03 7.211538461538461939e-03
0.000000000000000000e+00 2.350427350427350404e-01 2.808493589743589758e-01 4.629629629629629373e-03 1.041666666666666609e-02
0.000000000000000000e+00 2.398504273504273587e-01 2.795138888888888951e-01 4.273504273504273934e-03 1.041666666666666609e-02
0.000000000000000000e+00 2.454594017094016978e-01 2.803151709401709435e-01 5.876068376068376009e-03 1.469017094017094002e-02
0.000000000000000000e+00 1.861645299145299193e-01 3.250534188034188143e-01 1.050569800569800538e-02 6.944444444444444059e-03
0.000000000000000000e+00 1.990740740740740700e-01 3.229166666666666852e-01 9.971509971509971357e-03 7.478632478632478951e-03
0.000000000000000000e+00 2.129629629629629650e-01 3.189102564102563875e-01 8.903133903133903307e-03 6.944444444444444059e-03
0.000000000000000000e+00 2.261396011396011319e-01 3.163728632478632341e-01 8.903133903133903307e-03 6.677350427350427046e-03
0.000000000000000000e+00 2.411858974358974395e-01 3.242521367521367659e-01 5.163817663817663398e-03 1.388888888888888812e-02
0.000000000000000000e+00 2.467948717948718063e-01 3.207799145299145560e-01 4.629629629629629373e-03 8.547008547008547868e-03
0.000000000000000000e+00 2.508012820512820484e-01 3.203792735042735318e-01 4.095441595441595348e-03 7.211538461538461939e-03
0.000000000000000000e+00 2.537393162393162260e-01 2.769764957264957417e-01 4.629629629629629373e-03 1.228632478632478604e-02
0.000000000000000000e+00 2.589031339031339085e-01 2.753739316239316448e-01 3.917378917378917629e-03 1.175213675213675202e-02
0.000000000000000000e+00 2.554309116809116986e-01 3.189102564102563875e-01 4.095441595441595348e-03 6.944444444444444059e-03
0.000000000000000000e+00 3.092058404558404305e-01 2.557425213675213471e-01 4.095441595441595348e-03 1.041666666666666609e-02
0.000000000000000000e+00 3.201566951566951480e-01 2.545405982905982745e-01 4.985754985754985678e-03 1.228632478632478604e-02
0.000000000000000000e+00 4.030448717948718063e-01 1.973824786324786251e-01 4.451566951566951653e-03 1.014957264957264994e-02
0.000000000000000000e+00 4.257478632478632341e-01 1.924412393162393264e-01 5.341880341880341984e-03 1.148504273504273587e-02
0.000000000000000000e+00 4.310007122507122368e-01 1.908386752136752018e-01 5.163817663817663398e-03 1.201923076923076990e-02
0.000000000000000000e+00 4.832621082621082476e-01 1.935096153846153910e-01 4.273504273504273934e-03 1.201923076923076990e-02
0.000000000000000000e+00 4.926994301994301884e-01 1.915064102564102699e-01 5.698005698005698290e-03 2.029914529914529989e-02
0.000000000000000000e+00 4.976851851851851749e-01 1.903044871794871695e-01 5.341880341880341984e-03 1.415598290598290600e-02
0.000000000000000000e+00 5.074786324786324521e-01 1.888354700854700807e-01 4.273504273504273934e-03 1.175213675213675202e-02
0.000000000000000000e+00 5.736289173789174134e-01 2.406517094017094072e-01 9.081196581196581893e-03 6.410256410256410034e-03
0.000000000000000000e+00 6.794871794871795156e-01 2.678952991452991372e-01 7.122507122507122646e-03 6.410256410256410034e-03
0.000000000000000000e+00 7.222222222222222099e-01 2.942040598290598385e-01 5.698005698005698290e-03 1.522435897435897405e-02
0.000000000000000000e+00 7.938034188034187588e-01 2.960737179487179516e-01 8.903133903133903307e-03 6.677350427350427046e-03
0.000000000000000000e+00 8.334223646723646350e-01 1.733440170940170888e-01 9.081196581196581893e-03 7.478632478632478951e-03
0.000000000000000000e+00 9.493411680911680861e-01 2.895299145299145560e-01 7.300569800569800365e-03 1.709401709401709574e-02
0.000000000000000000e+00 9.498753561253561184e-01 3.234508547008547175e-01 6.588319088319088621e-03 1.549145299145299193e-02
0.000000000000000000e+00 9.481837606837606458e-01 2.053952991452991372e-01 3.917378917378917629e-03 1.282051282051282007e-02
0.000000000000000000e+00 9.941239316239316448e-01 2.254273504273504314e-01 6.054131054131053728e-03 1.175213675213675202e-02
0.000000000000000000e+00 9.481837606837606458e-01 2.350427350427350404e-01 4.629629629629629373e-03 1.335470085470085409e-02
0.000000000000000000e+00 9.492521367521367104e-01 2.548076923076922906e-01 4.985754985754985678e-03 1.655982905982905998e-02
0.000000000000000000e+00 1.121794871794871799e-02 3.480235042735042583e-01 1.068376068376068397e-02 6.944444444444444059e-03
0.000000000000000000e+00 4.042022792022791772e-02 3.398771367521367659e-01 8.190883190883190695e-03 5.608974358974358997e-03
0.000000000000000000e+00 5.039173789173789081e-02 3.386752136752136932e-01 9.971509971509971357e-03 6.410256410256410034e-03
0.000000000000000000e+00 8.012820512820513497e-02 3.485576923076922906e-01 5.341880341880341984e-03 1.175213675213675202e-02
0.000000000000000000e+00 9.553062678062677893e-02 3.465544871794871695e-01 5.876068376068376009e-03 1.308760683760683795e-02
0.000000000000000000e+00 9.935897435897435293e-02 3.449519230769230727e-01 4.985754985754985678e-03 1.148504273504273587e-02
0.000000000000000000e+00 9.036680911680911032e-02 4.594017094017093794e-01 7.300569800569800365e-03 6.410256410256410034e-03
0.000000000000000000e+00 9.259259259259258745e-02 4.659455128205128305e-01 8.903133903133903307e-03 6.677350427350427046e-03
0.000000000000000000e+00 9.188034188034188698e-02 4.788995726495726690e-01 1.103988603988603941e-02 9.081196581196581893e-03
0.000000000000000000e+00 9.437321937321936638e-02 4.935897435897436125e-01 1.175213675213675202e-02 7.478632478632478951e-03
0.000000000000000000e+00 1.382656695156695148e-01 3.374732905982906206e-01 8.368945868945869282e-03 5.608974358974358997e-03
0.000000000000000000e+00 2.249821937321937193e-01 4.981303418803418870e-01 9.793447293447292770e-03 7.478632478632478951e-03
0.000000000000000000e+00 2.148326210826210780e-01 5.008012820512820484e-01 9.437321937321937332e-03 6.410256410256410034e-03
0.000000000000000000e+00 1.530448717948718063e-01 5.001335470085470636e-01 7.656695156695156670e-03 6.677350427350427046e-03
0.000000000000000000e+00 1.626602564102564152e-01 4.981303418803418870e-01 9.793447293447292770e-03 7.478632478632478951e-03
0.000000000000000000e+00 1.882122507122507005e-01 4.921207264957264682e-01 8.903133903133903307e-03 7.211538461538461939e-03
0.000000000000000000e+00 2.009437321937321830e-01 4.877136752136752018e-01 8.725071225071224720e-03 6.410256410256410034e-03
0.000000000000000000e+00 2.229344729344729381e-01 4.819711538461538547e-01 6.766381766381766340e-03 6.143162393162393022e-03
0.000000000000000000e+00 2.809829059829059839e-01 4.839743589743589758e-01 1.068376068376068397e-02 8.012820512820512109e-03
0.000000000000000000e+00 3.498931623931623713e-01 4.930555555555555802e-01 7.478632478632478951e-03 6.410256410256410034e-03
0.000000000000000000e+00 3.514066951566951480e-01 5.004006410256410797e-01 8.725071225071224720e-03 8.279914529914529989e-03
0.000000000000000000e+00 5.915242165242164951e-01 4.376335470085470081e-01 5.341880341880341984e-03 1.255341880341880392e-02
0.000000000000000000e+00 5.947293447293446889e-01 4.549946581196581130e-01 4.985754985754985678e-03 1.201923076923076990e-02
0.000000000000000000e+00 5.959757834757835049e-01 4.694177350427350404e-01 4.629629629629629373e-03 1.095085470085470011e-02
0.000000000000000000e+00 6.120904558404558493e-01 4.618055555555555802e-01 7.656695156695156670e-03 5.876068376068376009e-03
0.000000000000000000e+00 6.112001424501424252e-01 4.477831196581196771e-01 8.725071225071224720e-03 6.677350427350427046e-03
0.000000000000000000e+00 6.104878917378917524e-01 4.403044871794871695e-01 8.012820512820512109e-03 6.677350427350427046e-03
0.000000000000000000e+00 6.097756410256410797e-01 4.328258547008547175e-01 7.656695156695156670e-03 5.608974358974358997e-03
0.000000000000000000e+00 6.084401709401708880e-01 4.256143162393162260e-01 8.547008547008547868e-03 6.143162393162393022e-03
0.000000000000000000e+00 7.022792022792022637e-01 4.379006410256410242e-01 5.341880341880341984e-03 1.415598290598290600e-02
0.000000000000000000e+00 6.810897435897436125e-01 3.778044871794871695e-01 4.985754985754985678e-03 8.279914529914529989e-03
0.000000000000000000e+00 7.240918803418803229e-01 3.436164529914529919e-01 1.086182336182336255e-02 9.882478632478632063e-03
0.000000000000000000e+00 7.125178062678062529e-01 3.410790598290598385e-01 8.368945868945869282e-03 6.410256410256410034e-03
0.000000000000000000e+00 7.922898860398860377e-01 3.613782051282051211e-01 1.014957264957264994e-02 9.615384615384615918e-03
0.000000000000000000e+00 8.351139601139601076e-01 3.683226495726495964e-01 9.971509971509971357e-03 6.944444444444444059e-03
0.000000000000000000e+00 8.236289173789174134e-01 3.787393162393162260e-01 4.451566951566951653e-03 1.335470085470085409e-02
0.000000000000000000e+00 8.236289173789174134e-01 3.955662393162392987e-01 4.807692307692307959e-03 1.495726495726495790e-02
0.000000000000000000e+00 9.488960113960114295e-01 3.518963675213675479e-01 5.341880341880341984e-03 1.629273504273504383e-02
0.000000000000000000e+00 9.741809116809116986e-01 3.747329059829059839e-01 9.971509971509971357e-03 6.944444444444444059e-03
0.000000000000000000e+00 9.058938746438746081e-01 3.715277777777777901e-01 7.656695156695156670e-03 8.012820512820512109e-03
0.000000000000000000e+00 8.948539886039885705e-01 3.700587606837607013e-01 1.014957264957264994e-02 8.279914529914529989e-03
0.000000000000000000e+00 9.966168091168091658e-01 3.772702991452991372e-01 6.766381766381766340e-03 5.608974358974358997e-03
0.000000000000000000e+00 5.146011396011396233e-02 5.256410256410256610e-01 9.259259259259258745e-03 6.410256410256410034e-03
0.000000000000000000e+00 6.107549857549857825e-02 5.231036324786324521e-01 6.766381766381766340e-03 6.143162393162393022e-03
0.000000000000000000e+00 6.962250712250711571e-02 5.205662393162393542e-01 6.766381766381766340e-03 5.876068376068376009e-03
0.000000000000000000e+00 8.466880341880342331e-02 5.172275641025640969e-01 8.012820512820512109e-03 7.211538461538461939e-03
0.000000000000000000e+00 9.357193732193731794e-02 5.146901709401708880e-01 7.656695156695156670e-03 6.410256410256410034e-03
0.000000000000000000e+00 1.247329059829059839e-01 5.072115384615384359e-01 6.588319088319088621e-03 5.341880341880341984e-03
0.000000000000000000e+00 1.157407407407407413e-01 5.243055555555555802e-01 7.834757834757835257e-03 6.944444444444444059e-03
0.000000000000000000e+00 9.891381766381766860e-02 5.283119658119658224e-01 8.725071225071224720e-03 7.478632478632478951e-03
0.000000000000000000e+00 8.867521367521367937e-02 5.312500000000000000e-01 9.259259259259258745e-03 6.944444444444444059e-03
0.000000000000000000e+00 7.380698005698005382e-02 5.348557692307692735e-01 6.588319088319088621e-03 5.608974358974358997e-03
0.000000000000000000e+00 5.306267806267806614e-02 5.399305555555555802e-01 8.190883190883190695e-03 6.677350427350427046e-03
0.000000000000000000e+00 6.392450142450142869e-02 5.368589743589743390e-01 1.032763532763532680e-02 6.944444444444444059e-03
0.000000000000000000e+00 4.549501424501424529e-02 5.416666666666666297e-01 6.232193732193732315e-03 5.876068376068376009e-03
0.000000000000000000e+00 3.632478632478632757e-02 5.442040598290598385e-01 1.032763532763532680e-02 6.677350427350427046e-03
0.000000000000000000e+00 2.555199430199430258e-02 5.474091880341880323e-01 8.012820512820512109e-03 6.677350427350427046e-03
0.000000000000000000e+00 1.540242165242165263e-02 5.510149572649573058e-01 1.121794871794871799e-02 8.012820512820512109e-03
0.000000000000000000e+00 9.793447293447292770e-03 5.347222222222222099e-01 6.766381766381766340e-03 7.478632478632478951e-03
0.000000000000000000e+00 2.759971509971509852e-03 5.367254273504273865e-01 4.807692307692307959e-03 6.677350427350427046e-03
0.000000000000000000e+00 1.785078347578347713e-01 5.093482905982905651e-01 8.725071225071224720e-03 6.410256410256410034e-03
0.000000000000000000e+00 3.252314814814814548e-01 6.359508547008546619e-01 5.519943019943019703e-03 1.121794871794871799e-02
0.000000000000000000e+00 3.284366096866097040e-01 6.623931623931623713e-01 5.876068376068376009e-03 1.228632478632478604e-02
0.000000000000000000e+00 3.520299145299145560e-01 5.082799145299145005e-01 9.615384615384615918e-03 6.410256410256410034e-03
0.000000000000000000e+00 3.537215099715099731e-01 5.252403846153845812e-01 9.081196581196581893e-03 6.143162393162393022e-03
0.000000000000000000e+00 3.566595441595441507e-01 5.551549145299145005e-01 8.190883190883190695e-03 7.211538461538461939e-03
0.000000000000000000e+00 3.596866096866097040e-01 5.713141025641025328e-01 8.903133903133903307e-03 5.876068376068376009e-03
0.000000000000000000e+00 3.613782051282051211e-01 5.840010683760683552e-01 9.081196581196581893e-03 6.677350427350427046e-03
0.000000000000000000e+00 3.633368945868946098e-01 5.940170940170940161e-01 8.368945868945869282e-03 5.876068376068376009e-03
0.000000000000000000e+00 3.648504273504273310e-01 6.005608974358974672e-01 7.478632478632478951e-03 7.211538461538461939e-03
0.000000000000000000e+00 3.657407407407407551e-01 6.240651709401708880e-01 7.478632478632478951e-03 7.211538461538461939e-03
0.000000000000000000e+00 3.690349002849002691e-01 6.395566239316239354e-01 6.944444444444444059e-03 5.608974358974358997e-03
0.000000000000000000e+00 3.690349002849002691e-01 6.469017094017094349e-01 8.725071225071224720e-03 5.876068376068376009e-03
0.000000000000000000e+00 3.782051282051281937e-01 6.551816239316239354e-01 4.985754985754985678e-03 1.282051282051282007e-02
0.000000000000000000e+00 3.829237891737891641e-01 6.525106837606837740e-01 5.163817663817663398e-03 1.282051282051282007e-02
0.000000000000000000e+00 3.873753561253561184e-01 6.507745726495726135e-01 6.232193732193732315e-03 1.308760683760683795e-02
0.000000000000000000e+00 4.021545584045583821e-01 6.470352564102563875e-01 5.876068376068376009e-03 1.469017094017094002e-02
0.000000000000000000e+00 3.968126780626780592e-01 6.473023504273504036e-01 5.163817663817663398e-03 1.148504273504273587e-02
0.000000000000000000e+00 3.920049857549857686e-01 6.497061965811965489e-01 3.739316239316239476e-03 9.348290598290598039e-03
0.000000000000000000e+00 4.416844729344729381e-01 6.370192307692307265e-01 4.807692307692307959e-03 5.341880341880341984e-03
0.000000000000000000e+00 4.875356125356125614e-01 6.579861111111111605e-01 8.190883190883190695e-03 7.211538461538461939e-03
0.000000000000000000e+00 4.884259259259259300e-01 6.658653846153845812e-01 8.903133903133903307e-03 5.876068376068376009e-03
0.000000000000000000e+00 5.402421652421652842e-01 5.174946581196581130e-01 3.917378917378917629e-03 9.882478632478632063e-03
0.000000000000000000e+00 5.447827635327635587e-01 5.174946581196581130e-01 5.519943019943019703e-03 1.201923076923076990e-02
0.000000000000000000e+00 5.496794871794872250e-01 5.168269230769231282e-01 5.341880341880341984e-03 1.175213675213675202e-02
0.000000000000000000e+00 5.551994301994301884e-01 5.156250000000000000e-01 4.273504273504273934e-03 8.279914529914529989e-03
0.000000000000000000e+00 5.614316239316239354e-01 5.287126068376067911e-01 3.917378917378917629e-03 1.201923076923076990e-02
0.000000000000000000e+00 5.760327635327635587e-01 5.078792735042735318e-01 4.629629629629629373e-03 1.201923076923076990e-02
0.000000000000000000e+00 5.473646723646723444e-01 5.315170940170940161e-01 6.054131054131053728e-03 1.388888888888888812e-02
0.000000000000000000e+00 5.425569800569800538e-01 5.347222222222222099e-01 4.273504273504273934e-03 9.615384615384615918e-03
0.000000000000000000e+00 5.458511396011396233e-01 5.604967948717948234e-01 4.095441595441595348e-03 8.814102564102564014e-03
0.000000000000000000e+00 5.509259259259259300e-01 5.618322649572649041e-01 4.985754985754985678e-03 1.255341880341880392e-02
0.000000000000000000e+00 5.558226495726495964e-01 5.614316239316239354e-01 5.163817663817663398e-03 1.549145299145299193e-02
0.000000000000000000e+00 5.616096866096865758e-01 5.620993589743589203e-01 5.341880341880341984e-03 1.255341880341880392e-02
0.000000000000000000e+00 5.518162393162393542e-01 5.731837606837606458e-01 7.122507122507122646e-03 6.410256410256410034e-03
0.000000000000000000e+00 6.368411680911680861e-01 6.529113247863247427e-01 8.725071225071224720e-03 7.211538461538461939e-03
0.000000000000000000e+00 6.371972934472934780e-01 6.606570512820513219e-01 9.081196581196581893e-03 6.677350427350427046e-03
0.000000000000000000e+00 6.380876068376067911e-01 6.681356837606837740e-01 7.300569800569800365e-03 6.143162393162393022e-03
0.000000000000000000e+00 1.691595441595441715e-02 8.108974358974359031e-01 8.547008547008547868e-03 1.175213675213675202e-02
0.000000000000000000e+00 9.170227920227919452e-03 7.990117521367521292e-01 8.012820512820512109e-03 1.201923076923076990e-02
0.000000000000000000e+00 2.467948717948718063e-01 7.211538461538461453e-01 1.139601139601139658e-02 1.014957264957264994e-02
0.000000000000000000e+00 3.296830484330484090e-01 6.793536324786324521e-01 5.163817663817663398e-03 1.308760683760683795e-02
0.000000000000000000e+00 3.420584045584045829e-01 8.023504273504273865e-01 6.054131054131053728e-03 1.495726495726495790e-02
0.000000000000000000e+00 3.367165242165242045e-01 7.576121794871795156e-01 4.273504273504273934e-03 1.041666666666666609e-02
0.000000000000000000e+00 3.636930199430199462e-01 6.891025641025640969e-01 4.451566951566951653e-03 1.175213675213675202e-02
0.000000000000000000e+00 3.728632478632478708e-01 6.845619658119658224e-01 5.341880341880341984e-03 1.121794871794871799e-02
0.000000000000000000e+00 3.779380341880341776e-01 6.854967948717948234e-01 4.095441595441595348e-03 1.041666666666666609e-02
0.000000000000000000e+00 4.173789173789173579e-01 6.784188034188034511e-01 8.547008547008547868e-03 1.014957264957264994e-02
0.000000000000000000e+00 4.177350427350427498e-01 6.876335470085470636e-01 5.698005698005698290e-03 7.211538461538461939e-03
0.000000000000000000e+00 4.204059829059829112e-01 7.007211538461538547e-01 7.478632478632478951e-03 9.882478632478632063e-03
0.000000000000000000e+00 4.239672364672364413e-01 7.120726495726495964e-01 1.032763532763532680e-02 1.175213675213675202e-02
0.000000000000000000e+00 4.118589743589743390e-01 7.483974358974359031e-01 1.068376068376068397e-02 9.615384615384615918e-03
0.000000000000000000e+00 4.305555555555555802e-01 7.381143162393162260e-01 6.410256410256410034e-03 1.362179487179487197e-02
0.000000000000000000e+00 4.351851851851851749e-01 7.366452991452991927e-01 6.054131054131053728e-03 1.282051282051282007e-02
0.000000000000000000e+00 4.429309116809116986e-01 7.477297008547008073e-01 5.519943019943019703e-03 1.255341880341880392e-02
0.000000000000000000e+00 4.419515669515669543e-01 7.781784188034187588e-01 7.122507122507122646e-03 1.362179487179487197e-02
0.000000000000000000e+00 4.331374643874643660e-01 7.805822649572649041e-01 6.588319088319088621e-03 1.469017094017094002e-02
0.000000000000000000e+00 4.159544159544159569e-01 7.797809829059828557e-01 8.903133903133903307e-03 8.279914529914529989e-03
0.000000000000000000e+00 5.018696581196581130e-01 7.187500000000000000e-01 4.451566951566951653e-03 1.068376068376068397e-02
0.000000000000000000e+00 4.288639601139601076e-01 7.548076923076922906e-01 5.519943019943019703e-03 1.282051282051282007e-02
0.000000000000000000e+00 4.332264957264957417e-01 7.514690170940171443e-01 5.698005698005698290e-03 1.308760683760683795e-02
0.000000000000000000e+00 4.383012820512820484e-01 7.500000000000000000e-01 5.876068376068376009e-03 1.282051282051282007e-02
0.000000000000000000e+00 4.902955840455840431e-01 6.737446581196581130e-01 8.368945868945869282e-03 7.211538461538461939e-03
0.000000000000000000e+00 4.183582621082621023e-01 7.896634615384615641e-01 9.081196581196581893e-03 7.745726495726495964e-03
0.000000000000000000e+00 4.205840455840456071e-01 8.008814102564102422e-01 8.903133903133903307e-03 8.279914529914529989e-03
0.000000000000000000e+00 4.211182336182336394e-01 8.091613247863247427e-01 8.547008547008547868e-03 7.211538461538461939e-03
0.000000000000000000e+00 4.250356125356125614e-01 8.298611111111111605e-01 8.903133903133903307e-03 6.944444444444444059e-03
0.000000000000000000e+00 4.984864672364672233e-01 8.321314102564102422e-01 9.081196581196581893e-03 5.074786324786324972e-03
0.000000000000000000e+00 5.073896011396011874e-01 7.183493589743589203e-01 4.807692307692307959e-03 1.255341880341880392e-02
0.000000000000000000e+00 5.194088319088319139e-01 8.345352564102563875e-01 7.834757834757835257e-03 6.677350427350427046e-03
0.000000000000000000e+00 5.164707977207977363e-01 8.122329059829059839e-01 8.725071225071224720e-03 7.478632478632478951e-03
0.000000000000000000e+00 5.162927350427350959e-01 8.044871794871795156e-01 1.014957264957264994e-02 6.944444444444444059e-03
0.000000000000000000e+00 5.149572649572649041e-01 7.964743589743589203e-01 8.547008547008547868e-03 6.410256410256410034e-03
0.000000000000000000e+00 5.146011396011396233e-01 7.888621794871795156e-01 8.547008547008547868e-03 6.677350427350427046e-03
0.000000000000000000e+00 5.131766381766381668e-01 7.815170940170940161e-01 7.122507122507122646e-03 5.876068376068376009e-03
0.000000000000000000e+00 6.209045584045583821e-01 6.712072649572649041e-01 6.054131054131053728e-03 1.442307692307692388e-02
0.000000000000000000e+00 6.231303418803418870e-01 6.862980769230768718e-01 4.095441595441595348e-03 1.041666666666666609e-02
0.000000000000000000e+00 5.655270655270655533e-01 7.136752136752136932e-01 3.561253561253561323e-03 1.068376068376068397e-02
0.000000000000000000e+00 5.701566951566952035e-01 7.138087606837606458e-01 4.273504273504273934e-03 1.148504273504273587e-02
0.000000000000000000e+00 5.855591168091167642e-01 7.088675213675214026e-01 5.163817663817663398e-03 1.335470085470085409e-02
0.000000000000000000e+00 5.904558404558404305e-01 7.071314102564102422e-01 5.341880341880341984e-03 1.308760683760683795e-02
0.000000000000000000e+00 5.571581196581196771e-01 7.673611111111111605e-01 6.054131054131053728e-03 9.615384615384615918e-03
0.000000000000000000e+00 6.395121082621082476e-01 6.760149572649573058e-01 8.012820512820512109e-03 7.478632478632478951e-03
0.000000000000000000e+00 6.413817663817663606e-01 6.889690170940171443e-01 7.834757834757835257e-03 6.677350427350427046e-03
0.000000000000000000e+00 6.363069800569800538e-01 7.291666666666666297e-01 4.095441595441595348e-03 1.014957264957264994e-02
0.000000000000000000e+00 6.383547008547008073e-01 7.467948717948718063e-01 4.273504273504273934e-03 1.121794871794871799e-02
0.000000000000000000e+00 6.400462962962962798e-01 7.613514957264957417e-01 4.807692307692307959e-03 1.201923076923076990e-02
0.000000000000000000e+00 7.495548433048433434e-01 8.038194444444444198e-01 9.437321937321937332e-03 1.629273504273504383e-02
0.000000000000000000e+00 7.348646723646723444e-01 7.498664529914529364e-01 4.985754985754985678e-03 9.882478632478632063e-03
0.000000000000000000e+00 7.596153846153845812e-01 7.723023504273504036e-01 1.210826210826210746e-02 1.201923076923076990e-02
0.000000000000000000e+00 9.499643874643874664e-02 8.648504273504273865e-01 1.050569800569800538e-02 6.944444444444444059e-03
0.000000000000000000e+00 4.184472934472934641e-02 9.015758547008546619e-01 9.615384615384615918e-03 1.629273504273504383e-02
0.000000000000000000e+00 5.137108262108262130e-02 9.220085470085470636e-01 8.368945868945869282e-03 1.335470085470085409e-02
0.000000000000000000e+00 8.707264957264956862e-02 9.918536324786324521e-01 7.122507122507122646e-03 1.308760683760683795e-02
0.000000000000000000e+00 1.444088319088319139e-01 9.926549145299145005e-01 1.317663817663817724e-02 1.148504273504273587e-02
0.000000000000000000e+00 1.572293447293447166e-01 9.937232905982905651e-01 8.190883190883190695e-03 7.211538461538461939e-03
0.000000000000000000e+00 2.874821937321937471e-01 8.633814102564102422e-01 5.876068376068376009e-03 1.949786324786324798e-02
0.000000000000000000e+00 2.945156695156695426e-01 8.954326923076922906e-01 4.629629629629629373e-03 1.041666666666666609e-02
0.000000000000000000e+00 2.950498575498575748e-01 9.340277777777777901e-01 4.629629629629629373e-03 1.282051282051282007e-02
0.000000000000000000e+00 3.534544159544159569e-01 9.233440170940171443e-01 4.629629629629629373e-03 1.175213675213675202e-02
0.000000000000000000e+00 3.566595441595441507e-01 9.640758547008546619e-01 7.122507122507122646e-03 1.575854700854700807e-02
0.000000000000000000e+00 3.964565527065527228e-01 9.313568376068376287e-01 9.793447293447292770e-03 8.012820512820512109e-03
0.000000000000000000e+00 4.357193732193732072e-01 9.161324786324785974e-01 9.615384615384615918e-03 8.547008547008547868e-03
0.000000000000000000e+00 4.549501424501424252e-01 8.990384615384615641e-01 9.259259259259258745e-03 7.478632478632478951e-03
0.000000000000000000e+00 4.688390313390313202e-01 8.931623931623932089e-01 7.834757834757835257e-03 5.876068376068376009e-03
0.000000000000000000e+00 4.972400284900284628e-01 8.815438034188034511e-01 8.725071225071224720e-03 7.745726495726495964e-03
0.000000000000000000e+00 4.265491452991452825e-01 8.382745726495726135e-01 9.437321937321937332e-03 8.814102564102564014e-03
0.000000000000000000e+00 4.990206552706552556e-01 8.382745726495726135e-01 8.012820512820512109e-03 5.608974358974358997e-03
0.000000000000000000e+00 5.047186609686609149e-01 9.925213675213675479e-01 7.656695156695156670e-03 8.012820512820512109e-03
0.000000000000000000e+00 5.199430199430199462e-01 8.514957264957264682e-01 9.615384615384615918e-03 7.478632478632478951e-03
0.000000000000000000e+00 5.203881766381766028e-01 8.422809829059828557e-01 8.725071225071224720e-03 7.745726495726495964e-03
0.000000000000000000e+00 5.017806267806267373e-01 8.466880341880341776e-01 9.971509971509971357e-03 9.081196581196581893e-03
0.000000000000000000e+00 5.707799145299145005e-01 8.537660256410256610e-01 7.656695156695156670e-03 8.279914529914529989e-03
0.000000000000000000e+00 6.209045584045583821e-01 9.194711538461538547e-01 8.903133903133903307e-03 7.211538461538461939e-03
0.000000000000000000e+00 6.032763532763533165e-01 9.237446581196581130e-01 9.259259259259258745e-03 6.677350427350427046e-03
0.000000000000000000e+00 5.900997150997151497e-01 9.278846153846154188e-01 9.259259259259258745e-03 7.478632478632478951e-03
0.000000000000000000e+00 5.762998575498575748e-01 9.511217948717948234e-01 7.656695156695156670e-03 7.478632478632478951e-03
0.000000000000000000e+00 5.507478632478632896e-01 9.527243589743589203e-01 0.000000000000000000e+00 0.000000000000000000e+00
0.000000000000000000e+00 5.545762108262107803e-01 9.583333333333333703e-01 8.368945868945869282e-03 8.547008547008547868e-03
0.000000000000000000e+00 6.449430199430199462e-01 8.426816239316239354e-01 8.903133903133903307e-03 6.410256410256410034e-03
0.000000000000000000e+00 6.477029914529914834e-01 8.784722222222222099e-01 8.725071225071224720e-03 7.478632478632478951e-03
0.000000000000000000e+00 6.721866096866097040e-01 9.628739316239316448e-01 9.259259259259258745e-03 9.615384615384615918e-03
0.000000000000000000e+00 6.681801994301994618e-01 9.431089743589743390e-01 8.368945868945869282e-03 6.944444444444444059e-03
0.000000000000000000e+00 7.726139601139601076e-01 8.569711538461538547e-01 7.478632478632478951e-03 1.201923076923076990e-02
0.000000000000000000e+00 8.012820512820513219e-01 9.177350427350426942e-01 8.547008547008547868e-03 1.442307692307692388e-02
0.000000000000000000e+00 8.180199430199430743e-01 9.917200854700854995e-01 8.547008547008547868e-03 1.442307692307692388e-02
