0.000000000000000000e+00 1.433404558404558458e-02 2.924679487179487197e-02 6.944444444444444059e-03 5.608974358974358997e-03
0.000000000000000000e+00 5.430911680911681277e-03 2.844551282051282007e-02 8.725071225071224720e-03 5.608974358974358997e-03
0.000000000000000000e+00 1.210826210826210746e-02 1.161858974358974395e-02 6.766381766381766340e-03 6.143162393162393022e-03
0.000000000000000000e+00 4.683048433048433296e-02 3.084935897435897578e-02 7.834757834757835257e-03 6.677350427350427046e-03
0.000000000000000000e+00 7.238247863247863900e-02 5.715811965811965628e-02 9.081196581196581893e-03 6.410256410256410034e-03
0.000000000000000000e+00 1.146723646723646767e-01 8.733974358974358476e-02 4.629629629629629373e-03 1.068376068376068397e-02
0.000000000000000000e+00 1.256232193732193803e-01 8.653846153846153633e-02 4.095441595441595348e-03 1.228632478632478604e-02
0.000000000000000000e+00 1.147613960113960108e-01 1.302083333333333426e-01 4.095441595441595348e-03 8.279914529914529989e-03
0.000000000000000000e+00 1.276709401709401615e-01 1.260683760683760646e-01 3.561253561253561323e-03 1.228632478632478604e-02
0.000000000000000000e+00 1.284722222222222099e-01 1.639957264957264960e-01 4.095441595441595348e-03 1.228632478632478604e-02
0.000000000000000000e+00 1.930199430199430188e-01 3.111645299145299193e-02 7.478632478632478951e-03 1.041666666666666609e-02
0.000000000000000000e+00 2.350427350427350404e-01 2.163461538461538408e-02 6.054131054131053728e-03 1.014957264957264994e-02
0.000000000000000000e+00 2.682514245014245291e-01 1.200587606837606874e-01 6.944444444444444059e-03 1.095085470085470011e-02
0.000000000000000000e+00 2.875712250712250673e-01 7.345085470085470358e-02 7.834757834757835257e-03 1.014957264957264994e-02
0.000000000000000000e+00 3.102742165242165506e-01 6.957799145299145560e-02 6.588319088319088621e-03 1.041666666666666609e-02
0.000000000000000000e+00 3.345797720797720753e-01 4.607371794871795156e-02 5.698005698005698290e-03 1.041666666666666609e-02
0.000000000000000000e+00 9.143518518518518878e-02 1.911057692307692180e-01 8.725071225071224720e-03 7.211538461538461939e-03
0.000000000000000000e+00 1.024750712250712265e-01 1.912393162393162260e-01 8.012820512820512109e-03 5.876068376068376009e-03
0.000000000000000000e+00 1.008725071225071157e-01 1.975160256410256332e-01 7.300569800569800365e-03 6.143162393162393022e-03
0.000000000000000000e+00 1.160078347578347574e-01 2.055288461538461453e-01 4.451566951566951653e-03 1.095085470085470011e-02
0.000000000000000000e+00 1.164529914529914556e-01 2.206196581196581130e-01 4.273504273504273934e-03 1.228632478632478604e-02
0.000000000000000000e+00 1.177884615384615363e-01 2.568108974358974117e-01 4.451566951566951653e-03 1.308760683760683795e-02
0.000000000000000000e+00 1.188568376068376009e-01 2.757745726495726690e-01 4.807692307692307959e-03 1.201923076923076990e-02
0.000000000000000000e+00 3.507834757834758094e-02 2.995459401709401615e-01 4.985754985754985678e-03 1.255341880341880392e-02
0.000000000000000000e+00 4.086538461538461592e-02 3.008814102564102422e-01 3.383190883190883170e-03 1.255341880341880392e-02
0.000000000000000000e+00 1.445868945868945821e-01 2.195512820512820484e-01 8.547008547008547868e-03 5.341880341880341984e-03
0.000000000000000000e+00 1.571403133903133964e-01 2.255608974358974395e-01 7.300569800569800365e-03 6.143162393162393022e-03
0.000000000000000000e+00 2.659366096866097040e-01 2.982104700854700807e-01 9.793447293447292770e-03 1.308760683760683795e-02
0.000000000000000000e+00 2.691417378917378977e-01 2.889957264957264682e-01 7.656695156695156670e-03 8.547008547008547868e-03
0.000000000000000000e+00 2.954059829059829112e-01 2.003205128205128305e-01 5.341880341880341984e-03 9.615384615384615918e-03
0.000000000000000000e+00 6.331908831908832358e-01 2.032585470085470081e-01 8.903133903133903307e-03 8.012820512820512109e-03
0.000000000000000000e+00 7.571225071225071712e-01 3.241185897435897578e-01 5.698005698005698290e-03 9.882478632478632063e-03
0.000000000000000000e+00 7.892628205128204844e-01 2.039262820512820484e-01 9.793447293447292770e-03 7.211538461538461939e-03
0.000000000000000000e+00 7.963853276353276556e-01 2.075320512820512941e-01 6.944444444444444059e-03 6.410256410256410034e-03
0.000000000000000000e+00 7.897079772079772519e-01 2.128739316239316171e-01 7.834757834757835257e-03 5.876068376068376009e-03
0.000000000000000000e+00 8.417022792022792466e-01 2.231570512820512941e-01 4.985754985754985678e-03 1.041666666666666609e-02
0.000000000000000000e+00 1.230413105413105390e-01 3.400106837606837740e-01 4.985754985754985678e-03 1.335470085470085409e-02
0.000000000000000000e+00 5.858262108262108497e-02 3.444177350427350404e-01 4.273504273504273934e-03 1.148504273504273587e-02
0.000000000000000000e+00 3.636039886039886260e-01 4.475160256410256610e-01 6.410256410256410034e-03 6.677350427350427046e-03
0.000000000000000000e+00 2.897970085470085722e-01 4.146634615384615641e-01 5.519943019943019703e-03 1.095085470085470011e-02
0.000000000000000000e+00 2.935363247863247982e-01 4.290865384615384359e-01 5.519943019943019703e-03 1.148504273504273587e-02
0.000000000000000000e+00 4.152421652421652287e-01 4.722222222222222099e-01 5.341880341880341984e-03 1.068376068376068397e-02
0.000000000000000000e+00 7.475961538461538547e-01 4.799679487179487336e-01 5.163817663817663398e-03 1.228632478632478604e-02
0.000000000000000000e+00 6.681801994301994618e-01 4.508547008547008628e-01 6.232193732193732315e-03 1.068376068376068397e-02
0.000000000000000000e+00 6.650641025641025328e-01 4.544604700854700807e-01 5.698005698005698290e-03 8.814102564102564014e-03
0.000000000000000000e+00 6.552706552706553111e-01 4.643429487179487336e-01 4.985754985754985678e-03 9.882478632478632063e-03
0.000000000000000000e+00 7.704772079772079785e-01 3.783386752136752018e-01 6.766381766381766340e-03 1.148504273504273587e-02
0.000000000000000000e+00 7.737713675213675479e-01 3.828792735042735318e-01 6.232193732193732315e-03 9.882478632478632063e-03
0.000000000000000000e+00 7.723468660968660915e-01 4.122596153846153633e-01 7.656695156695156670e-03 7.211538461538461939e-03
0.000000000000000000e+00 7.635327635327635587e-01 4.193376068376068466e-01 4.629629629629629373e-03 9.081196581196581893e-03
0.000000000000000000e+00 7.693198005698005382e-01 4.293536324786324521e-01 8.012820512820512109e-03 7.745726495726495964e-03
0.000000000000000000e+00 7.599715099715099731e-01 4.353632478632478708e-01 4.985754985754985678e-03 1.068376068376068397e-02
0.000000000000000000e+00 7.565883190883191389e-01 4.483173076923077094e-01 5.341880341880341984e-03 1.148504273504273587e-02
0.000000000000000000e+00 7.548967236467236663e-01 4.821047008547008628e-01 7.300569800569800365e-03 8.012820512820512109e-03
0.000000000000000000e+00 7.532941595441595695e-01 4.894497863247863068e-01 8.012820512820512109e-03 8.814102564102564014e-03
0.000000000000000000e+00 9.047364672364672789e-01 4.914529914529914278e-01 4.985754985754985678e-03 8.547008547008547868e-03
0.000000000000000000e+00 9.389245014245014564e-01 4.273504273504273310e-01 8.190883190883190695e-03 1.175213675213675202e-02
0.000000000000000000e+00 9.265491452991453381e-01 4.499198717948718063e-01 6.232193732193732315e-03 1.041666666666666609e-02
0.000000000000000000e+00 9.160434472934473327e-01 4.695512820512820484e-01 5.519943019943019703e-03 9.615384615384615918e-03
0.000000000000000000e+00 9.116809116809116986e-01 4.794337606837607013e-01 5.341880341880341984e-03 8.547008547008547868e-03
0.000000000000000000e+00 9.184472934472934780e-01 4.955929487179487336e-01 5.698005698005698290e-03 9.348290598290598039e-03
0.000000000000000000e+00 9.628739316239316448e-01 4.395032051282051211e-01 5.163817663817663398e-03 9.348290598290598039e-03
0.000000000000000000e+00 9.750712250712251228e-01 4.620726495726495964e-01 4.985754985754985678e-03 1.068376068376068397e-02
0.000000000000000000e+00 9.781873219373219408e-01 4.760950854700854440e-01 4.807692307692307959e-03 1.148504273504273587e-02
0.000000000000000000e+00 6.223290598290598385e-02 5.610309829059828557e-01 7.656695156695156670e-03 6.143162393162393022e-03
0.000000000000000000e+00 8.324430199430199462e-02 6.597222222222222099e-01 7.656695156695156670e-03 9.081196581196581893e-03
0.000000000000000000e+00 8.671652421652421838e-02 6.649305555555555802e-01 6.054131054131053728e-03 1.095085470085470011e-02
0.000000000000000000e+00 2.101139601139601076e-01 5.901442307692307265e-01 6.054131054131053728e-03 7.211538461538461939e-03
0.000000000000000000e+00 2.214209401709401615e-01 5.949519230769231282e-01 6.232193732193732315e-03 6.143162393162393022e-03
0.000000000000000000e+00 2.329950142450142314e-01 6.000267094017094349e-01 1.086182336182336255e-02 9.348290598290598039e-03
0.000000000000000000e+00 2.264957264957264960e-01 5.239049145299145005e-01 4.985754985754985678e-03 1.255341880341880392e-02
0.000000000000000000e+00 2.512464387464387605e-01 6.085737179487179516e-01 7.478632478632478951e-03 7.745726495726495964e-03
0.000000000000000000e+00 2.602386039886039892e-01 6.133814102564102422e-01 7.656695156695156670e-03 7.211538461538461939e-03
0.000000000000000000e+00 2.980769230769230727e-01 5.603632478632478708e-01 4.629629629629629373e-03 1.175213675213675202e-02
0.000000000000000000e+00 3.262998575498575748e-01 5.730502136752136932e-01 5.876068376068376009e-03 1.148504273504273587e-02
0.000000000000000000e+00 3.282585470085470081e-01 5.980235042735042583e-01 8.012820512820512109e-03 8.547008547008547868e-03
0.000000000000000000e+00 3.139245014245014009e-01 6.343482905982905651e-01 8.903133903133903307e-03 9.615384615384615918e-03
0.000000000000000000e+00 3.013710826210826421e-01 6.364850427350426942e-01 6.588319088319088621e-03 6.944444444444444059e-03
0.000000000000000000e+00 3.977029914529914278e-01 6.566506410256410797e-01 6.944444444444444059e-03 5.608974358974358997e-03
0.000000000000000000e+00 4.339387464387464144e-01 6.041666666666666297e-01 4.629629629629629373e-03 1.014957264957264994e-02
0.000000000000000000e+00 4.526353276353276556e-01 6.626602564102563875e-01 4.985754985754985678e-03 1.282051282051282007e-02
0.000000000000000000e+00 4.915420227920228036e-01 6.225961538461538547e-01 7.656695156695156670e-03 9.081196581196581893e-03
0.000000000000000000e+00 4.980413105413105668e-01 6.149839743589743390e-01 6.054131054131053728e-03 8.279914529914529989e-03
0.000000000000000000e+00 6.048789173789174134e-01 5.220352564102563875e-01 4.985754985754985678e-03 1.095085470085470011e-02
0.000000000000000000e+00 6.188568376068376287e-01 5.307158119658119677e-01 4.807692307692307959e-03 1.014957264957264994e-02
0.000000000000000000e+00 6.236645299145299193e-01 5.329861111111111605e-01 4.807692307692307959e-03 1.201923076923076990e-02
0.000000000000000000e+00 7.485754985754985436e-01 5.048076923076922906e-01 7.478632478632478951e-03 8.012820512820512109e-03
0.000000000000000000e+00 7.375356125356125059e-01 5.590277777777777901e-01 6.766381766381766340e-03 6.410256410256410034e-03
0.000000000000000000e+00 7.197293447293446889e-01 5.275106837606837740e-01 4.629629629629629373e-03 9.615384615384615918e-03
0.000000000000000000e+00 7.150997150997151497e-01 5.311164529914529364e-01 4.629629629629629373e-03 7.745726495726495964e-03
0.000000000000000000e+00 7.078881766381766028e-01 5.348557692307692735e-01 4.807692307692307959e-03 8.814102564102564014e-03
0.000000000000000000e+00 7.041488603988603767e-01 5.383279914529914834e-01 4.807692307692307959e-03 8.814102564102564014e-03
0.000000000000000000e+00 7.038817663817663606e-01 5.747863247863247427e-01 4.985754985754985678e-03 1.121794871794871799e-02
0.000000000000000000e+00 7.086004273504273865e-01 5.782585470085470636e-01 5.519943019943019703e-03 1.282051282051282007e-02
0.000000000000000000e+00 7.139423076923077094e-01 5.815972222222222099e-01 5.163817663817663398e-03 1.201923076923076990e-02
0.000000000000000000e+00 7.196403133903134242e-01 5.814636752136752573e-01 4.807692307692307959e-03 1.121794871794871799e-02
0.000000000000000000e+00 6.429843304843304574e-01 5.295138888888888395e-01 7.122507122507122646e-03 7.211538461538461939e-03
0.000000000000000000e+00 6.500178062678062529e-01 5.337873931623932089e-01 6.232193732193732315e-03 7.211538461538461939e-03
0.000000000000000000e+00 6.609686609686609149e-01 5.395299145299145005e-01 7.122507122507122646e-03 8.012820512820512109e-03
0.000000000000000000e+00 6.683582621082621023e-01 5.579594017094017255e-01 5.163817663817663398e-03 1.175213675213675202e-02
0.000000000000000000e+00 8.444622507122506727e-01 6.404914529914529364e-01 4.807692307692307959e-03 1.228632478632478604e-02
0.000000000000000000e+00 8.512286324786324521e-01 6.121794871794872250e-01 4.095441595441595348e-03 9.081196581196581893e-03
0.000000000000000000e+00 8.495370370370370905e-01 6.224626068376067911e-01 3.561253561253561323e-03 8.814102564102564014e-03
0.000000000000000000e+00 8.567485754985755264e-01 5.946848290598291120e-01 5.163817663817663398e-03 1.148504273504273587e-02
0.000000000000000000e+00 8.668091168091167642e-01 5.649038461538461453e-01 5.698005698005698290e-03 1.068376068376068397e-02
0.000000000000000000e+00 8.882656695156695426e-01 5.232371794871795156e-01 6.232193732193732315e-03 1.068376068376068397e-02
0.000000000000000000e+00 8.952101139601139623e-01 5.096153846153845812e-01 6.232193732193732315e-03 1.068376068376068397e-02
0.000000000000000000e+00 9.043803418803418870e-01 5.177617521367521292e-01 6.410256410256410034e-03 1.041666666666666609e-02
0.000000000000000000e+00 8.994836182336182206e-01 5.289797008547008073e-01 5.876068376068376009e-03 9.882478632478632063e-03
0.000000000000000000e+00 9.824608262108261991e-01 5.033386752136752573e-01 4.095441595441595348e-03 9.348290598290598039e-03
0.000000000000000000e+00 9.858440170940171443e-01 5.237713675213675479e-01 5.163817663817663398e-03 1.121794871794871799e-02
0.000000000000000000e+00 9.972400284900284628e-01 6.172542735042735318e-01 4.095441595441595348e-03 1.068376068376068397e-02
0.000000000000000000e+00 9.977742165242164951e-01 6.331463675213675479e-01 4.095441595441595348e-03 1.148504273504273587e-02
0.000000000000000000e+00 1.725427350427350404e-01 6.876335470085470636e-01 5.341880341880341984e-03 1.041666666666666609e-02
0.000000000000000000e+00 2.017450142450142314e-01 8.088942307692307265e-01 4.985754985754985678e-03 9.882478632478632063e-03
0.000000000000000000e+00 3.104522792022791911e-01 7.637553418803418870e-01 5.519943019943019703e-03 7.211538461538461939e-03
0.000000000000000000e+00 3.441951566951567121e-01 6.800213675213675479e-01 5.698005698005698290e-03 1.121794871794871799e-02
0.000000000000000000e+00 4.511217948717948789e-01 6.788194444444444198e-01 4.807692307692307959e-03 1.095085470085470011e-02
0.000000000000000000e+00 4.547720797720797847e-01 6.995192307692307265e-01 4.273504273504273934e-03 9.081196581196581893e-03
0.000000000000000000e+00 5.056980056980057148e-01 8.068910256410256610e-01 4.629629629629629373e-03 1.121794871794871799e-02
0.000000000000000000e+00 6.154736467236466835e-01 7.958066239316239354e-01 5.876068376068376009e-03 1.148504273504273587e-02
0.000000000000000000e+00 6.215277777777777901e-01 7.983440170940171443e-01 3.739316239316239476e-03 7.478632478632478951e-03
0.000000000000000000e+00 6.948005698005698116e-01 8.245192307692307265e-01 7.122507122507122646e-03 6.410256410256410034e-03
0.000000000000000000e+00 7.057514245014244736e-01 8.293269230769231282e-01 4.451566951566951653e-03 9.615384615384615918e-03
0.000000000000000000e+00 8.088497150997151497e-01 7.582799145299145005e-01 7.300569800569800365e-03 5.876068376068376009e-03
0.000000000000000000e+00 8.332443019943019946e-01 7.891292735042735318e-01 6.232193732193732315e-03 9.348290598290598039e-03
0.000000000000000000e+00 8.319088319088319139e-01 7.984775641025640969e-01 5.698005698005698290e-03 8.814102564102564014e-03
0.000000000000000000e+00 8.299501424501424252e-01 8.157051282051281937e-01 8.903133903133903307e-03 1.282051282051282007e-02
0.000000000000000000e+00 8.032407407407406996e-01 7.043269230769231282e-01 3.917378917378917629e-03 1.014957264957264994e-02
0.000000000000000000e+00 8.392094017094017255e-01 6.676014957264957417e-01 4.985754985754985678e-03 1.201923076923076990e-02
0.000000000000000000e+00 1.469017094017094002e-02 8.884882478632478708e-01 6.232193732193732315e-03 1.095085470085470011e-02
0.000000000000000000e+00 2.127849002849002691e-02 8.956997863247863068e-01 5.163817663817663398e-03 1.095085470085470011e-02
0.000000000000000000e+00 2.715455840455840292e-02 9.005074786324785974e-01 5.163817663817663398e-03 9.348290598290598039e-03
0.000000000000000000e+00 1.010505698005697978e-01 9.740918803418803229e-01 4.807692307692307959e-03 9.081196581196581893e-03
0.000000000000000000e+00 2.188390313390313480e-01 9.282852564102563875e-01 5.341880341880341984e-03 8.814102564102564014e-03
0.000000000000000000e+00 2.116274928774928843e-01 9.443108974358974672e-01 6.944444444444444059e-03 6.677350427350427046e-03
0.000000000000000000e+00 2.075320512820512941e-01 9.528579059829059839e-01 8.368945868945869282e-03 7.211538461538461939e-03
0.000000000000000000e+00 2.061075498575498655e-01 9.596688034188034511e-01 8.368945868945869282e-03 7.478632478632478951e-03
0.000000000000000000e+00 2.157229344729344744e-01 9.615384615384615641e-01 6.232193732193732315e-03 5.876068376068376009e-03
0.000000000000000000e+00 2.441239316239316171e-01 9.436431623931623713e-01 5.341880341880341984e-03 1.068376068376068397e-02
0.000000000000000000e+00 2.531160968660968735e-01 9.962606837606837740e-01 6.588319088319088621e-03 4.273504273504273934e-03
0.000000000000000000e+00 2.749287749287749327e-01 8.899572649572649041e-01 6.766381766381766340e-03 7.478632478632478951e-03
0.000000000000000000e+00 2.682514245014245291e-01 8.859508547008546619e-01 5.876068376068376009e-03 5.876068376068376009e-03
0.000000000000000000e+00 4.905626780626780592e-01 8.887553418803418870e-01 4.273504273504273934e-03 1.041666666666666609e-02
0.000000000000000000e+00 5.089031339031339085e-01 8.501602564102563875e-01 3.917378917378917629e-03 9.081196581196581893e-03
0.000000000000000000e+00 8.141915954415954726e-01 9.668803418803418870e-01 7.300569800569800365e-03 6.410256410256410034e-03
0.000000000000000000e+00 8.227386039886039892e-01 9.683493589743589203e-01 6.588319088319088621e-03 6.143162393162393022e-03
0.000000000000000000e+00 8.339565527065526673e-01 9.723557692307692735e-01 6.944444444444444059e-03 5.608974358974358997e-03
0.000000000000000000e+00 8.435719373219373596e-01 9.751602564102563875e-01 8.012820512820512109e-03 6.410256410256410034e-03
0.000000000000000000e+00 8.525641025641025328e-01 9.772970085470085166e-01 6.410256410256410034e-03 5.341880341880341984e-03
0.000000000000000000e+00 8.687678062678062529e-01 9.826388888888888395e-01 6.054131054131053728e-03 5.341880341880341984e-03
0.000000000000000000e+00 8.321759259259259300e-01 9.166666666666666297e-01 8.725071225071224720e-03 7.478632478632478951e-03
0.000000000000000000e+00 8.414351851851852304e-01 9.190705128205127750e-01 6.232193732193732315e-03 5.876068376068376009e-03
0.000000000000000000e+00 8.523860398860398924e-01 9.225427350427350959e-01 8.190883190883190695e-03 6.944444444444444059e-03
0.000000000000000000e+00 8.612891737891738009e-01 9.257478632478632896e-01 7.122507122507122646e-03 7.478632478632478951e-03
0.000000000000000000e+00 8.713497150997151497e-01 9.281517094017094349e-01 7.300569800569800365e-03 6.410256410256410034e-03
0.000000000000000000e+00 8.579950142450142314e-01 9.369658119658119677e-01 8.368945868945869282e-03 7.478632478632478951e-03
0.000000000000000000e+00 7.889957264957264682e-01 9.145299145299145005e-01 9.259259259259258745e-03 8.012820512820512109e-03
0.000000000000000000e+00 8.231837606837606458e-01 8.433493589743589203e-01 6.054131054131053728e-03 7.745726495726495964e-03
0.000000000000000000e+00 8.239850427350426942e-01 8.500267094017094349e-01 5.519943019943019703e-03 7.745726495726495964e-03
0.000000000000000000e+00 8.766915954415954726e-01 9.849091880341880323e-01 6.944444444444444059e-03 5.608974358974358997e-03
0.000000000000000000e+00 9.899394586894586512e-01 9.537927350427350959e-01 6.944444444444444059e-03 9.081196581196581893e-03
0.000000000000000000e+00 9.933226495726495964e-01 9.492521367521367104e-01 6.944444444444444059e-03 8.547008547008547868e-03
0.000000000000000000e+00 9.957264957264957417e-01 9.440438034188034511e-01 6.410256410256410034e-03 8.814102564102564014e-03
0.000000000000000000e+00 9.974180911680912143e-01 9.328258547008546619e-01 4.807692307692307959e-03 4.006410256410256054e-03
0.000000000000000000e+00 8.798076923076922906e-01 9.309561965811965489e-01 7.834757834757835257e-03 7.211538461538461939e-03
0.000000000000000000e+00 8.884437321937321830e-01 9.337606837606837740e-01 6.588319088319088621e-03 5.876068376068376009e-03
