0.000000000000000000e+00 4.050925925925925875e-02 5.288461538461538408e-02 9.081196581196581893e-03 4.807692307692307959e-03
0.000000000000000000e+00 6.330128205128204844e-02 4.954594017094016839e-02 6.944444444444444059e-03 4.540598290598290947e-03
0.000000000000000000e+00 9.259259259259258745e-02 4.794337606837607152e-02 4.629629629629629373e-03 1.201923076923076990e-02
0.000000000000000000e+00 8.796296296296296502e-02 4.861111111111111188e-02 4.985754985754985678e-03 1.228632478632478604e-02
0.000000000000000000e+00 7.434116809116808611e-02 4.927884615384615224e-02 7.300569800569800365e-03 6.677350427350427046e-03
0.000000000000000000e+00 1.104878917378917386e-01 5.034722222222222376e-02 5.519943019943019703e-03 1.308760683760683795e-02
0.000000000000000000e+00 1.252670940170940161e-01 4.714209401709401615e-02 4.451566951566951653e-03 1.255341880341880392e-02
0.000000000000000000e+00 4.353632478632478431e-02 1.282051282051281937e-01 1.193019943019943060e-02 1.014957264957264994e-02
0.000000000000000000e+00 1.420049857549857686e-01 3.859508547008547175e-02 7.656695156695156670e-03 6.677350427350427046e-03
0.000000000000000000e+00 1.436075498575498655e-01 4.594017094017094349e-02 6.588319088319088621e-03 5.876068376068376009e-03
0.000000000000000000e+00 1.422720797720797847e-01 6.236645299145299193e-02 8.903133903133903307e-03 6.677350427350427046e-03
0.000000000000000000e+00 2.610398860398860377e-01 3.485576923076923184e-02 8.547008547008547868e-03 7.745726495726495964e-03
0.000000000000000000e+00 5.923254985754985436e-01 1.287393162393162260e-01 5.519943019943019703e-03 1.442307692307692388e-02
0.000000000000000000e+00 6.017628205128204844e-01 1.256677350427350404e-01 4.451566951566951653e-03 1.201923076923076990e-02
0.000000000000000000e+00 6.231303418803418870e-01 1.139155982905982883e-01 6.944444444444444059e-03 5.608974358974358997e-03
0.000000000000000000e+00 7.091346153846154188e-01 1.701388888888888951e-01 4.807692307692307959e-03 5.876068376068376009e-03
0.000000000000000000e+00 7.698539886039885705e-01 1.343482905982905928e-01 4.095441595441595348e-03 1.068376068376068397e-02
0.000000000000000000e+00 8.127670940170940161e-01 1.256677350427350404e-01 7.656695156695156670e-03 1.041666666666666609e-02
0.000000000000000000e+00 8.669871794871795156e-01 1.272702991452991372e-01 8.547008547008547868e-03 8.279914529914529989e-03
0.000000000000000000e+00 8.620014245014244736e-01 1.531784188034188143e-01 1.032763532763532680e-02 9.882478632478632063e-03
0.000000000000000000e+00 8.427706552706553111e-01 1.471688034188034233e-01 6.054131054131053728e-03 1.442307692307692388e-02
0.000000000000000000e+00 8.498931623931623713e-01 7.505341880341880045e-02 7.834757834757835257e-03 9.081196581196581893e-03
0.000000000000000000e+00 8.983262108262107803e-01 2.644230769230769204e-02 9.615384615384615918e-03 1.442307692307692388e-02
0.000000000000000000e+00 8.767806267806267373e-01 5.435363247863247982e-02 1.032763532763532680e-02 9.882478632478632063e-03
0.000000000000000000e+00 1.290954415954415936e-02 1.883012820512820484e-01 5.519943019943019703e-03 1.335470085470085409e-02
0.000000000000000000e+00 2.350427350427350404e-02 2.144764957264957139e-01 5.698005698005698290e-03 1.388888888888888812e-02
0.000000000000000000e+00 4.656339031339031681e-02 2.987446581196581130e-01 4.807692307692307959e-03 1.041666666666666609e-02
0.000000000000000000e+00 6.704059829059828834e-02 3.165064102564102422e-01 6.588319088319088621e-03 4.807692307692307959e-03
0.000000000000000000e+00 2.149216524216524260e-01 2.096688034188034233e-01 6.410256410256410034e-03 5.341880341880341984e-03
0.000000000000000000e+00 2.164351851851851749e-01 2.174145299145299193e-01 9.437321937321937332e-03 6.944444444444444059e-03
0.000000000000000000e+00 2.159900284900284906e-01 2.258279914529914556e-01 7.834757834757835257e-03 5.608974358974358997e-03
0.000000000000000000e+00 1.762820512820512941e-01 2.648237179487179516e-01 4.273504273504273934e-03 1.201923076923076990e-02
0.000000000000000000e+00 1.813568376068376009e-01 2.645566239316239354e-01 4.451566951566951653e-03 1.362179487179487197e-02
0.000000000000000000e+00 1.863425925925925875e-01 2.636217948717948789e-01 4.807692307692307959e-03 1.175213675213675202e-02
0.000000000000000000e+00 2.107371794871794879e-01 2.709668803418803229e-01 4.807692307692307959e-03 1.308760683760683795e-02
0.000000000000000000e+00 2.199074074074074125e-01 2.693643162393162260e-01 4.629629629629629373e-03 1.255341880341880392e-02
0.000000000000000000e+00 1.909722222222222099e-01 2.640224358974359031e-01 3.739316239316239476e-03 1.041666666666666609e-02
0.000000000000000000e+00 5.964209401709401615e-01 2.180822649572649596e-01 4.807692307692307959e-03 1.201923076923076990e-02
0.000000000000000000e+00 6.350605413105413488e-01 2.331730769230769273e-01 8.368945868945869282e-03 6.944444444444444059e-03
0.000000000000000000e+00 6.494836182336182206e-01 2.564102564102563875e-01 5.519943019943019703e-03 1.602564102564102422e-02
0.000000000000000000e+00 7.112713675213675479e-01 1.838942307692307820e-01 4.807692307692307959e-03 7.745726495726495964e-03
0.000000000000000000e+00 7.119836182336182206e-01 1.924412393162393264e-01 4.451566951566951653e-03 6.677350427350427046e-03
0.000000000000000000e+00 7.366452991452991927e-01 2.238247863247863345e-01 8.903133903133903307e-03 7.478632478632478951e-03
0.000000000000000000e+00 7.172364672364672789e-01 2.126068376068376009e-01 7.834757834757835257e-03 2.510683760683760785e-02
0.000000000000000000e+00 7.556089743589743390e-01 3.094284188034188143e-01 4.451566951566951653e-03 1.469017094017094002e-02
0.000000000000000000e+00 7.615740740740740700e-01 3.143696581196581130e-01 4.629629629629629373e-03 1.549145299145299193e-02
0.000000000000000000e+00 7.892628205128204844e-01 2.895299145299145560e-01 1.086182336182336255e-02 8.012820512820512109e-03
0.000000000000000000e+00 8.092058404558404305e-01 2.793803418803418870e-01 4.451566951566951653e-03 1.228632478632478604e-02
0.000000000000000000e+00 7.668269230769231282e-01 2.768429487179487336e-01 4.807692307692307959e-03 1.736111111111111188e-02
0.000000000000000000e+00 7.730591168091167642e-01 2.747061965811966044e-01 4.095441595441595348e-03 1.415598290598290600e-02
0.000000000000000000e+00 8.336004273504273865e-01 2.187500000000000000e-01 8.368945868945869282e-03 8.012820512820512109e-03
0.000000000000000000e+00 8.592414529914529364e-01 1.901709401709401615e-01 8.725071225071224720e-03 7.478632478632478951e-03
0.000000000000000000e+00 8.594195156695156879e-01 1.981837606837606736e-01 1.014957264957264994e-02 7.478632478632478951e-03
0.000000000000000000e+00 8.565705128205127750e-01 2.063301282051281937e-01 9.437321937321937332e-03 8.814102564102564014e-03
0.000000000000000000e+00 8.407229344729344467e-01 1.812232905982905928e-01 4.807692307692307959e-03 8.814102564102564014e-03
0.000000000000000000e+00 8.566595441595441507e-01 2.446581196581196493e-01 8.547008547008547868e-03 6.944444444444444059e-03
0.000000000000000000e+00 8.523860398860398924e-01 2.760416666666666852e-01 7.834757834757835257e-03 7.745726495726495964e-03
0.000000000000000000e+00 8.514957264957264682e-01 2.845886752136752018e-01 8.903133903133903307e-03 7.211538461538461939e-03
0.000000000000000000e+00 8.505163817663817794e-01 2.948717948717948789e-01 9.437321937321937332e-03 7.478632478632478951e-03
0.000000000000000000e+00 8.474893162393162260e-01 3.223824786324786529e-01 9.793447293447292770e-03 6.944444444444444059e-03
0.000000000000000000e+00 9.467592592592593004e-01 2.670940170940170888e-01 9.615384615384615918e-03 8.012820512820512109e-03
0.000000000000000000e+00 9.456908831908832358e-01 2.755074786324786529e-01 8.190883190883190695e-03 7.211538461538461939e-03
0.000000000000000000e+00 9.436431623931623713e-01 2.987446581196581130e-01 8.012820512820512109e-03 7.211538461538461939e-03
0.000000000000000000e+00 9.431980056980057148e-01 3.074252136752136932e-01 9.259259259259258745e-03 8.012820512820512109e-03
0.000000000000000000e+00 9.009971509971509418e-01 1.802884615384615363e-01 8.547008547008547868e-03 8.012820512820512109e-03
0.000000000000000000e+00 9.296652421652421561e-01 2.084668803418803507e-01 9.615384615384615918e-03 7.211538461538461939e-03
0.000000000000000000e+00 9.271723646723646350e-01 2.266292735042735040e-01 7.834757834757835257e-03 7.211538461538461939e-03
0.000000000000000000e+00 9.248575498575498655e-01 2.939369658119658224e-01 7.122507122507122646e-03 5.608974358974358997e-03
0.000000000000000000e+00 6.730769230769230449e-02 3.401442307692307820e-01 8.190883190883190695e-03 6.143162393162393022e-03
0.000000000000000000e+00 6.837606837606838295e-02 3.478899572649572502e-01 9.259259259259258745e-03 6.143162393162393022e-03
0.000000000000000000e+00 1.700498575498575471e-02 4.027777777777777901e-01 5.163817663817663398e-03 1.175213675213675202e-02
0.000000000000000000e+00 2.163461538461538408e-02 4.010416666666666852e-01 4.807692307692307959e-03 1.201923076923076990e-02
0.000000000000000000e+00 3.160612535612535717e-02 4.003739316239316448e-01 4.451566951566951653e-03 1.014957264957264994e-02
0.000000000000000000e+00 3.668091168091167781e-02 3.987713675213675479e-01 4.985754985754985678e-03 1.175213675213675202e-02
0.000000000000000000e+00 7.986111111111110494e-02 4.660790598290598385e-01 4.451566951566951653e-03 1.335470085470085409e-02
0.000000000000000000e+00 8.457977207977207534e-02 4.659455128205128305e-01 4.985754985754985678e-03 1.308760683760683795e-02
0.000000000000000000e+00 8.965455840455840986e-02 4.654113247863247982e-01 5.163817663817663398e-03 1.362179487179487197e-02
0.000000000000000000e+00 9.428418803418803229e-02 4.656784188034188143e-01 5.163817663817663398e-03 1.362179487179487197e-02
0.000000000000000000e+00 9.926994301994301884e-02 4.647435897435897578e-01 4.807692307692307959e-03 1.228632478632478604e-02
0.000000000000000000e+00 1.680911680911680861e-01 3.508279914529914278e-01 3.561253561253561323e-03 1.041666666666666609e-02
0.000000000000000000e+00 2.502670940170940161e-01 3.641826923076922906e-01 4.095441595441595348e-03 1.095085470085470011e-02
0.000000000000000000e+00 8.023504273504273865e-01 4.273504273504273310e-01 7.834757834757835257e-03 4.807692307692307959e-03
0.000000000000000000e+00 8.140135327635327211e-01 4.292200854700854440e-01 1.050569800569800538e-02 7.478632478632478951e-03
0.000000000000000000e+00 8.119658119658119677e-01 4.805021367521367659e-01 1.068376068376068397e-02 6.944444444444444059e-03
0.000000000000000000e+00 8.036858974358974672e-01 4.873130341880341776e-01 9.081196581196581893e-03 7.211538461538461939e-03
0.000000000000000000e+00 8.132122507122506727e-01 4.902510683760683552e-01 1.068376068376068397e-02 6.143162393162393022e-03
0.000000000000000000e+00 8.263888888888888395e-01 4.854433760683760646e-01 5.698005698005698290e-03 1.522435897435897405e-02
0.000000000000000000e+00 8.365384615384615641e-01 4.935897435897436125e-01 8.903133903133903307e-03 6.944444444444444059e-03
0.000000000000000000e+00 8.380519943019942852e-01 4.561965811965811857e-01 9.793447293447292770e-03 8.012820512820512109e-03
0.000000000000000000e+00 8.384081196581196771e-01 4.397702991452991372e-01 1.050569800569800538e-02 7.745726495726495964e-03
0.000000000000000000e+00 8.400106837606837740e-01 4.288194444444444198e-01 8.725071225071224720e-03 7.745726495726495964e-03
0.000000000000000000e+00 7.562321937321937471e-01 4.786324786324786529e-01 4.629629629629629373e-03 1.388888888888888812e-02
0.000000000000000000e+00 8.470441595441595695e-01 3.376068376068376287e-01 8.547008547008547868e-03 6.944444444444444059e-03
0.000000000000000000e+00 8.466880341880341776e-01 3.512286324786324521e-01 9.259259259259258745e-03 8.012820512820512109e-03
0.000000000000000000e+00 9.914529914529914834e-01 4.959935897435897578e-01 5.341880341880341984e-03 1.388888888888888812e-02
0.000000000000000000e+00 9.943910256410256610e-01 4.710202991452991372e-01 5.519943019943019703e-03 1.308760683760683795e-02
0.000000000000000000e+00 9.223646723646723444e-01 4.917200854700854440e-01 8.190883190883190695e-03 6.944444444444444059e-03
0.000000000000000000e+00 9.380341880341880323e-01 3.456196581196581130e-01 9.259259259259258745e-03 8.012820512820512109e-03
0.000000000000000000e+00 9.366096866096865758e-01 3.691239316239316448e-01 8.190883190883190695e-03 7.478632478632478951e-03
0.000000000000000000e+00 9.350071225071224790e-01 3.848824786324786529e-01 8.903133903133903307e-03 8.012820512820512109e-03
0.000000000000000000e+00 9.320690883190883014e-01 4.077190170940170888e-01 7.656695156695156670e-03 8.279914529914529989e-03
0.000000000000000000e+00 9.180021367521367104e-01 3.429487179487179516e-01 8.725071225071224720e-03 6.944444444444444059e-03
0.000000000000000000e+00 2.136752136752136794e-02 6.167200854700854995e-01 5.698005698005698290e-03 1.228632478632478604e-02
0.000000000000000000e+00 2.706552706552706536e-02 6.139155982905982745e-01 4.629629629629629373e-03 1.201923076923076990e-02
0.000000000000000000e+00 3.205128205128204844e-02 6.140491452991453381e-01 4.985754985754985678e-03 1.121794871794871799e-02
0.000000000000000000e+00 3.783831908831909036e-02 6.411591880341880323e-01 1.050569800569800538e-02 7.211538461538461939e-03
0.000000000000000000e+00 4.148860398860398924e-02 6.111111111111111605e-01 4.629629629629629373e-03 1.014957264957264994e-02
0.000000000000000000e+00 8.457977207977207534e-02 6.065705128205127750e-01 4.985754985754985678e-03 1.282051282051282007e-02
0.000000000000000000e+00 8.956552706552706189e-02 6.053685897435897578e-01 5.341880341880341984e-03 1.255341880341880392e-02
0.000000000000000000e+00 9.472934472934473049e-02 6.040331196581196771e-01 5.341880341880341984e-03 1.308760683760683795e-02
0.000000000000000000e+00 1.040776353276353233e-01 6.024305555555555802e-01 5.876068376068376009e-03 1.522435897435897405e-02
0.000000000000000000e+00 1.097756410256410242e-01 6.001602564102563875e-01 5.163817663817663398e-03 1.388888888888888812e-02
0.000000000000000000e+00 1.144943019943019946e-01 5.980235042735042583e-01 4.629629629629629373e-03 1.175213675213675202e-02
0.000000000000000000e+00 2.398504273504273587e-01 5.997596153846154188e-01 8.190883190883190695e-03 6.677350427350427046e-03
0.000000000000000000e+00 2.558760683760683552e-01 5.886752136752136932e-01 7.834757834757835257e-03 1.388888888888888812e-02
0.000000000000000000e+00 6.377314814814815103e-01 6.097756410256410797e-01 4.451566951566951653e-03 1.442307692307692388e-02
0.000000000000000000e+00 6.430733618233618332e-01 6.104433760683760646e-01 4.095441595441595348e-03 1.201923076923076990e-02
0.000000000000000000e+00 6.526887464387464144e-01 6.129807692307692735e-01 4.451566951566951653e-03 1.282051282051282007e-02
0.000000000000000000e+00 6.461004273504273865e-01 6.415598290598291120e-01 9.437321937321937332e-03 6.944444444444444059e-03
0.000000000000000000e+00 7.306801994301994618e-01 6.259348290598291120e-01 5.519943019943019703e-03 1.415598290598290600e-02
0.000000000000000000e+00 8.358262108262107803e-01 5.281784188034187588e-01 8.903133903133903307e-03 7.211538461538461939e-03
0.000000000000000000e+00 8.348468660968660915e-01 5.373931623931623713e-01 9.793447293447292770e-03 7.478632478632478951e-03
0.000000000000000000e+00 8.345797720797720753e-01 5.571581196581196771e-01 7.834757834757835257e-03 6.944444444444444059e-03
0.000000000000000000e+00 8.333333333333333703e-01 5.848023504273504036e-01 9.615384615384615918e-03 7.745726495726495964e-03
0.000000000000000000e+00 8.490028490028490582e-01 5.852029914529914834e-01 5.341880341880341984e-03 1.495726495726495790e-02
0.000000000000000000e+00 8.597756410256410797e-01 5.845352564102563875e-01 4.451566951566951653e-03 1.308760683760683795e-02
0.000000000000000000e+00 8.712606837606837740e-01 5.865384615384615641e-01 9.259259259259258745e-03 2.083333333333333218e-02
0.000000000000000000e+00 8.311075498575498655e-01 6.610576923076922906e-01 9.793447293447292770e-03 6.944444444444444059e-03
0.000000000000000000e+00 8.803418803418803229e-01 5.870726495726495964e-01 4.629629629629629373e-03 1.175213675213675202e-02
0.000000000000000000e+00 8.859508547008546619e-01 5.884081196581196771e-01 4.807692307692307959e-03 1.335470085470085409e-02
0.000000000000000000e+00 8.910256410256410797e-01 5.898771367521367104e-01 5.341880341880341984e-03 1.308760683760683795e-02
0.000000000000000000e+00 8.966346153846154188e-01 5.894764957264957417e-01 4.807692307692307959e-03 1.335470085470085409e-02
0.000000000000000000e+00 9.119480056980057148e-01 5.922809829059828557e-01 5.163817663817663398e-03 1.095085470085470011e-02
0.000000000000000000e+00 9.231659544159543929e-01 5.930822649572649041e-01 4.807692307692307959e-03 1.255341880341880392e-02
0.000000000000000000e+00 9.285078347578347158e-01 5.946848290598291120e-01 5.163817663817663398e-03 1.469017094017094002e-02
0.000000000000000000e+00 9.341168091168091658e-01 5.941506410256410797e-01 4.629629629629629373e-03 1.308760683760683795e-02
0.000000000000000000e+00 9.391915954415954726e-01 5.950854700854700807e-01 4.807692307692307959e-03 1.068376068376068397e-02
0.000000000000000000e+00 9.439992877492877632e-01 5.962873931623932089e-01 4.807692307692307959e-03 1.255341880341880392e-02
0.000000000000000000e+00 9.488960113960114295e-01 5.969551282051281937e-01 4.629629629629629373e-03 1.282051282051282007e-02
0.000000000000000000e+00 9.545049857549857686e-01 5.978899572649573058e-01 4.807692307692307959e-03 1.255341880341880392e-02
0.000000000000000000e+00 9.152421652421652842e-01 5.470085470085470636e-01 8.903133903133903307e-03 8.012820512820512109e-03
0.000000000000000000e+00 9.642094017094017255e-01 6.659989316239316448e-01 3.917378917378917629e-03 1.362179487179487197e-02
0.000000000000000000e+00 8.591524216524216995e-02 8.157051282051281937e-01 4.807692307692307959e-03 1.175213675213675202e-02
0.000000000000000000e+00 1.045227920227920215e-01 8.201121794871795156e-01 4.985754985754985678e-03 1.308760683760683795e-02
0.000000000000000000e+00 1.096866096866096901e-01 8.182425213675214026e-01 4.629629629629629373e-03 1.148504273504273587e-02
0.000000000000000000e+00 1.146723646723646767e-01 8.186431623931623713e-01 6.054131054131053728e-03 1.388888888888888812e-02
0.000000000000000000e+00 1.198361823361823314e-01 8.170405982905982745e-01 5.341880341880341984e-03 1.228632478632478604e-02
0.000000000000000000e+00 1.243767806267806336e-01 8.159722222222222099e-01 4.095441595441595348e-03 1.335470085470085409e-02
0.000000000000000000e+00 1.709401709401709435e-01 7.652243589743589203e-01 9.615384615384615918e-03 7.478632478632478951e-03
0.000000000000000000e+00 1.488603988603988681e-01 8.059561965811965489e-01 1.032763532763532680e-02 7.745726495726495964e-03
0.000000000000000000e+00 1.842948717948718063e-01 8.269230769230768718e-01 9.259259259259258745e-03 7.478632478632478951e-03
0.000000000000000000e+00 2.029914529914529919e-01 8.287927350427350959e-01 6.766381766381766340e-03 5.876068376068376009e-03
0.000000000000000000e+00 2.523148148148148251e-01 6.797542735042735318e-01 4.629629629629629373e-03 1.335470085470085409e-02
0.000000000000000000e+00 2.600605413105412933e-01 6.977831196581196771e-01 4.807692307692307959e-03 1.308760683760683795e-02
0.000000000000000000e+00 2.545405982905982745e-01 7.354433760683760646e-01 4.807692307692307959e-03 1.255341880341880392e-02
0.000000000000000000e+00 2.561431623931623713e-01 7.544070512820513219e-01 4.451566951566951653e-03 1.415598290598290600e-02
0.000000000000000000e+00 7.378917378917378977e-01 8.118322649572649041e-01 9.971509971509971357e-03 1.041666666666666609e-02
0.000000000000000000e+00 7.326388888888888395e-01 6.758814102564102422e-01 7.656695156695156670e-03 7.211538461538461939e-03
0.000000000000000000e+00 8.323539886039885705e-01 6.753472222222222099e-01 8.368945868945869282e-03 7.211538461538461939e-03
0.000000000000000000e+00 8.361823361823361722e-01 6.995192307692307265e-01 9.971509971509971357e-03 6.944444444444444059e-03
0.000000000000000000e+00 8.286146723646723444e-01 7.712339743589743390e-01 4.807692307692307959e-03 1.095085470085470011e-02
0.000000000000000000e+00 8.330662393162393542e-01 7.930021367521367104e-01 9.793447293447292770e-03 6.944444444444444059e-03
0.000000000000000000e+00 8.433048433048433434e-01 7.924679487179486781e-01 7.122507122507122646e-03 6.410256410256410034e-03
0.000000000000000000e+00 7.816951566951566566e-01 8.110309829059828557e-01 4.273504273504273934e-03 9.882478632478632063e-03
0.000000000000000000e+00 9.570868945868945543e-01 7.553418803418803229e-01 5.698005698005698290e-03 1.335470085470085409e-02
0.000000000000000000e+00 9.555733618233618332e-01 7.743055555555555802e-01 5.519943019943019703e-03 1.442307692307692388e-02
0.000000000000000000e+00 9.553952991452991927e-01 7.923344017094017255e-01 5.519943019943019703e-03 1.415598290598290600e-02
0.000000000000000000e+00 9.545940170940171443e-01 8.098290598290598385e-01 5.341880341880341984e-03 1.335470085470085409e-02
0.000000000000000000e+00 9.967948717948718063e-01 7.248931623931623713e-01 6.410256410256410034e-03 6.944444444444444059e-03
0.000000000000000000e+00 9.624287749287748772e-01 6.825587606837606458e-01 4.629629629629629373e-03 1.362179487179487197e-02
0.000000000000000000e+00 9.188034188034188698e-02 8.534989316239316448e-01 6.054131054131053728e-03 1.362179487179487197e-02
0.000000000000000000e+00 1.124465811965811995e-01 8.489583333333333703e-01 7.300569800569800365e-03 1.629273504273504383e-02
0.000000000000000000e+00 1.183226495726495686e-01 8.488247863247863068e-01 4.807692307692307959e-03 1.335470085470085409e-02
0.000000000000000000e+00 1.228632478632478570e-01 8.472222222222222099e-01 4.985754985754985678e-03 1.335470085470085409e-02
0.000000000000000000e+00 9.383903133903133409e-02 8.830128205128204844e-01 5.341880341880341984e-03 1.442307692307692388e-02
0.000000000000000000e+00 9.481837606837606458e-02 9.025106837606837740e-01 6.232193732193732315e-03 1.335470085470085409e-02
0.000000000000000000e+00 9.846866096866097040e-02 9.429754273504273865e-01 6.054131054131053728e-03 1.682692307692307612e-02
0.000000000000000000e+00 6.000712250712250673e-02 9.910523504273504036e-01 1.032763532763532680e-02 7.745726495726495964e-03
0.000000000000000000e+00 3.169515669515669820e-02 9.958600427350426942e-01 8.190883190883190695e-03 5.608974358974358997e-03
0.000000000000000000e+00 4.193376068376068050e-02 9.947916666666666297e-01 1.014957264957264994e-02 7.211538461538461939e-03
0.000000000000000000e+00 6.588319088319088968e-02 9.683493589743589203e-01 5.341880341880341984e-03 1.148504273504273587e-02
0.000000000000000000e+00 1.881232193732193803e-01 8.770032051282051766e-01 9.793447293447292770e-03 7.211538461538461939e-03
0.000000000000000000e+00 2.063746438746438816e-01 8.663194444444444198e-01 6.054131054131053728e-03 6.677350427350427046e-03
0.000000000000000000e+00 2.052172364672364691e-01 8.588408119658119677e-01 6.944444444444444059e-03 7.745726495726495964e-03
0.000000000000000000e+00 2.045049857549857686e-01 8.506944444444444198e-01 6.944444444444444059e-03 7.478632478632478951e-03
0.000000000000000000e+00 2.022792022792022915e-01 8.366720085470085166e-01 8.547008547008547868e-03 7.745726495726495964e-03
0.000000000000000000e+00 1.302528490028490027e-01 9.794337606837606458e-01 7.656695156695156670e-03 6.944444444444444059e-03
0.000000000000000000e+00 1.420940170940170888e-01 9.775641025641025328e-01 9.971509971509971357e-03 8.547008547008547868e-03
0.000000000000000000e+00 1.656873219373219408e-01 9.730235042735042583e-01 9.437321937321937332e-03 6.410256410256410034e-03
0.000000000000000000e+00 1.898148148148148251e-01 9.692841880341880323e-01 9.259259259259258745e-03 7.478632478632478951e-03
0.000000000000000000e+00 2.071759259259259300e-01 9.655448717948718063e-01 9.793447293447292770e-03 7.478632478632478951e-03
0.000000000000000000e+00 2.188390313390313480e-01 9.635416666666666297e-01 8.547008547008547868e-03 7.211538461538461939e-03
0.000000000000000000e+00 1.792200854700854717e-01 9.913194444444444198e-01 1.050569800569800538e-02 7.745726495726495964e-03
0.000000000000000000e+00 1.929309116809116709e-01 9.885149572649573058e-01 1.121794871794871799e-02 7.478632478632478951e-03
0.000000000000000000e+00 2.295227920227920215e-01 9.489850427350426942e-01 4.629629629629629373e-03 1.121794871794871799e-02
0.000000000000000000e+00 2.063746438746438816e-01 9.862446581196581130e-01 8.903133903133903307e-03 7.211538461538461939e-03
0.000000000000000000e+00 2.204415954415954448e-01 9.833066239316239354e-01 8.903133903133903307e-03 7.211538461538461939e-03
0.000000000000000000e+00 2.348646723646723722e-01 9.919871794871795156e-01 5.341880341880341984e-03 1.388888888888888812e-02
0.000000000000000000e+00 2.406517094017094072e-01 9.915865384615384359e-01 5.163817663817663398e-03 1.469017094017094002e-02
0.000000000000000000e+00 2.451032763532763614e-01 9.909188034188034511e-01 5.163817663817663398e-03 1.282051282051282007e-02
0.000000000000000000e+00 2.494658119658119677e-01 9.891826923076922906e-01 4.629629629629629373e-03 1.095085470085470011e-02
0.000000000000000000e+00 3.056445868945869004e-01 9.264155982905982745e-01 4.451566951566951653e-03 1.095085470085470011e-02
0.000000000000000000e+00 3.165954415954416179e-01 9.252136752136752573e-01 4.629629629629629373e-03 1.282051282051282007e-02
0.000000000000000000e+00 4.822827635327635587e-01 8.729967948717948234e-01 4.095441595441595348e-03 1.201923076923076990e-02
0.000000000000000000e+00 4.920762108262108359e-01 8.729967948717948234e-01 5.876068376068376009e-03 1.896367521367521222e-02
0.000000000000000000e+00 4.968839031339031265e-01 8.720619658119658224e-01 4.095441595441595348e-03 1.228632478632478604e-02
0.000000000000000000e+00 5.729166666666666297e-01 9.270833333333333703e-01 8.012820512820512109e-03 7.478632478632478951e-03
0.000000000000000000e+00 7.887286324786324521e-01 8.428151709401708880e-01 4.807692307692307959e-03 1.469017094017094002e-02
0.000000000000000000e+00 8.093839031339031820e-01 8.424145299145299193e-01 5.163817663817663398e-03 8.012820512820512109e-03
0.000000000000000000e+00 8.359152421652421561e-01 8.780715811965812412e-01 9.081196581196581893e-03 7.745726495726495964e-03
0.000000000000000000e+00 9.502314814814815103e-01 9.497863247863247427e-01 5.519943019943019703e-03 1.495726495726495790e-02
0.000000000000000000e+00 9.511217948717948234e-01 9.691506410256410797e-01 5.163817663817663398e-03 1.522435897435897405e-02
0.000000000000000000e+00 9.968839031339031820e-01 9.433760683760683552e-01 5.519943019943019703e-03 1.442307692307692388e-02
0.000000000000000000e+00 8.778490028490028019e-01 9.688835470085470636e-01 9.971509971509971357e-03 8.279914529914529989e-03
