0.000000000000000000e+00 3.730413105413105113e-02 1.495726495726495790e-02 8.012820512820512109e-03 6.410256410256410034e-03
0.000000000000000000e+00 6.445868945868946098e-02 8.279914529914529989e-03 8.903133903133903307e-03 7.478632478632478951e-03
0.000000000000000000e+00 7.647792022792022915e-02 2.203525641025641177e-02 4.095441595441595348e-03 1.041666666666666609e-02
0.000000000000000000e+00 9.116809116809117264e-02 1.896367521367521222e-02 3.917378917378917629e-03 9.081196581196581893e-03
0.000000000000000000e+00 9.535256410256409687e-02 1.749465811965811995e-02 3.739316239316239476e-03 9.348290598290598039e-03
0.000000000000000000e+00 8.742877492877493273e-02 1.326121794871794879e-01 8.190883190883190695e-03 7.745726495726495964e-03
0.000000000000000000e+00 8.920940170940171166e-02 1.388888888888888951e-01 8.903133903133903307e-03 7.478632478632478951e-03
0.000000000000000000e+00 8.947649572649572780e-02 1.518429487179487059e-01 1.157407407407407343e-02 1.201923076923076990e-02
0.000000000000000000e+00 9.241452991452991927e-02 1.672008547008546897e-01 9.971509971509971357e-03 8.012820512820512109e-03
0.000000000000000000e+00 1.349715099715099731e-01 1.014957264957264994e-02 7.834757834757835257e-03 5.341880341880341984e-03
0.000000000000000000e+00 1.857193732193732072e-01 1.645299145299145283e-01 9.615384615384615918e-03 8.547008547008547868e-03
0.000000000000000000e+00 1.988960113960114018e-01 1.599893162393162260e-01 9.259259259259258745e-03 6.944444444444444059e-03
0.000000000000000000e+00 2.205306267806267928e-01 1.541132478632478708e-01 7.656695156695156670e-03 7.478632478632478951e-03
0.000000000000000000e+00 2.221331908831908897e-01 1.694711538461538547e-01 9.081196581196581893e-03 6.143162393162393022e-03
0.000000000000000000e+00 2.783119658119658224e-01 1.550480769230769273e-01 1.032763532763532680e-02 8.279914529914529989e-03
0.000000000000000000e+00 6.044337606837606458e-01 9.455128205128204844e-02 8.725071225071224720e-03 6.410256410256410034e-03
0.000000000000000000e+00 6.057692307692307265e-01 1.014957264957264960e-01 6.766381766381766340e-03 6.410256410256410034e-03
0.000000000000000000e+00 6.063924501424501345e-01 1.088408119658119677e-01 8.368945868945869282e-03 6.677350427350427046e-03
0.000000000000000000e+00 6.071047008547008073e-01 1.165865384615384637e-01 9.081196581196581893e-03 7.745726495726495964e-03
0.000000000000000000e+00 6.084401709401708880e-01 1.302083333333333426e-01 7.122507122507122646e-03 5.608974358974358997e-03
0.000000000000000000e+00 5.874287749287748772e-01 1.071047008547008489e-01 4.985754985754985678e-03 1.175213675213675202e-02
0.000000000000000000e+00 5.906339031339031820e-01 1.241987179487179516e-01 4.629629629629629373e-03 1.335470085470085409e-02
0.000000000000000000e+00 5.923254985754985436e-01 1.382211538461538547e-01 4.095441595441595348e-03 1.201923076923076990e-02
0.000000000000000000e+00 6.975605413105413488e-01 1.043002136752136794e-01 5.876068376068376009e-03 1.469017094017094002e-02
0.000000000000000000e+00 6.895477207977207534e-01 1.235309829059829112e-01 5.876068376068376009e-03 1.415598290598290600e-02
0.000000000000000000e+00 7.191951566951566566e-01 1.001602564102564187e-02 1.068376068376068397e-02 9.348290598290598039e-03
0.000000000000000000e+00 7.872150997150997309e-01 2.537393162393162399e-02 9.615384615384615918e-03 6.944444444444444059e-03
0.000000000000000000e+00 8.297720797720797847e-01 3.218482905982905651e-02 9.615384615384615918e-03 7.745726495726495964e-03
0.000000000000000000e+00 8.186431623931623713e-01 5.956196581196580853e-02 5.163817663817663398e-03 1.442307692307692388e-02
0.000000000000000000e+00 8.184650997150997309e-01 4.326923076923076816e-02 4.095441595441595348e-03 1.228632478632478604e-02
0.000000000000000000e+00 8.890669515669515910e-01 3.311965811965811995e-02 9.971509971509971357e-03 7.478632478632478951e-03
0.000000000000000000e+00 9.003739316239316448e-01 3.352029914529914417e-02 8.725071225071224720e-03 7.745726495726495964e-03
0.000000000000000000e+00 9.429309116809116986e-01 1.335470085470085409e-02 5.163817663817663398e-03 1.602564102564102422e-02
0.000000000000000000e+00 9.680377492877493273e-01 3.619123931623931950e-02 1.050569800569800538e-02 7.745726495726495964e-03
0.000000000000000000e+00 9.885149572649573058e-01 6.290064102564102422e-02 7.656695156695156670e-03 8.279914529914529989e-03
0.000000000000000000e+00 6.321225071225071608e-03 2.100694444444444475e-01 8.368945868945869282e-03 7.211538461538461939e-03
0.000000000000000000e+00 2.305911680911680930e-02 2.215544871794871695e-01 8.368945868945869282e-03 5.608974358974358997e-03
0.000000000000000000e+00 4.950142450142450135e-02 1.993856837606837740e-01 1.032763532763532680e-02 7.211538461538461939e-03
0.000000000000000000e+00 1.228632478632478604e-02 2.236912393162393264e-01 1.032763532763532680e-02 4.006410256410256054e-03
0.000000000000000000e+00 6.801994301994301884e-02 1.945779914529914556e-01 9.259259259259258745e-03 7.745726495726495964e-03
0.000000000000000000e+00 8.235398860398859822e-02 1.912393162393162260e-01 8.012820512820512109e-03 7.478632478632478951e-03
0.000000000000000000e+00 9.107905982905982467e-02 1.885683760683760646e-01 7.300569800569800365e-03 7.478632478632478951e-03
0.000000000000000000e+00 5.911680911680911726e-02 1.971153846153846090e-01 6.766381766381766340e-03 6.944444444444444059e-03
0.000000000000000000e+00 1.223290598290598247e-01 1.804220085470085444e-01 7.834757834757835257e-03 7.745726495726495964e-03
0.000000000000000000e+00 1.504629629629629650e-01 1.736111111111111049e-01 8.190883190883190695e-03 7.478632478632478951e-03
0.000000000000000000e+00 1.599002849002849058e-01 1.717414529914529919e-01 9.615384615384615918e-03 8.012820512820512109e-03
0.000000000000000000e+00 3.224715099715099731e-01 3.066239316239316448e-01 4.985754985754985678e-03 1.175213675213675202e-02
0.000000000000000000e+00 3.256766381766381668e-01 3.325320512820512664e-01 4.629629629629629373e-03 1.228632478632478604e-02
0.000000000000000000e+00 3.758012820512820484e-01 3.262553418803418870e-01 4.807692307692307959e-03 1.201923076923076990e-02
0.000000000000000000e+00 3.483796296296296502e-01 1.730769230769230727e-01 8.368945868945869282e-03 7.478632478632478951e-03
0.000000000000000000e+00 3.499821937321937471e-01 1.801549145299145283e-01 6.944444444444444059e-03 7.211538461538461939e-03
0.000000000000000000e+00 3.516737891737891641e-01 1.957799145299145283e-01 6.766381766381766340e-03 6.410256410256410034e-03
0.000000000000000000e+00 3.578169515669515910e-01 2.421207264957264960e-01 8.012820512820512109e-03 8.814102564102564014e-03
0.000000000000000000e+00 3.612001424501424252e-01 2.654914529914529919e-01 6.232193732193732315e-03 6.410256410256410034e-03
0.000000000000000000e+00 3.642272079772079785e-01 2.717681623931623713e-01 4.807692307692307959e-03 7.745726495726495964e-03
0.000000000000000000e+00 4.845085470085470081e-01 3.265224358974359031e-01 8.190883190883190695e-03 7.745726495726495964e-03
0.000000000000000000e+00 4.853098290598290565e-01 3.349358974358974117e-01 8.012820512820512109e-03 6.944444444444444059e-03
0.000000000000000000e+00 4.385683760683760646e-01 3.052884615384615641e-01 4.273504273504273934e-03 8.547008547008547868e-03
0.000000000000000000e+00 3.802528490028490027e-01 3.234508547008547175e-01 5.163817663817663398e-03 1.388888888888888812e-02
0.000000000000000000e+00 3.849715099715099731e-01 3.218482905982906206e-01 5.341880341880341984e-03 1.442307692307692388e-02
0.000000000000000000e+00 3.894230769230769273e-01 3.202457264957264682e-01 5.341880341880341984e-03 1.228632478632478604e-02
0.000000000000000000e+00 3.940527065527065775e-01 3.178418803418803229e-01 4.985754985754985678e-03 1.228632478632478604e-02
0.000000000000000000e+00 3.994836182336182206e-01 3.173076923076922906e-01 5.876068376068376009e-03 1.495726495726495790e-02
0.000000000000000000e+00 5.413105413105413488e-01 1.869658119658119677e-01 4.985754985754985678e-03 1.282051282051282007e-02
0.000000000000000000e+00 5.460292022792022637e-01 1.860309829059829112e-01 4.807692307692307959e-03 1.041666666666666609e-02
0.000000000000000000e+00 5.575142450142450690e-01 1.979166666666666574e-01 4.273504273504273934e-03 1.175213675213675202e-02
0.000000000000000000e+00 5.530626780626780592e-01 2.003205128205128305e-01 3.917378917378917629e-03 1.014957264957264994e-02
0.000000000000000000e+00 5.439814814814815103e-01 2.015224358974359031e-01 5.698005698005698290e-03 1.522435897435897405e-02
0.000000000000000000e+00 5.390847578347578439e-01 2.044604700854700807e-01 5.519943019943019703e-03 1.308760683760683795e-02
0.000000000000000000e+00 5.364138176638176825e-01 1.864316239316239354e-01 4.095441595441595348e-03 9.615384615384615918e-03
0.000000000000000000e+00 5.422898860398860377e-01 2.295673076923076816e-01 4.095441595441595348e-03 8.814102564102564014e-03
0.000000000000000000e+00 5.474537037037037202e-01 2.303685897435897301e-01 4.807692307692307959e-03 1.148504273504273587e-02
0.000000000000000000e+00 5.526175213675214026e-01 2.303685897435897301e-01 4.807692307692307959e-03 1.575854700854700807e-02
0.000000000000000000e+00 5.576032763532763337e-01 2.310363247863247982e-01 4.451566951566951653e-03 1.335470085470085409e-02
0.000000000000000000e+00 5.723824786324785974e-01 1.769497863247863345e-01 4.807692307692307959e-03 1.148504273504273587e-02
0.000000000000000000e+00 6.334579772079772519e-01 3.202457264957264682e-01 9.437321937321937332e-03 8.012820512820512109e-03
0.000000000000000000e+00 6.339921652421652842e-01 3.282585470085470081e-01 8.368945868945869282e-03 6.410256410256410034e-03
0.000000000000000000e+00 6.350605413105413488e-01 3.356036324786324521e-01 7.656695156695156670e-03 6.143162393162393022e-03
0.000000000000000000e+00 1.575854700854700807e-02 4.842414529914529919e-01 8.012820512820512109e-03 1.335470085470085409e-02
0.000000000000000000e+00 1.633725071225071157e-01 4.248130341880341776e-01 1.157407407407407343e-02 8.279914529914529989e-03
0.000000000000000000e+00 2.445690883190883291e-01 3.915598290598290565e-01 1.121794871794871799e-02 8.547008547008547868e-03
0.000000000000000000e+00 3.273682336182336394e-01 3.500267094017093794e-01 4.451566951566951653e-03 1.255341880341880392e-02
0.000000000000000000e+00 3.344907407407407551e-01 4.277510683760683552e-01 4.095441595441595348e-03 1.148504273504273587e-02
0.000000000000000000e+00 3.399216524216523982e-01 4.720886752136752018e-01 5.698005698005698290e-03 1.575854700854700807e-02
0.000000000000000000e+00 3.701923076923077094e-01 3.547008547008547175e-01 4.985754985754985678e-03 1.014957264957264994e-02
0.000000000000000000e+00 3.753561253561253364e-01 3.556356837606837740e-01 4.273504273504273934e-03 1.041666666666666609e-02
0.000000000000000000e+00 3.615562678062678170e-01 3.603098290598290565e-01 5.519943019943019703e-03 1.228632478632478604e-02
0.000000000000000000e+00 4.963497150997150942e-01 4.993322649572649596e-01 8.725071225071224720e-03 8.279914529914529989e-03
0.000000000000000000e+00 4.135505698005698116e-01 4.496527777777777901e-01 8.725071225071224720e-03 8.814102564102564014e-03
0.000000000000000000e+00 4.163995726495726690e-01 4.588675213675213471e-01 8.725071225071224720e-03 8.012820512820512109e-03
0.000000000000000000e+00 4.180911680911680861e-01 4.710202991452991372e-01 9.259259259259258745e-03 8.814102564102564014e-03
0.000000000000000000e+00 4.192485754985754709e-01 4.791666666666666852e-01 8.012820512820512109e-03 9.081196581196581893e-03
0.000000000000000000e+00 4.233440170940170888e-01 4.998664529914529919e-01 8.725071225071224720e-03 7.211538461538461939e-03
0.000000000000000000e+00 4.304665242165242045e-01 4.489850427350427498e-01 5.876068376068376009e-03 1.335470085470085409e-02
0.000000000000000000e+00 4.391915954415954171e-01 4.469818376068376287e-01 6.232193732193732315e-03 1.255341880341880392e-02
0.000000000000000000e+00 4.263710826210826421e-01 4.245459401709401615e-01 5.519943019943019703e-03 1.201923076923076990e-02
0.000000000000000000e+00 4.099002849002849058e-01 4.186698717948718063e-01 9.615384615384615918e-03 8.814102564102564014e-03
0.000000000000000000e+00 4.309116809116809166e-01 4.205395299145299193e-01 5.341880341880341984e-03 1.415598290598290600e-02
0.000000000000000000e+00 4.356303418803418870e-01 4.192040598290598385e-01 5.163817663817663398e-03 1.362179487179487197e-02
0.000000000000000000e+00 4.402599715099715372e-01 4.172008547008547175e-01 5.519943019943019703e-03 1.335470085470085409e-02
0.000000000000000000e+00 4.327813390313390296e-01 4.067841880341880323e-01 6.232193732193732315e-03 1.388888888888888812e-02
0.000000000000000000e+00 4.279736467236467390e-01 4.079861111111111049e-01 6.232193732193732315e-03 1.415598290598290600e-02
0.000000000000000000e+00 4.212072649572649596e-01 3.818108974358974117e-01 9.437321937321937332e-03 1.148504273504273587e-02
0.000000000000000000e+00 4.185363247863247982e-01 3.715277777777777901e-01 8.368945868945869282e-03 9.615384615384615918e-03
0.000000000000000000e+00 4.164886039886039892e-01 3.581730769230769273e-01 7.478632478632478951e-03 8.012820512820512109e-03
0.000000000000000000e+00 4.148860398860398924e-01 3.484241452991452825e-01 9.259259259259258745e-03 1.041666666666666609e-02
0.000000000000000000e+00 4.989316239316239354e-01 3.875534188034188143e-01 4.273504273504273934e-03 1.068376068376068397e-02
0.000000000000000000e+00 5.107727920227920215e-01 4.501869658119658224e-01 8.012820512820512109e-03 7.745726495726495964e-03
0.000000000000000000e+00 5.120192307692307265e-01 4.576655982905982745e-01 8.725071225071224720e-03 8.279914529914529989e-03
0.000000000000000000e+00 5.125534188034187588e-01 4.647435897435897578e-01 7.656695156695156670e-03 6.944444444444444059e-03
0.000000000000000000e+00 5.137998575498575748e-01 4.727564102564102422e-01 9.793447293447292770e-03 7.478632478632478951e-03
0.000000000000000000e+00 5.143340455840456071e-01 4.802350427350427498e-01 8.012820512820512109e-03 7.478632478632478951e-03
0.000000000000000000e+00 5.545762108262107803e-01 4.350961538461538547e-01 6.232193732193732315e-03 9.615384615384615918e-03
0.000000000000000000e+00 5.673076923076922906e-01 3.811431623931623713e-01 4.273504273504273934e-03 1.335470085470085409e-02
0.000000000000000000e+00 5.825320512820513219e-01 3.762019230769230727e-01 4.807692307692307959e-03 1.415598290598290600e-02
0.000000000000000000e+00 5.875178062678062529e-01 3.748664529914529919e-01 5.163817663817663398e-03 1.469017094017094002e-02
0.000000000000000000e+00 6.198361823361823175e-01 3.540331196581196771e-01 4.985754985754985678e-03 1.041666666666666609e-02
0.000000000000000000e+00 6.174323361823361722e-01 3.389423076923077094e-01 5.163817663817663398e-03 1.442307692307692388e-02
0.000000000000000000e+00 5.047186609686609149e-01 3.868856837606837740e-01 4.807692307692307959e-03 1.255341880341880392e-02
0.000000000000000000e+00 5.628561253561253919e-01 3.810096153846153633e-01 4.273504273504273934e-03 1.201923076923076990e-02
0.000000000000000000e+00 6.330128205128204844e-01 3.967681623931623713e-01 3.917378917378917629e-03 1.095085470085470011e-02
0.000000000000000000e+00 6.354166666666666297e-01 4.141292735042735318e-01 4.451566951566951653e-03 1.201923076923076990e-02
0.000000000000000000e+00 6.373753561253561184e-01 4.294871794871794601e-01 4.095441595441595348e-03 1.175213675213675202e-02
0.000000000000000000e+00 6.366631054131054457e-01 3.428151709401709435e-01 7.656695156695156670e-03 7.211538461538461939e-03
0.000000000000000000e+00 6.377314814814815103e-01 3.563034188034188143e-01 8.725071225071224720e-03 7.478632478632478951e-03
0.000000000000000000e+00 7.309472934472934780e-01 4.114583333333333148e-01 4.985754985754985678e-03 1.148504273504273587e-02
0.000000000000000000e+00 7.561431623931623713e-01 4.341613247863247982e-01 1.228632478632478604e-02 1.201923076923076990e-02
0.000000000000000000e+00 4.068732193732193386e-02 5.741185897435897578e-01 9.081196581196581893e-03 1.736111111111111188e-02
0.000000000000000000e+00 4.994658119658119955e-02 5.945512820512820484e-01 6.944444444444444059e-03 1.228632478632478604e-02
0.000000000000000000e+00 5.947293447293447444e-02 5.418002136752136932e-01 7.834757834757835257e-03 6.677350427350427046e-03
0.000000000000000000e+00 9.383903133903133409e-02 5.361912393162393542e-01 9.615384615384615918e-03 6.677350427350427046e-03
0.000000000000000000e+00 1.433404558404558493e-01 6.631944444444444198e-01 1.282051282051282007e-02 8.012820512820512109e-03
0.000000000000000000e+00 1.561609686609686520e-01 6.653311965811965489e-01 8.190883190883190695e-03 6.410256410256410034e-03
0.000000000000000000e+00 2.930911680911680861e-01 5.649038461538461453e-01 4.985754985754985678e-03 1.282051282051282007e-02
0.000000000000000000e+00 3.519408831908831803e-01 5.930822649572649041e-01 4.807692307692307959e-03 1.095085470085470011e-02
0.000000000000000000e+00 2.862357549857549865e-01 5.328525641025640969e-01 6.232193732193732315e-03 1.816239316239316379e-02
0.000000000000000000e+00 3.947649572649572502e-01 6.006944444444444198e-01 8.547008547008547868e-03 7.478632478632478951e-03
0.000000000000000000e+00 4.535256410256410242e-01 5.679754273504273865e-01 9.259259259259258745e-03 8.814102564102564014e-03
0.000000000000000000e+00 4.671474358974359031e-01 5.618322649572649041e-01 7.300569800569800365e-03 7.745726495726495964e-03
0.000000000000000000e+00 4.953703703703703498e-01 5.504807692307692735e-01 9.259259259259258745e-03 8.547008547008547868e-03
0.000000000000000000e+00 4.339387464387464144e-01 5.856036324786324521e-01 9.615384615384615918e-03 8.279914529914529989e-03
0.000000000000000000e+00 4.401709401709401615e-01 6.033653846153845812e-01 7.478632478632478951e-03 8.547008547008547868e-03
0.000000000000000000e+00 4.422186609686609704e-01 6.107104700854700807e-01 7.300569800569800365e-03 7.211538461538461939e-03
0.000000000000000000e+00 4.970619658119658224e-01 5.072115384615384359e-01 8.725071225071224720e-03 7.478632478632478951e-03
0.000000000000000000e+00 4.240562678062678170e-01 5.074786324786324521e-01 1.014957264957264994e-02 9.615384615384615918e-03
0.000000000000000000e+00 5.038283475783476018e-01 6.605235042735042583e-01 8.012820512820512109e-03 7.478632478632478951e-03
0.000000000000000000e+00 5.173611111111111605e-01 5.026709401709401615e-01 7.656695156695156670e-03 8.547008547008547868e-03
0.000000000000000000e+00 5.178952991452991927e-01 5.109508547008546619e-01 8.368945868945869282e-03 7.478632478632478951e-03
0.000000000000000000e+00 5.178952991452991927e-01 5.200320512820513219e-01 9.081196581196581893e-03 7.478632478632478951e-03
0.000000000000000000e+00 5.531517094017094349e-01 6.260683760683760646e-01 8.012820512820512109e-03 7.478632478632478951e-03
0.000000000000000000e+00 5.749643874643874941e-01 6.181891025641025328e-01 7.122507122507122646e-03 7.211538461538461939e-03
0.000000000000000000e+00 5.884971509971509418e-01 5.948183760683760646e-01 8.547008547008547868e-03 8.012820512820512109e-03
0.000000000000000000e+00 6.012286324786324521e-01 5.912126068376067911e-01 9.437321937321937332e-03 7.211538461538461939e-03
0.000000000000000000e+00 6.191239316239316448e-01 5.860042735042735318e-01 8.190883190883190695e-03 7.478632478632478951e-03
0.000000000000000000e+00 5.685541310541311066e-01 5.219017094017094349e-01 7.834757834757835257e-03 8.012820512820512109e-03
0.000000000000000000e+00 6.423611111111111605e-01 5.096153846153845812e-01 8.012820512820512109e-03 6.410256410256410034e-03
0.000000000000000000e+00 6.457443019943019946e-01 5.454059829059828557e-01 7.656695156695156670e-03 7.478632478632478951e-03
0.000000000000000000e+00 8.155270655270655533e-01 6.527777777777777901e-01 8.903133903133903307e-03 1.495726495726495790e-02
0.000000000000000000e+00 7.699430199430199462e-01 5.194978632478632896e-01 6.766381766381766340e-03 1.175213675213675202e-02
0.000000000000000000e+00 7.987891737891738009e-01 5.794604700854700807e-01 7.478632478632478951e-03 1.469017094017094002e-02
0.000000000000000000e+00 5.787037037037036716e-03 7.031250000000000000e-01 6.588319088319088621e-03 1.201923076923076990e-02
0.000000000000000000e+00 1.691595441595441715e-02 6.960470085470085166e-01 6.766381766381766340e-03 1.175213675213675202e-02
0.000000000000000000e+00 8.279914529914529989e-03 7.287660256410256610e-01 9.437321937321937332e-03 8.814102564102564014e-03
0.000000000000000000e+00 4.656339031339031681e-02 7.056623931623932089e-01 9.437321937321937332e-03 1.014957264957264994e-02
0.000000000000000000e+00 5.564458689458689350e-02 6.983173076923077094e-01 8.012820512820512109e-03 8.279914529914529989e-03
0.000000000000000000e+00 6.419159544159544484e-02 6.921741452991453381e-01 8.368945868945869282e-03 8.814102564102564014e-03
0.000000000000000000e+00 9.659900284900284351e-02 6.927083333333333703e-01 6.588319088319088621e-03 1.148504273504273587e-02
0.000000000000000000e+00 9.188034188034188698e-02 6.999198717948718063e-01 5.698005698005698290e-03 1.201923076923076990e-02
0.000000000000000000e+00 9.837962962962963631e-02 7.179487179487179516e-01 6.588319088319088621e-03 1.282051282051282007e-02
0.000000000000000000e+00 1.072827635327635309e-01 7.426549145299145005e-01 5.876068376068376009e-03 1.308760683760683795e-02
0.000000000000000000e+00 1.135149572649572641e-01 7.640224358974359031e-01 6.232193732193732315e-03 1.308760683760683795e-02
0.000000000000000000e+00 1.199252136752136794e-01 7.827190170940171443e-01 5.519943019943019703e-03 1.201923076923076990e-02
0.000000000000000000e+00 1.261574074074074125e-01 7.990117521367521292e-01 6.232193732193732315e-03 1.308760683760683795e-02
0.000000000000000000e+00 1.820690883190883291e-01 6.880341880341880323e-01 4.807692307692307959e-03 1.442307692307692388e-02
0.000000000000000000e+00 1.980056980056980054e-01 6.760149572649573058e-01 8.547008547008547868e-03 6.410256410256410034e-03
0.000000000000000000e+00 2.088675213675213749e-01 6.768162393162393542e-01 8.547008547008547868e-03 6.410256410256410034e-03
0.000000000000000000e+00 2.201745014245014287e-01 6.781517094017094349e-01 9.793447293447292770e-03 6.944444444444444059e-03
0.000000000000000000e+00 2.302350427350427220e-01 6.794871794871795156e-01 8.190883190883190695e-03 6.944444444444444059e-03
0.000000000000000000e+00 2.276531339031339085e-01 6.722756410256410797e-01 8.012820512820512109e-03 6.410256410256410034e-03
0.000000000000000000e+00 2.369123931623931534e-01 6.738782051282051766e-01 9.793447293447292770e-03 6.944444444444444059e-03
0.000000000000000000e+00 1.345263532763532888e-01 8.259882478632478708e-01 7.300569800569800365e-03 1.362179487179487197e-02
0.000000000000000000e+00 1.955128205128205121e-01 7.657585470085470636e-01 6.766381766381766340e-03 1.495726495726495790e-02
0.000000000000000000e+00 2.034366096866096763e-01 7.666933760683760646e-01 1.193019943019943060e-02 1.255341880341880392e-02
0.000000000000000000e+00 2.155448717948718063e-01 7.685630341880341776e-01 1.264245014245014322e-02 8.814102564102564014e-03
0.000000000000000000e+00 2.284544159544159569e-01 7.694978632478632896e-01 1.531339031339031334e-02 9.081196581196581893e-03
0.000000000000000000e+00 2.597044159544159569e-01 6.822916666666666297e-01 1.014957264957264994e-02 7.211538461538461939e-03
0.000000000000000000e+00 2.737713675213675479e-01 6.844284188034187588e-01 8.012820512820512109e-03 6.677350427350427046e-03
0.000000000000000000e+00 2.936253561253561184e-01 6.862980769230768718e-01 8.903133903133903307e-03 6.677350427350427046e-03
0.000000000000000000e+00 3.124109686609686798e-01 6.891025641025640969e-01 8.368945868945869282e-03 6.944444444444444059e-03
0.000000000000000000e+00 3.226495726495726690e-01 6.900373931623932089e-01 7.122507122507122646e-03 6.677350427350427046e-03
0.000000000000000000e+00 3.606659544159543929e-01 6.809561965811965489e-01 9.793447293447292770e-03 6.143162393162393022e-03
0.000000000000000000e+00 3.740206552706552556e-01 8.125000000000000000e-01 7.300569800569800365e-03 1.976495726495726413e-02
0.000000000000000000e+00 4.869123931623931534e-01 6.741452991452991927e-01 5.519943019943019703e-03 1.388888888888888812e-02
0.000000000000000000e+00 4.822827635327635587e-01 6.757478632478632896e-01 5.163817663817663398e-03 1.175213675213675202e-02
0.000000000000000000e+00 4.724002849002849058e-01 6.781517094017094349e-01 6.766381766381766340e-03 1.388888888888888812e-02
0.000000000000000000e+00 4.671474358974359031e-01 7.116720085470085166e-01 5.519943019943019703e-03 1.308760683760683795e-02
0.000000000000000000e+00 4.634081196581196771e-01 7.132745726495726135e-01 5.876068376068376009e-03 1.255341880341880392e-02
0.000000000000000000e+00 5.636574074074074403e-01 6.901709401709401615e-01 5.163817663817663398e-03 1.282051282051282007e-02
0.000000000000000000e+00 5.683760683760683552e-01 6.895032051282051766e-01 4.985754985754985678e-03 1.415598290598290600e-02
0.000000000000000000e+00 5.801282051282051766e-01 6.845619658119658224e-01 5.341880341880341984e-03 1.388888888888888812e-02
0.000000000000000000e+00 5.852920227920227481e-01 6.830929487179486781e-01 5.341880341880341984e-03 1.255341880341880392e-02
0.000000000000000000e+00 5.900997150997151497e-01 6.805555555555555802e-01 5.341880341880341984e-03 1.388888888888888812e-02
0.000000000000000000e+00 5.972222222222222099e-01 6.780181623931623713e-01 4.985754985754985678e-03 1.255341880341880392e-02
0.000000000000000000e+00 6.017628205128204844e-01 6.753472222222222099e-01 5.519943019943019703e-03 1.362179487179487197e-02
0.000000000000000000e+00 6.076388888888888395e-01 6.726762820512820484e-01 5.519943019943019703e-03 1.201923076923076990e-02
0.000000000000000000e+00 6.181445868945868449e-01 6.686698717948718063e-01 5.163817663817663398e-03 1.201923076923076990e-02
0.000000000000000000e+00 6.150284900284900269e-01 7.094017094017094349e-01 5.698005698005698290e-03 1.442307692307692388e-02
0.000000000000000000e+00 5.705128205128204844e-01 7.234241452991453381e-01 5.698005698005698290e-03 1.522435897435897405e-02
0.000000000000000000e+00 6.663995726495726135e-01 7.025908119658119677e-01 4.095441595441595348e-03 1.041666666666666609e-02
0.000000000000000000e+00 6.671118233618233972e-01 7.323717948717948234e-01 7.300569800569800365e-03 6.944444444444444059e-03
0.000000000000000000e+00 7.596153846153845812e-01 7.550747863247863068e-01 4.273504273504273934e-03 1.335470085470085409e-02
0.000000000000000000e+00 7.621082621082621023e-01 7.716346153846154188e-01 4.629629629629629373e-03 1.335470085470085409e-02
0.000000000000000000e+00 7.658475783475783283e-01 7.983440170940171443e-01 4.629629629629629373e-03 1.175213675213675202e-02
0.000000000000000000e+00 7.754629629629629095e-01 7.928685897435897578e-01 5.698005698005698290e-03 1.469017094017094002e-02
0.000000000000000000e+00 8.498041310541311066e-01 8.086271367521367104e-01 8.368945868945869282e-03 6.677350427350427046e-03
0.000000000000000000e+00 8.636930199430199462e-01 8.080929487179486781e-01 9.793447293447292770e-03 6.677350427350427046e-03
0.000000000000000000e+00 8.595975783475783283e-01 6.913728632478632896e-01 8.012820512820512109e-03 1.308760683760683795e-02
0.000000000000000000e+00 9.774750712250712681e-01 8.044871794871795156e-01 8.725071225071224720e-03 6.944444444444444059e-03
0.000000000000000000e+00 8.894230769230768718e-01 7.132745726495726135e-01 7.834757834757835257e-03 1.736111111111111188e-02
0.000000000000000000e+00 1.023860398860398924e-02 9.122596153846154188e-01 9.793447293447292770e-03 8.279914529914529989e-03
0.000000000000000000e+00 3.187321937321937332e-02 9.030448717948718063e-01 1.068376068376068397e-02 9.615384615384615918e-03
0.000000000000000000e+00 5.600071225071225067e-02 8.940972222222222099e-01 1.086182336182336255e-02 1.041666666666666609e-02
0.000000000000000000e+00 4.531695156695157017e-02 9.123931623931623713e-01 7.656695156695156670e-03 1.388888888888888812e-02
0.000000000000000000e+00 9.188034188034188698e-02 9.573985042735042583e-01 1.103988603988603941e-02 1.201923076923076990e-02
0.000000000000000000e+00 1.020299145299145283e-01 9.516559829059828557e-01 7.478632478632478951e-03 8.012820512820512109e-03
0.000000000000000000e+00 1.446759259259259300e-01 8.564369658119658224e-01 6.944444444444444059e-03 1.415598290598290600e-02
0.000000000000000000e+00 1.494836182336182206e-01 8.725961538461538547e-01 5.519943019943019703e-03 1.175213675213675202e-02
0.000000000000000000e+00 1.541132478632478708e-01 8.875534188034187588e-01 6.232193732193732315e-03 1.335470085470085409e-02
0.000000000000000000e+00 1.396011396011395955e-01 9.495192307692307265e-01 8.903133903133903307e-03 9.615384615384615918e-03
0.000000000000000000e+00 1.500178062678062807e-01 9.395032051282051766e-01 8.725071225071224720e-03 8.814102564102564014e-03
0.000000000000000000e+00 1.748575498575498655e-01 9.569978632478632896e-01 6.410256410256410034e-03 1.282051282051282007e-02
0.000000000000000000e+00 3.344907407407407551e-01 8.737980769230768718e-01 5.519943019943019703e-03 1.469017094017094002e-02
0.000000000000000000e+00 3.394764957264957417e-01 8.727297008547008073e-01 5.519943019943019703e-03 1.308760683760683795e-02
0.000000000000000000e+00 3.352920227920228036e-01 9.061164529914529364e-01 4.273504273504273934e-03 1.255341880341880392e-02
0.000000000000000000e+00 3.406339031339031265e-01 9.049145299145299193e-01 6.410256410256410034e-03 1.602564102564102422e-02
0.000000000000000000e+00 3.524750712250712126e-01 9.010416666666666297e-01 5.519943019943019703e-03 1.255341880341880392e-02
0.000000000000000000e+00 3.457086894586894332e-01 9.193376068376067911e-01 4.807692307692307959e-03 1.121794871794871799e-02
0.000000000000000000e+00 3.411680911680911588e-01 9.208066239316239354e-01 4.985754985754985678e-03 1.255341880341880392e-02
0.000000000000000000e+00 3.318198005698005937e-01 9.244123931623932089e-01 5.163817663817663398e-03 1.442307692307692388e-02
0.000000000000000000e+00 3.406339031339031265e-01 9.540598290598291120e-01 6.054131054131053728e-03 1.549145299145299193e-02
0.000000000000000000e+00 3.458867521367521292e-01 9.551282051282051766e-01 4.095441595441595348e-03 1.068376068376068397e-02
0.000000000000000000e+00 3.508725071225071157e-01 9.524572649572649041e-01 4.451566951566951653e-03 1.282051282051282007e-02
0.000000000000000000e+00 3.553240740740740700e-01 9.497863247863247427e-01 4.095441595441595348e-03 1.175213675213675202e-02
0.000000000000000000e+00 5.628561253561253919e-01 9.587339743589743390e-01 4.629629629629629373e-03 1.308760683760683795e-02
0.000000000000000000e+00 5.680199430199430743e-01 9.576655982905982745e-01 4.985754985754985678e-03 1.255341880341880392e-02
0.000000000000000000e+00 5.728276353276353650e-01 9.559294871794872250e-01 4.985754985754985678e-03 1.228632478632478604e-02
0.000000000000000000e+00 5.779024216524216717e-01 9.557959401709401615e-01 5.163817663817663398e-03 1.415598290598290600e-02
0.000000000000000000e+00 5.827101139601139623e-01 9.536591880341880323e-01 5.163817663817663398e-03 1.255341880341880392e-02
0.000000000000000000e+00 6.596331908831908342e-01 8.895566239316239354e-01 8.725071225071224720e-03 8.279914529914529989e-03
0.000000000000000000e+00 7.571225071225071712e-01 8.434829059829059839e-01 9.615384615384615918e-03 9.081196581196581893e-03
0.000000000000000000e+00 8.010149572649573058e-01 8.788728632478632896e-01 1.050569800569800538e-02 8.814102564102564014e-03
0.000000000000000000e+00 7.949608262108261991e-01 9.126602564102563875e-01 5.519943019943019703e-03 1.388888888888888812e-02
0.000000000000000000e+00 8.988603988603988126e-01 8.373397435897436125e-01 7.478632478632478951e-03 8.012820512820512109e-03
0.000000000000000000e+00 9.685719373219373596e-01 8.938301282051281937e-01 1.050569800569800538e-02 1.736111111111111188e-02
0.000000000000000000e+00 9.885149572649573058e-01 9.278846153846154188e-01 8.368945868945869282e-03 1.388888888888888812e-02
0.000000000000000000e+00 9.974180911680912143e-01 8.629807692307692735e-01 5.163817663817663398e-03 8.012820512820512109e-03
