0.000000000000000000e+00 1.397792022792022741e-02 3.191773504273504036e-02 8.725071225071224720e-03 8.279914529914529989e-03
0.000000000000000000e+00 1.379985754985755056e-02 4.126602564102564014e-02 1.121794871794871799e-02 9.348290598290598039e-03
0.000000000000000000e+00 1.575854700854700807e-02 5.622329059829059977e-02 5.519943019943019703e-03 7.211538461538461939e-03
0.000000000000000000e+00 1.691595441595441715e-02 6.303418803418803229e-02 8.190883190883190695e-03 6.410256410256410034e-03
0.000000000000000000e+00 1.905270655270655325e-02 7.411858974358974395e-02 9.259259259259258745e-03 8.279914529914529989e-03
0.000000000000000000e+00 2.056623931623931603e-02 8.133012820512820762e-02 8.368945868945869282e-03 8.279914529914529989e-03
0.000000000000000000e+00 7.371794871794871973e-02 7.411858974358974395e-02 4.629629629629629373e-03 1.201923076923076990e-02
0.000000000000000000e+00 8.582621082621082198e-02 8.426816239316239909e-02 4.629629629629629373e-03 1.201923076923076990e-02
0.000000000000000000e+00 9.196937321937322107e-02 3.659188034188034372e-02 4.451566951566951653e-03 1.175213675213675202e-02
0.000000000000000000e+00 3.267450142450142175e-02 1.730769230769230727e-01 4.451566951566951653e-03 1.388888888888888812e-02
0.000000000000000000e+00 3.730413105413105113e-02 1.750801282051281937e-01 5.163817663817663398e-03 1.362179487179487197e-02
0.000000000000000000e+00 4.202279202279202153e-02 1.750801282051281937e-01 4.629629629629629373e-03 1.201923076923076990e-02
0.000000000000000000e+00 4.656339031339031681e-02 1.750801282051281937e-01 4.807692307692307959e-03 1.575854700854700807e-02
0.000000000000000000e+00 7.594373219373219686e-02 2.130074786324786251e-01 5.163817663817663398e-03 1.308760683760683795e-02
0.000000000000000000e+00 6.303418803418803229e-02 2.624198717948718063e-01 4.629629629629629373e-03 1.095085470085470011e-02
0.000000000000000000e+00 6.837606837606838295e-02 2.616185897435897578e-01 4.985754985754985678e-03 1.148504273504273587e-02
0.000000000000000000e+00 5.341880341880341984e-03 3.254540598290598385e-01 8.190883190883190695e-03 6.143162393162393022e-03
0.000000000000000000e+00 1.316773504273504314e-01 3.181089743589743390e-01 1.157407407407407343e-02 9.615384615384615918e-03
0.000000000000000000e+00 1.412927350427350404e-01 3.151709401709401615e-01 7.656695156695156670e-03 7.478632478632478951e-03
0.000000000000000000e+00 1.695156695156695148e-01 3.044871794871794601e-01 1.032763532763532680e-02 8.547008547008547868e-03
0.000000000000000000e+00 1.801994301994301884e-01 3.006143162393162260e-01 7.478632478632478951e-03 6.143162393162393022e-03
0.000000000000000000e+00 4.755163817663817794e-01 2.824519230769230727e-01 9.081196581196581893e-03 8.814102564102564014e-03
0.000000000000000000e+00 4.543269230769230727e-01 2.855235042735042583e-01 7.656695156695156670e-03 8.012820512820512109e-03
0.000000000000000000e+00 4.675925925925926152e-01 2.912660256410256610e-01 7.478632478632478951e-03 7.211538461538461939e-03
0.000000000000000000e+00 4.819266381766381668e-01 2.971420940170940161e-01 1.157407407407407343e-02 1.095085470085470011e-02
0.000000000000000000e+00 5.028490028490028019e-01 3.076923076923077094e-01 8.190883190883190695e-03 8.547008547008547868e-03
0.000000000000000000e+00 5.131766381766381668e-01 3.135683760683760646e-01 8.903133903133903307e-03 9.081196581196581893e-03
0.000000000000000000e+00 5.901887464387464144e-01 2.661591880341880323e-01 6.588319088319088621e-03 1.308760683760683795e-02
0.000000000000000000e+00 5.925035612535612950e-01 2.960737179487179516e-01 9.793447293447292770e-03 9.882478632478632063e-03
0.000000000000000000e+00 6.103988603988603767e-01 3.329326923076922906e-01 7.834757834757835257e-03 8.814102564102564014e-03
0.000000000000000000e+00 5.612535612535612950e-01 2.361111111111111049e-01 5.698005698005698290e-03 1.442307692307692388e-02
0.000000000000000000e+00 5.577813390313390851e-01 2.516025641025640969e-01 6.232193732193732315e-03 1.495726495726495790e-02
0.000000000000000000e+00 9.561965811965811302e-02 3.569711538461538547e-01 6.410256410256410034e-03 1.575854700854700807e-02
0.000000000000000000e+00 9.570868945868946098e-02 3.721955128205128305e-01 4.807692307692307959e-03 1.148504273504273587e-02
0.000000000000000000e+00 7.932692307692307265e-02 4.228098290598290565e-01 6.944444444444444059e-03 1.282051282051282007e-02
0.000000000000000000e+00 5.947293447293447444e-02 4.724893162393162260e-01 7.122507122507122646e-03 1.121794871794871799e-02
0.000000000000000000e+00 5.466524216524216301e-02 4.853098290598290565e-01 7.834757834757835257e-03 1.175213675213675202e-02
0.000000000000000000e+00 3.069800569800569812e-01 3.647168803418803229e-01 8.903133903133903307e-03 1.095085470085470011e-02
0.000000000000000000e+00 3.106303418803418870e-01 3.716613247863247982e-01 7.300569800569800365e-03 1.308760683760683795e-02
0.000000000000000000e+00 3.625356125356125614e-01 4.668803418803418870e-01 8.547008547008547868e-03 6.944444444444444059e-03
0.000000000000000000e+00 3.619123931623931534e-01 4.738247863247863068e-01 7.656695156695156670e-03 7.478632478632478951e-03
0.000000000000000000e+00 4.066951566951567121e-01 3.830128205128205399e-01 4.985754985754985678e-03 1.442307692307692388e-02
0.000000000000000000e+00 4.103454415954416179e-01 3.981036324786324521e-01 5.876068376068376009e-03 1.415598290598290600e-02
0.000000000000000000e+00 4.130163817663817794e-01 4.142628205128205399e-01 5.163817663817663398e-03 1.388888888888888812e-02
0.000000000000000000e+00 5.711360398860398924e-01 4.885149572649572502e-01 6.944444444444444059e-03 8.547008547008547868e-03
0.000000000000000000e+00 5.604522792022792466e-01 3.404113247863247982e-01 7.656695156695156670e-03 8.814102564102564014e-03
0.000000000000000000e+00 1.860754985754985852e-02 5.761217948717948234e-01 6.588319088319088621e-03 1.228632478632478604e-02
0.000000000000000000e+00 3.961894586894586928e-02 6.095085470085470636e-01 8.725071225071224720e-03 8.012820512820512109e-03
0.000000000000000000e+00 3.766025641025640830e-02 6.272702991452991927e-01 8.368945868945869282e-03 9.882478632478632063e-03
0.000000000000000000e+00 8.938746438746439371e-02 6.479700854700854995e-01 8.903133903133903307e-03 8.547008547008547868e-03
0.000000000000000000e+00 7.585470085470084889e-02 6.565170940170940161e-01 9.259259259259258745e-03 1.014957264957264994e-02
0.000000000000000000e+00 4.436431623931623713e-01 5.400641025641025328e-01 5.163817663817663398e-03 1.228632478632478604e-02
0.000000000000000000e+00 5.288461538461538547e-01 6.125801282051281937e-01 8.547008547008547868e-03 7.745726495726495964e-03
0.000000000000000000e+00 5.280448717948718063e-01 6.199252136752136932e-01 8.012820512820512109e-03 8.547008547008547868e-03
0.000000000000000000e+00 5.288461538461538547e-01 6.359508547008546619e-01 8.547008547008547868e-03 9.081196581196581893e-03
0.000000000000000000e+00 3.374287749287749327e-02 6.952457264957264682e-01 6.944444444444444059e-03 7.478632478632478951e-03
0.000000000000000000e+00 2.911324786324786390e-02 7.275641025641025328e-01 1.014957264957264994e-02 1.335470085470085409e-02
0.000000000000000000e+00 9.579772079772079507e-02 6.726762820512820484e-01 7.834757834757835257e-03 8.814102564102564014e-03
0.000000000000000000e+00 1.206374643874643937e-01 6.912393162393162260e-01 7.300569800569800365e-03 8.547008547008547868e-03
0.000000000000000000e+00 1.217058404558404583e-01 6.722756410256410797e-01 8.725071225071224720e-03 9.615384615384615918e-03
0.000000000000000000e+00 1.307870370370370350e-01 6.786858974358974672e-01 7.656695156695156670e-03 8.012820512820512109e-03
0.000000000000000000e+00 1.451210826210826144e-01 6.901709401709401615e-01 7.834757834757835257e-03 9.081196581196581893e-03
0.000000000000000000e+00 1.309650997150997032e-01 6.985844017094017255e-01 7.656695156695156670e-03 9.348290598290598039e-03
0.000000000000000000e+00 1.388888888888888951e-01 7.063301282051281937e-01 9.259259259259258745e-03 1.041666666666666609e-02
0.000000000000000000e+00 1.582086894586894610e-01 7.007211538461538547e-01 7.656695156695156670e-03 7.745726495726495964e-03
0.000000000000000000e+00 1.506410256410256332e-01 7.140758547008546619e-01 9.971509971509971357e-03 1.041666666666666609e-02
0.000000000000000000e+00 1.601673789173789220e-01 7.212873931623932089e-01 9.081196581196581893e-03 9.882478632478632063e-03
0.000000000000000000e+00 1.709401709401709435e-01 7.291666666666666297e-01 8.190883190883190695e-03 9.081196581196581893e-03
0.000000000000000000e+00 1.917735042735042861e-01 7.267628205128204844e-01 8.903133903133903307e-03 8.547008547008547868e-03
0.000000000000000000e+00 1.913283475783475740e-01 7.454594017094017255e-01 8.725071225071224720e-03 1.014957264957264994e-02
0.000000000000000000e+00 2.142984330484330457e-01 7.423878205128204844e-01 6.944444444444444059e-03 8.279914529914529989e-03
0.000000000000000000e+00 2.324608262108261991e-01 8.006143162393162260e-01 6.944444444444444059e-03 1.362179487179487197e-02
0.000000000000000000e+00 2.610398860398860377e-01 7.828525641025640969e-01 8.190883190883190695e-03 9.615384615384615918e-03
0.000000000000000000e+00 2.787571225071225345e-01 8.006143162393162260e-01 6.944444444444444059e-03 8.814102564102564014e-03
0.000000000000000000e+00 2.877492877492877632e-01 8.091613247863247427e-01 8.190883190883190695e-03 9.882478632478632063e-03
0.000000000000000000e+00 2.834757834757834494e-01 8.255876068376067911e-01 8.190883190883190695e-03 1.014957264957264994e-02
0.000000000000000000e+00 4.731125356125356340e-01 7.831196581196581130e-01 5.698005698005698290e-03 1.228632478632478604e-02
0.000000000000000000e+00 4.555733618233618332e-01 8.271901709401708880e-01 5.876068376068376009e-03 1.121794871794871799e-02
0.000000000000000000e+00 4.626958689458689489e-01 8.098290598290598385e-01 6.232193732193732315e-03 9.615384615384615918e-03
0.000000000000000000e+00 4.509437321937321830e-01 6.916399572649573058e-01 9.081196581196581893e-03 8.814102564102564014e-03
0.000000000000000000e+00 4.547720797720797847e-01 6.981837606837606458e-01 7.478632478632478951e-03 7.478632478632478951e-03
0.000000000000000000e+00 4.472044159544159569e-01 7.096688034188034511e-01 9.081196581196581893e-03 8.547008547008547868e-03
0.000000000000000000e+00 4.484508547008547175e-01 7.166132478632478708e-01 9.081196581196581893e-03 7.478632478632478951e-03
0.000000000000000000e+00 4.590455840455840431e-01 7.188835470085470636e-01 6.766381766381766340e-03 6.143162393162393022e-03
0.000000000000000000e+00 4.918091168091168197e-01 6.988514957264957417e-01 6.410256410256410034e-03 1.148504273504273587e-02
0.000000000000000000e+00 4.630519943019942852e-01 6.780181623931623713e-01 5.876068376068376009e-03 1.362179487179487197e-02
0.000000000000000000e+00 4.823717948717948789e-01 6.701388888888888395e-01 6.054131054131053728e-03 1.175213675213675202e-02
0.000000000000000000e+00 5.028490028490028019e-01 7.617521367521367104e-01 7.478632478632478951e-03 8.012820512820512109e-03
0.000000000000000000e+00 2.189280626780626682e-01 8.775373931623932089e-01 7.300569800569800365e-03 1.308760683760683795e-02
0.000000000000000000e+00 2.264066951566951480e-01 8.648504273504273865e-01 7.300569800569800365e-03 1.282051282051282007e-02
0.000000000000000000e+00 2.328169515669515632e-01 8.524305555555555802e-01 5.519943019943019703e-03 9.882478632478632063e-03
0.000000000000000000e+00 2.937143874643874386e-01 8.352029914529914834e-01 8.368945868945869282e-03 1.121794871794871799e-02
0.000000000000000000e+00 3.026175213675213471e-01 8.458867521367521292e-01 8.725071225071224720e-03 1.121794871794871799e-02
0.000000000000000000e+00 3.236289173789173579e-01 8.437500000000000000e-01 6.588319088319088621e-03 9.081196581196581893e-03
0.000000000000000000e+00 3.329772079772079785e-01 8.528311965811965489e-01 8.190883190883190695e-03 1.121794871794871799e-02
0.000000000000000000e+00 3.426816239316239354e-01 8.621794871794872250e-01 6.944444444444444059e-03 9.615384615384615918e-03
0.000000000000000000e+00 3.405448717948718063e-01 8.826121794871795156e-01 8.012820512820512109e-03 9.882478632478632063e-03
0.000000000000000000e+00 3.490918803418803229e-01 8.891559829059828557e-01 6.588319088319088621e-03 9.615384615384615918e-03
0.000000000000000000e+00 3.565705128205128305e-01 8.963675213675214026e-01 6.588319088319088621e-03 9.081196581196581893e-03
0.000000000000000000e+00 3.532763532763532610e-01 8.727297008547008073e-01 7.834757834757835257e-03 1.095085470085470011e-02
0.000000000000000000e+00 3.628027065527065775e-01 8.824786324786324521e-01 9.081196581196581893e-03 1.282051282051282007e-02
0.000000000000000000e+00 3.742877492877492718e-01 9.145299145299145005e-01 8.547008547008547868e-03 1.068376068376068397e-02
0.000000000000000000e+00 3.722400284900284628e-01 9.437767094017094349e-01 6.588319088319088621e-03 1.255341880341880392e-02
0.000000000000000000e+00 3.879095441595441507e-01 9.070512820512820484e-01 8.012820512820512109e-03 1.014957264957264994e-02
0.000000000000000000e+00 3.934294871794871695e-01 9.332264957264957417e-01 6.944444444444444059e-03 9.081196581196581893e-03
0.000000000000000000e+00 3.969017094017093794e-01 9.154647435897436125e-01 8.190883190883190695e-03 1.041666666666666609e-02
0.000000000000000000e+00 4.105235042735042583e-01 9.281517094017094349e-01 7.300569800569800365e-03 9.081196581196581893e-03
0.000000000000000000e+00 3.798967236467236663e-01 9.415064102564102422e-01 6.588319088319088621e-03 1.121794871794871799e-02
0.000000000000000000e+00 4.554843304843304574e-01 9.887820512820513219e-01 8.190883190883190695e-03 1.068376068376068397e-02
0.000000000000000000e+00 4.236111111111111049e-01 8.452190170940171443e-01 7.834757834757835257e-03 9.882478632478632063e-03
0.000000000000000000e+00 4.340277777777777901e-01 8.526976495726495964e-01 5.519943019943019703e-03 1.095085470085470011e-02
0.000000000000000000e+00 4.490740740740740700e-01 8.378739316239316448e-01 6.766381766381766340e-03 1.335470085470085409e-02
0.000000000000000000e+00 4.301103988603988681e-01 8.500267094017094349e-01 5.876068376068376009e-03 1.095085470085470011e-02
0.000000000000000000e+00 9.170227920227920215e-01 2.067307692307692180e-01 6.410256410256410034e-03 1.335470085470085409e-02
0.000000000000000000e+00 9.335826210826211335e-01 2.172809829059829112e-01 6.410256410256410034e-03 1.201923076923076990e-02
0.000000000000000000e+00 9.391915954415954726e-01 2.187500000000000000e-01 5.876068376068376009e-03 1.068376068376068397e-02
0.000000000000000000e+00 9.618945868945868449e-01 2.156784188034188143e-01 7.834757834757835257e-03 7.211538461538461939e-03
0.000000000000000000e+00 9.701745014245014564e-01 2.210202991452991372e-01 6.588319088319088621e-03 6.677350427350427046e-03
0.000000000000000000e+00 9.831730769230768718e-01 2.283653846153846090e-01 8.368945868945869282e-03 9.081196581196581893e-03
0.000000000000000000e+00 9.926994301994301884e-01 2.487980769230769273e-01 5.341880341880341984e-03 1.201923076923076990e-02
0.000000000000000000e+00 9.277955840455840431e-01 5.271100427350426942e-01 7.656695156695156670e-03 1.362179487179487197e-02
0.000000000000000000e+00 9.350961538461538547e-01 5.296474358974359031e-01 6.232193732193732315e-03 1.228632478632478604e-02
0.000000000000000000e+00 8.860398860398860377e-01 6.045673076923077094e-01 7.478632478632478951e-03 6.143162393162393022e-03
0.000000000000000000e+00 8.261217948717948234e-01 4.898504273504273310e-01 9.437321937321937332e-03 1.014957264957264994e-02
0.000000000000000000e+00 8.227386039886039892e-01 4.965277777777777901e-01 8.012820512820512109e-03 9.615384615384615918e-03
0.000000000000000000e+00 8.378739316239316448e-01 4.985309829059829112e-01 9.081196581196581893e-03 9.882478632478632063e-03
0.000000000000000000e+00 8.587962962962962798e-01 5.158920940170940161e-01 9.259259259259258745e-03 9.348290598290598039e-03
0.000000000000000000e+00 7.481303418803418870e-01 3.246527777777777901e-01 6.944444444444444059e-03 1.415598290598290600e-02
0.000000000000000000e+00 7.599715099715099731e-01 3.711271367521367659e-01 6.766381766381766340e-03 1.201923076923076990e-02
0.000000000000000000e+00 7.455484330484331013e-01 4.078525641025640969e-01 6.766381766381766340e-03 1.388888888888888812e-02
0.000000000000000000e+00 7.279202279202279247e-01 2.534722222222222099e-01 6.410256410256410034e-03 1.068376068376068397e-02
0.000000000000000000e+00 6.982727920227920215e-01 1.631944444444444475e-01 6.232193732193732315e-03 1.228632478632478604e-02
0.000000000000000000e+00 6.884793447293446889e-01 1.327457264957264960e-01 6.588319088319088621e-03 1.228632478632478604e-02
0.000000000000000000e+00 6.813568376068376287e-01 4.229433760683760646e-01 7.300569800569800365e-03 9.348290598290598039e-03
0.000000000000000000e+00 7.173254985754985436e-01 4.577991452991452825e-01 9.793447293447292770e-03 1.175213675213675202e-02
0.000000000000000000e+00 7.557870370370370905e-01 4.588675213675213471e-01 8.368945868945869282e-03 1.282051282051282007e-02
0.000000000000000000e+00 7.000534188034187588e-01 3.942307692307692180e-01 8.368945868945869282e-03 9.081196581196581893e-03
0.000000000000000000e+00 8.443732193732194080e-01 9.572649572649573058e-01 4.985754985754985678e-03 1.228632478632478604e-02
0.000000000000000000e+00 5.275997150997151497e-01 6.045673076923077094e-01 7.122507122507122646e-03 7.745726495726495964e-03
0.000000000000000000e+00 5.208333333333333703e-01 6.379540598290598385e-01 7.122507122507122646e-03 7.211538461538461939e-03
0.000000000000000000e+00 5.211894586894586512e-01 6.310096153846154188e-01 5.698005698005698290e-03 6.143162393162393022e-03
0.000000000000000000e+00 4.838853276353276556e-01 2.051282051282051211e-01 5.876068376068376009e-03 1.495726495726495790e-02
0.000000000000000000e+00 4.862001424501424252e-01 1.897702991452991372e-01 5.163817663817663398e-03 1.308760683760683795e-02
