0.000000000000000000e+00 2.590811965811965975e-02 6.436965811965811302e-02 4.451566951566951653e-03 7.478632478632478951e-03
0.000000000000000000e+00 4.407051282051282354e-02 1.156517094017094072e-01 4.451566951566951653e-03 6.944444444444444059e-03
0.000000000000000000e+00 4.237891737891737870e-02 1.322115384615384637e-01 4.629629629629629373e-03 9.615384615384615918e-03
0.000000000000000000e+00 4.994658119658119955e-02 1.382211538461538547e-01 8.368945868945869282e-03 5.608974358974358997e-03
0.000000000000000000e+00 4.861111111111111188e-02 1.566506410256410242e-01 4.985754985754985678e-03 1.095085470085470011e-02
0.000000000000000000e+00 1.014957264957264960e-01 8.146367521367521569e-02 7.122507122507122646e-03 1.175213675213675202e-02
0.000000000000000000e+00 2.403846153846153980e-02 1.477029914529914556e-01 4.629629629629629373e-03 6.944444444444444059e-03
0.000000000000000000e+00 2.181267806267806267e-02 1.550480769230769273e-01 7.300569800569800365e-03 9.882478632478632063e-03
0.000000000000000000e+00 1.834045584045583890e-02 1.590544871794871695e-01 6.054131054131053728e-03 8.279914529914529989e-03
0.000000000000000000e+00 1.264245014245014287e-01 1.282051282051281937e-01 5.698005698005698290e-03 9.081196581196581893e-03
0.000000000000000000e+00 5.493233618233617915e-02 3.525641025641025605e-02 7.656695156695156670e-03 7.478632478632478951e-03
0.000000000000000000e+00 1.181445868945869004e-01 1.140491452991452964e-01 1.228632478632478604e-02 1.869658119658119608e-02
0.000000000000000000e+00 5.831552706552706883e-02 1.655982905982905928e-01 5.876068376068376009e-03 5.341880341880341984e-03
0.000000000000000000e+00 1.384437321937321830e-01 1.201923076923076955e-01 8.368945868945869282e-03 8.547008547008547868e-03
0.000000000000000000e+00 1.883903133903133964e-01 6.276709401709401615e-02 7.122507122507122646e-03 1.388888888888888812e-02
0.000000000000000000e+00 1.834935897435897301e-01 9.054487179487179238e-02 7.300569800569800365e-03 1.388888888888888812e-02
0.000000000000000000e+00 1.901709401709401615e-01 1.088408119658119677e-01 5.341880341880341984e-03 9.348290598290598039e-03
0.000000000000000000e+00 3.528311965811966044e-01 4.086538461538461592e-02 7.300569800569800365e-03 5.876068376068376009e-03
0.000000000000000000e+00 3.611111111111111049e-01 3.872863247863247982e-02 6.410256410256410034e-03 4.807692307692307959e-03
0.000000000000000000e+00 3.782941595441595695e-01 3.485576923076923184e-02 7.656695156695156670e-03 6.143162393162393022e-03
0.000000000000000000e+00 3.903133903133902960e-01 4.821047008547008766e-02 4.273504273504273934e-03 1.041666666666666609e-02
0.000000000000000000e+00 4.042022792022791911e-01 4.567307692307692041e-02 4.273504273504273934e-03 9.615384615384615918e-03
0.000000000000000000e+00 4.085648148148148251e-01 4.473824786324786390e-02 4.451566951566951653e-03 9.348290598290598039e-03
0.000000000000000000e+00 4.448896011396011319e-01 3.792735042735042444e-02 6.588319088319088621e-03 5.876068376068376009e-03
0.000000000000000000e+00 4.901175213675213471e-01 2.564102564102564014e-02 8.012820512820512109e-03 5.876068376068376009e-03
0.000000000000000000e+00 3.841702279202279247e-01 1.215277777777777797e-02 4.451566951566951653e-03 1.255341880341880392e-02
0.000000000000000000e+00 4.547720797720797847e-01 1.642628205128205190e-02 8.547008547008547868e-03 6.677350427350427046e-03
0.000000000000000000e+00 4.441773504273504036e-01 1.923076923076923184e-02 5.876068376068376009e-03 6.944444444444444059e-03
0.000000000000000000e+00 4.772970085470085722e-01 1.121794871794871799e-02 8.012820512820512109e-03 5.876068376068376009e-03
0.000000000000000000e+00 4.993767806267806475e-01 5.608974358974358997e-03 8.368945868945869282e-03 5.341880341880341984e-03
0.000000000000000000e+00 4.006410256410256610e-01 1.517094017094016978e-01 7.122507122507122646e-03 5.876068376068376009e-03
0.000000000000000000e+00 4.023326210826210780e-01 1.577190170940170888e-01 8.012820512820512109e-03 6.677350427350427046e-03
0.000000000000000000e+00 5.021367521367521292e-01 2.363782051282051211e-02 8.547008547008547868e-03 5.608974358974358997e-03
0.000000000000000000e+00 5.151353276353276556e-01 2.043269230769230796e-02 8.190883190883190695e-03 5.608974358974358997e-03
0.000000000000000000e+00 5.278668091168091658e-01 1.722756410256410381e-02 6.944444444444444059e-03 6.143162393162393022e-03
0.000000000000000000e+00 5.245726495726495964e-01 1.469017094017094002e-03 6.054131054131053728e-03 1.869658119658119738e-03
0.000000000000000000e+00 5.413105413105413488e-01 2.457264957264957209e-02 5.341880341880341984e-03 1.335470085470085409e-02
0.000000000000000000e+00 5.468304843304843121e-01 2.377136752136752018e-02 4.629629629629629373e-03 1.282051282051282007e-02
0.000000000000000000e+00 8.694800569800569257e-01 1.300747863247863345e-01 4.273504273504273934e-03 1.014957264957264994e-02
0.000000000000000000e+00 8.883547008547008073e-01 1.527777777777777901e-01 6.766381766381766340e-03 6.410256410256410034e-03
0.000000000000000000e+00 8.875534188034187588e-01 1.398237179487179516e-01 8.368945868945869282e-03 6.143162393162393022e-03
0.000000000000000000e+00 8.866631054131054457e-01 1.324786324786324798e-01 7.656695156695156670e-03 5.876068376068376009e-03
0.000000000000000000e+00 8.861289173789174134e-01 1.251335470085470081e-01 6.588319088319088621e-03 5.608974358974358997e-03
0.000000000000000000e+00 8.847934472934473327e-01 1.192574786324786390e-01 8.190883190883190695e-03 6.677350427350427046e-03
0.000000000000000000e+00 2.902421652421652287e-02 3.153044871794871695e-01 3.917378917378917629e-03 7.211538461538461939e-03
0.000000000000000000e+00 4.184472934472934641e-02 3.087606837606837740e-01 4.273504273504273934e-03 9.615384615384615918e-03
0.000000000000000000e+00 5.680199430199429911e-02 2.919337606837607013e-01 7.834757834757835257e-03 8.547008547008547868e-03
0.000000000000000000e+00 7.327279202279202153e-02 2.777777777777777901e-01 7.300569800569800365e-03 9.081196581196581893e-03
0.000000000000000000e+00 2.162571225071225067e-01 1.881677350427350404e-01 8.725071225071224720e-03 6.677350427350427046e-03
0.000000000000000000e+00 2.211538461538461453e-01 2.196848290598290565e-01 6.410256410256410034e-03 1.255341880341880392e-02
0.000000000000000000e+00 2.458155270655270619e-01 2.322382478632478708e-01 6.232193732193732315e-03 1.095085470085470011e-02
0.000000000000000000e+00 2.115384615384615363e-01 2.242254273504273587e-01 4.985754985754985678e-03 1.255341880341880392e-02
0.000000000000000000e+00 2.171474358974359031e-01 2.228899572649572780e-01 5.876068376068376009e-03 1.095085470085470011e-02
0.000000000000000000e+00 2.253383190883190834e-01 2.506677350427350404e-01 5.876068376068376009e-03 8.814102564102564014e-03
0.000000000000000000e+00 2.150997150997150942e-01 2.538728632478632341e-01 4.985754985754985678e-03 1.095085470085470011e-02
0.000000000000000000e+00 2.101139601139601076e-01 2.558760683760683552e-01 4.629629629629629373e-03 1.175213675213675202e-02
0.000000000000000000e+00 2.008547008547008628e-01 2.662927350427350404e-01 3.205128205128205017e-03 5.341880341880341984e-03
0.000000000000000000e+00 2.506232193732193525e-01 2.760416666666666852e-01 5.876068376068376009e-03 1.148504273504273587e-02
0.000000000000000000e+00 1.916844729344729381e-01 2.711004273504273310e-01 4.095441595441595348e-03 1.121794871794871799e-02
0.000000000000000000e+00 1.925747863247863345e-01 2.845886752136752018e-01 5.163817663817663398e-03 1.362179487179487197e-02
0.000000000000000000e+00 1.943554131054130996e-01 3.015491452991452825e-01 4.807692307692307959e-03 1.282051282051282007e-02
0.000000000000000000e+00 2.071759259259259300e-01 3.336004273504273310e-01 3.027065527065526864e-03 8.547008547008547868e-03
0.000000000000000000e+00 2.753739316239316448e-01 2.371794871794871695e-01 7.656695156695156670e-03 6.944444444444444059e-03
0.000000000000000000e+00 2.863247863247863068e-01 2.338408119658119677e-01 8.190883190883190695e-03 6.677350427350427046e-03
0.000000000000000000e+00 3.049323361823361722e-01 2.290331196581196493e-01 7.656695156695156670e-03 6.143162393162393022e-03
0.000000000000000000e+00 3.150819088319088412e-01 2.258279914529914556e-01 9.081196581196581893e-03 8.279914529914529989e-03
0.000000000000000000e+00 3.239850427350427498e-01 2.236912393162393264e-01 6.232193732193732315e-03 5.608974358974358997e-03
0.000000000000000000e+00 3.484686609686609704e-01 2.184829059829059839e-01 7.478632478632478951e-03 6.944444444444444059e-03
0.000000000000000000e+00 3.636039886039886260e-01 2.139423076923076816e-01 8.903133903133903307e-03 7.478632478632478951e-03
0.000000000000000000e+00 3.726851851851851749e-01 2.119391025641025605e-01 6.410256410256410034e-03 5.074786324786324972e-03
0.000000000000000000e+00 3.291488603988603767e-01 2.374465811965811857e-01 9.793447293447292770e-03 4.273504273504273934e-03
0.000000000000000000e+00 3.383190883190883014e-01 2.347756410256410242e-01 6.766381766381766340e-03 4.807692307692307959e-03
0.000000000000000000e+00 3.490028490028490027e-01 2.319711538461538547e-01 8.903133903133903307e-03 6.143162393162393022e-03
0.000000000000000000e+00 3.572827635327635587e-01 2.290331196581196493e-01 5.163817663817663398e-03 4.006410256410256054e-03
0.000000000000000000e+00 3.639601139601139623e-01 2.276976495726495686e-01 6.410256410256410034e-03 5.074786324786324972e-03
0.000000000000000000e+00 3.749109686609686798e-01 2.236912393162393264e-01 8.368945868945869282e-03 3.472222222222222029e-03
0.000000000000000000e+00 3.809650997150997309e-01 2.091346153846153910e-01 7.300569800569800365e-03 6.410256410256410034e-03
0.000000000000000000e+00 3.948539886039886260e-01 2.067307692307692180e-01 6.944444444444444059e-03 6.410256410256410034e-03
0.000000000000000000e+00 4.030448717948718063e-01 2.041933760683760646e-01 6.588319088319088621e-03 6.143162393162393022e-03
0.000000000000000000e+00 4.030448717948718063e-01 1.705395299145299193e-01 9.437321937321937332e-03 9.348290598290598039e-03
0.000000000000000000e+00 4.048254985754985991e-01 1.840277777777777901e-01 9.437321937321937332e-03 6.410256410256410034e-03
0.000000000000000000e+00 3.982371794871794601e-01 2.182158119658119677e-01 8.725071225071224720e-03 5.341880341880341984e-03
0.000000000000000000e+00 4.087428774928774655e-01 2.156784188034188143e-01 8.368945868945869282e-03 5.074786324786324972e-03
0.000000000000000000e+00 4.243233618233618332e-01 2.122061965811965767e-01 7.478632478632478951e-03 5.608974358974358997e-03
0.000000000000000000e+00 4.323361823361823175e-01 1.967147435897435848e-01 6.410256410256410034e-03 6.143162393162393022e-03
0.000000000000000000e+00 4.588675213675213471e-01 1.897702991452991372e-01 6.054131054131053728e-03 6.677350427350427046e-03
0.000000000000000000e+00 4.675925925925926152e-01 1.887019230769230727e-01 9.259259259259258745e-03 7.211538461538461939e-03
0.000000000000000000e+00 4.918091168091168197e-01 1.817574786324786251e-01 7.834757834757835257e-03 6.677350427350427046e-03
0.000000000000000000e+00 4.825498575498575748e-01 1.979166666666666574e-01 7.478632478632478951e-03 4.273504273504273934e-03
0.000000000000000000e+00 5.043625356125356340e-01 1.778846153846153910e-01 8.368945868945869282e-03 6.410256410256410034e-03
0.000000000000000000e+00 5.167378917378917524e-01 1.900373931623931534e-01 6.410256410256410034e-03 5.608974358974358997e-03
0.000000000000000000e+00 5.265313390313390851e-01 1.873664529914529919e-01 7.834757834757835257e-03 6.143162393162393022e-03
0.000000000000000000e+00 5.798611111111111605e-01 1.740117521367521292e-01 9.437321937321937332e-03 7.745726495726495964e-03
0.000000000000000000e+00 6.204594017094017255e-01 3.166399572649572502e-01 5.163817663817663398e-03 1.148504273504273587e-02
0.000000000000000000e+00 6.926638176638176825e-01 3.265224358974359031e-01 5.698005698005698290e-03 1.362179487179487197e-02
0.000000000000000000e+00 7.295227920227920215e-01 3.151709401709401615e-01 4.273504273504273934e-03 9.081196581196581893e-03
0.000000000000000000e+00 6.831374643874643660e-01 3.290598290598290565e-01 5.519943019943019703e-03 1.228632478632478604e-02
0.000000000000000000e+00 6.880341880341880323e-01 3.269230769230769273e-01 5.698005698005698290e-03 1.121794871794871799e-02
0.000000000000000000e+00 6.789529914529914834e-01 3.297275641025640969e-01 6.054131054131053728e-03 1.362179487179487197e-02
0.000000000000000000e+00 6.742343304843304574e-01 3.306623931623931534e-01 4.807692307692307959e-03 1.388888888888888812e-02
0.000000000000000000e+00 6.437856125356125059e-01 1.985844017094016978e-01 7.656695156695156670e-03 8.279914529914529989e-03
0.000000000000000000e+00 8.550569800569800538e-01 1.957799145299145283e-01 4.273504273504273934e-03 9.615384615384615918e-03
0.000000000000000000e+00 8.254095441595441507e-01 2.049946581196581130e-01 4.451566951566951653e-03 9.882478632478632063e-03
0.000000000000000000e+00 8.410790598290598385e-01 2.162126068376068466e-01 4.095441595441595348e-03 1.148504273504273587e-02
0.000000000000000000e+00 8.349358974358974672e-01 2.037927350427350404e-01 3.917378917378917629e-03 1.068376068376068397e-02
0.000000000000000000e+00 8.300391737891738009e-01 2.049946581196581130e-01 4.807692307692307959e-03 1.095085470085470011e-02
0.000000000000000000e+00 8.278133903133902960e-01 2.194177350427350404e-01 4.985754985754985678e-03 1.148504273504273587e-02
0.000000000000000000e+00 8.231837606837606458e-01 2.216880341880341776e-01 4.629629629629629373e-03 1.014957264957264994e-02
0.000000000000000000e+00 8.405448717948718063e-01 2.465277777777777901e-01 5.163817663817663398e-03 1.228632478632478604e-02
0.000000000000000000e+00 8.358262108262107803e-01 2.465277777777777901e-01 3.917378917378917629e-03 1.549145299145299193e-02
0.000000000000000000e+00 8.313746438746438816e-01 2.457264957264957139e-01 4.629629629629629373e-03 1.068376068376068397e-02
0.000000000000000000e+00 8.271901709401708880e-01 2.471955128205128305e-01 4.451566951566951653e-03 9.882478632478632063e-03
0.000000000000000000e+00 9.112357549857549310e-01 3.309294871794871695e-01 9.437321937321937332e-03 7.478632478632478951e-03
0.000000000000000000e+00 2.142094017094016978e-01 4.141292735042735318e-01 4.629629629629629373e-03 1.148504273504273587e-02
0.000000000000000000e+00 2.097578347578347713e-01 3.632478632478632341e-01 3.205128205128205017e-03 1.068376068376068397e-02
0.000000000000000000e+00 2.116274928774928843e-01 3.779380341880341776e-01 3.383190883190883170e-03 1.068376068376068397e-02
0.000000000000000000e+00 2.190170940170940161e-01 4.608707264957264682e-01 4.273504273504273934e-03 1.201923076923076990e-02
0.000000000000000000e+00 2.222222222222222099e-01 4.943910256410256610e-01 4.273504273504273934e-03 1.068376068376068397e-02
0.000000000000000000e+00 2.834757834757834494e-01 3.812767094017093794e-01 6.410256410256410034e-03 1.148504273504273587e-02
0.000000000000000000e+00 3.026175213675213471e-01 4.038461538461538547e-01 6.232193732193732315e-03 1.068376068376068397e-02
0.000000000000000000e+00 3.073361823361823175e-01 4.206730769230769273e-01 7.122507122507122646e-03 1.388888888888888812e-02
0.000000000000000000e+00 3.027955840455840431e-01 4.256143162393162260e-01 9.081196581196581893e-03 1.575854700854700807e-02
0.000000000000000000e+00 2.978098290598290565e-01 4.281517094017093794e-01 5.876068376068376009e-03 1.068376068376068397e-02
0.000000000000000000e+00 2.936253561253561184e-01 4.139957264957264682e-01 5.698005698005698290e-03 1.121794871794871799e-02
0.000000000000000000e+00 2.775997150997150942e-01 3.640491452991452825e-01 5.698005698005698290e-03 1.228632478632478604e-02
0.000000000000000000e+00 2.726139601139601076e-01 3.462873931623931534e-01 6.410256410256410034e-03 1.255341880341880392e-02
0.000000000000000000e+00 3.332443019943019946e-01 4.827724358974359031e-01 4.807692307692307959e-03 7.211538461538461939e-03
0.000000000000000000e+00 4.728454415954416179e-01 4.256143162393162260e-01 1.157407407407407343e-02 9.882478632478632063e-03
0.000000000000000000e+00 6.235754985754985436e-01 3.409455128205128305e-01 4.985754985754985678e-03 1.148504273504273587e-02
0.000000000000000000e+00 6.255341880341880323e-01 3.564369658119658224e-01 5.341880341880341984e-03 1.201923076923076990e-02
0.000000000000000000e+00 5.480769230769231282e-01 3.956997863247863068e-01 1.068376068376068397e-02 8.814102564102564014e-03
0.000000000000000000e+00 6.398682336182336394e-01 3.920940170940170888e-01 5.519943019943019703e-03 1.388888888888888812e-02
0.000000000000000000e+00 6.321225071225071712e-01 4.301549145299145560e-01 5.341880341880341984e-03 1.095085470085470011e-02
0.000000000000000000e+00 6.651531339031339085e-01 3.620459401709401615e-01 5.163817663817663398e-03 1.095085470085470011e-02
0.000000000000000000e+00 6.701388888888888395e-01 3.625801282051281937e-01 4.451566951566951653e-03 8.814102564102564014e-03
0.000000000000000000e+00 6.567841880341880323e-01 3.663194444444444198e-01 5.163817663817663398e-03 1.148504273504273587e-02
0.000000000000000000e+00 6.367521367521367104e-01 4.719551282051281937e-01 4.985754985754985678e-03 1.388888888888888812e-02
0.000000000000000000e+00 7.066417378917378977e-01 3.553685897435897578e-01 8.012820512820512109e-03 1.148504273504273587e-02
0.000000000000000000e+00 7.084223646723646350e-01 3.653846153846153633e-01 7.656695156695156670e-03 9.615384615384615918e-03
0.000000000000000000e+00 7.101139601139601076e-01 3.778044871794871695e-01 8.547008547008547868e-03 9.882478632478632063e-03
0.000000000000000000e+00 7.126068376068376287e-01 3.878205128205128305e-01 9.615384615384615918e-03 1.175213675213675202e-02
0.000000000000000000e+00 7.187500000000000000e-01 4.114583333333333148e-01 6.232193732193732315e-03 1.308760683760683795e-02
0.000000000000000000e+00 7.234686609686609149e-01 4.103899572649572502e-01 5.341880341880341984e-03 1.308760683760683795e-02
0.000000000000000000e+00 7.172364672364672789e-01 4.276175213675213471e-01 5.341880341880341984e-03 1.228632478632478604e-02
0.000000000000000000e+00 7.215099715099715372e-01 4.509882478632478708e-01 6.054131054131053728e-03 1.255341880341880392e-02
0.000000000000000000e+00 7.294337606837606458e-01 4.495192307692307820e-01 6.588319088319088621e-03 1.282051282051282007e-02
0.000000000000000000e+00 7.218660968660968180e-01 4.245459401709401615e-01 5.341880341880341984e-03 1.362179487179487197e-02
0.000000000000000000e+00 7.264066951566952035e-01 4.229433760683760646e-01 4.807692307692307959e-03 1.255341880341880392e-02
0.000000000000000000e+00 7.304131054131054457e-01 4.209401709401709435e-01 4.985754985754985678e-03 1.335470085470085409e-02
0.000000000000000000e+00 7.027243589743589203e-01 4.213408119658119677e-01 7.300569800569800365e-03 8.279914529914529989e-03
0.000000000000000000e+00 7.068198005698005382e-01 4.500534188034188143e-01 5.519943019943019703e-03 5.876068376068376009e-03
0.000000000000000000e+00 7.094017094017094349e-01 4.594017094017093794e-01 5.341880341880341984e-03 5.876068376068376009e-03
0.000000000000000000e+00 7.110933048433047965e-01 4.695512820512820484e-01 5.163817663817663398e-03 5.876068376068376009e-03
0.000000000000000000e+00 7.124287749287748772e-01 4.784989316239316448e-01 4.985754985754985678e-03 6.677350427350427046e-03
0.000000000000000000e+00 7.159900284900284628e-01 4.970619658119658224e-01 4.985754985754985678e-03 5.876068376068376009e-03
0.000000000000000000e+00 8.029736467236466835e-01 5.016025641025640969e-01 7.300569800569800365e-03 8.547008547008547868e-03
0.000000000000000000e+00 7.840099715099715372e-01 4.975961538461538547e-01 8.190883190883190695e-03 6.410256410256410034e-03
0.000000000000000000e+00 8.378739316239316448e-01 4.381677350427350404e-01 5.876068376068376009e-03 9.882478632478632063e-03
0.000000000000000000e+00 7.859686609686609149e-01 3.932959401709401615e-01 4.985754985754985678e-03 1.095085470085470011e-02
0.000000000000000000e+00 7.908653846153845812e-01 3.923611111111111049e-01 5.163817663817663398e-03 1.228632478632478604e-02
0.000000000000000000e+00 7.961182336182336394e-01 4.517895299145299193e-01 7.478632478632478951e-03 7.211538461538461939e-03
0.000000000000000000e+00 7.978988603988603767e-01 4.591346153846153633e-01 8.190883190883190695e-03 7.478632478632478951e-03
0.000000000000000000e+00 7.983440170940171443e-01 4.662126068376068466e-01 7.300569800569800365e-03 7.211538461538461939e-03
0.000000000000000000e+00 7.989672364672364413e-01 4.735576923076922906e-01 9.259259259259258745e-03 7.478632478632478951e-03
0.000000000000000000e+00 7.993233618233618332e-01 4.811698717948718063e-01 7.834757834757835257e-03 7.745726495726495964e-03
0.000000000000000000e+00 9.123041310541311066e-01 3.377403846153846367e-01 8.368945868945869282e-03 6.677350427350427046e-03
0.000000000000000000e+00 9.130163817663817794e-01 3.452190170940170888e-01 8.012820512820512109e-03 7.211538461538461939e-03
0.000000000000000000e+00 9.143518518518518601e-01 3.520299145299145560e-01 7.122507122507122646e-03 7.478632478632478951e-03
0.000000000000000000e+00 9.158653846153845812e-01 3.644497863247863068e-01 8.368945868945869282e-03 6.677350427350427046e-03
0.000000000000000000e+00 2.092236467236467320e-02 5.391292735042735318e-01 1.264245014245014322e-02 1.255341880341880392e-02
0.000000000000000000e+00 2.237357549857549865e-01 5.093482905982905651e-01 4.095441595441595348e-03 1.068376068376068397e-02
0.000000000000000000e+00 2.253383190883190834e-01 5.224358974358974672e-01 4.095441595441595348e-03 1.175213675213675202e-02
0.000000000000000000e+00 2.197293447293447166e-01 5.665064102564102422e-01 6.766381766381766340e-03 8.547008547008547868e-03
0.000000000000000000e+00 2.398504273504273587e-01 5.731837606837606458e-01 8.547008547008547868e-03 5.341880341880341984e-03
0.000000000000000000e+00 2.417200854700854717e-01 5.799946581196581130e-01 7.656695156695156670e-03 5.608974358974358997e-03
0.000000000000000000e+00 2.423433048433048520e-01 5.864049145299145005e-01 9.259259259259258745e-03 6.143162393162393022e-03
0.000000000000000000e+00 2.439458689458689489e-01 5.980235042735042583e-01 7.122507122507122646e-03 5.341880341880341984e-03
0.000000000000000000e+00 2.447471509971509973e-01 6.051014957264957417e-01 8.725071225071224720e-03 5.608974358974358997e-03
0.000000000000000000e+00 2.499109686609686520e-01 6.323450854700854995e-01 8.368945868945869282e-03 5.608974358974358997e-03
0.000000000000000000e+00 2.685185185185185452e-01 5.749198717948718063e-01 4.985754985754985678e-03 1.415598290598290600e-02
0.000000000000000000e+00 2.552528490028490027e-01 6.030982905982905651e-01 8.368945868945869282e-03 6.410256410256410034e-03
0.000000000000000000e+00 2.573005698005698116e-01 6.292735042735042583e-01 6.766381766381766340e-03 6.410256410256410034e-03
0.000000000000000000e+00 3.735754985754985991e-01 5.351228632478632896e-01 7.122507122507122646e-03 4.540598290598290947e-03
0.000000000000000000e+00 3.558582621082621023e-01 5.653044871794872250e-01 8.012820512820512109e-03 1.362179487179487197e-02
0.000000000000000000e+00 3.649394586894587067e-01 5.842681623931623713e-01 6.944444444444444059e-03 1.148504273504273587e-02
0.000000000000000000e+00 3.793625356125356340e-01 5.862713675213675479e-01 6.588319088319088621e-03 1.121794871794871799e-02
0.000000000000000000e+00 3.844373219373219408e-01 5.978899572649573058e-01 6.054131054131053728e-03 1.041666666666666609e-02
0.000000000000000000e+00 3.899572649572649596e-01 6.107104700854700807e-01 6.766381766381766340e-03 1.201923076923076990e-02
0.000000000000000000e+00 4.040242165242165506e-01 6.444978632478632896e-01 7.834757834757835257e-03 7.478632478632478951e-03
0.000000000000000000e+00 4.527243589743589758e-01 6.497061965811965489e-01 1.050569800569800538e-02 7.745726495726495964e-03
0.000000000000000000e+00 4.642094017094017255e-01 6.518429487179486781e-01 7.834757834757835257e-03 7.745726495726495964e-03
0.000000000000000000e+00 4.061609686609686798e-01 5.307158119658119677e-01 8.547008547008547868e-03 6.944444444444444059e-03
0.000000000000000000e+00 5.033831908831908342e-01 6.621260683760683552e-01 7.834757834757835257e-03 6.944444444444444059e-03
0.000000000000000000e+00 5.132656695156695426e-01 6.629273504273504036e-01 8.012820512820512109e-03 7.478632478632478951e-03
0.000000000000000000e+00 5.237713675213675479e-01 6.635950854700854995e-01 9.081196581196581893e-03 6.677350427350427046e-03
0.000000000000000000e+00 5.316061253561253919e-01 6.585202991452991927e-01 6.588319088319088621e-03 5.608974358974358997e-03
0.000000000000000000e+00 5.398860398860398924e-01 6.605235042735042583e-01 8.903133903133903307e-03 6.944444444444444059e-03
0.000000000000000000e+00 5.338319088319087857e-01 6.651976495726495964e-01 7.834757834757835257e-03 6.677350427350427046e-03
0.000000000000000000e+00 5.614316239316239354e-01 6.684027777777777901e-01 9.259259259259258745e-03 6.677350427350427046e-03
0.000000000000000000e+00 5.936609686609686243e-01 5.950854700854700807e-01 4.629629629629629373e-03 1.121794871794871799e-02
0.000000000000000000e+00 6.026531339031339085e-01 5.825320512820513219e-01 7.300569800569800365e-03 5.341880341880341984e-03
0.000000000000000000e+00 5.873397435897436125e-01 5.280448717948718063e-01 5.163817663817663398e-03 1.549145299145299193e-02
0.000000000000000000e+00 5.933938746438746081e-01 5.586271367521367104e-01 4.807692307692307959e-03 1.201923076923076990e-02
0.000000000000000000e+00 6.020299145299145005e-01 5.563568376068376287e-01 4.273504273504273934e-03 1.175213675213675202e-02
0.000000000000000000e+00 6.694266381766381668e-01 6.530448717948718063e-01 6.232193732193732315e-03 1.228632478632478604e-02
0.000000000000000000e+00 6.476139601139601076e-01 5.845352564102563875e-01 4.629629629629629373e-03 9.348290598290598039e-03
0.000000000000000000e+00 6.465455840455840431e-01 5.090811965811965489e-01 4.985754985754985678e-03 1.228632478632478604e-02
0.000000000000000000e+00 6.868767806267805920e-01 5.928151709401708880e-01 8.368945868945869282e-03 9.348290598290598039e-03
0.000000000000000000e+00 7.241809116809116986e-01 5.777243589743589203e-01 8.547008547008547868e-03 8.547008547008547868e-03
0.000000000000000000e+00 7.425213675213675479e-01 5.618322649572649041e-01 8.903133903133903307e-03 7.211538461538461939e-03
0.000000000000000000e+00 7.173254985754985436e-01 5.044070512820513219e-01 5.876068376068376009e-03 5.074786324786324972e-03
0.000000000000000000e+00 7.605056980056980054e-01 6.645299145299145005e-01 6.054131054131053728e-03 1.228632478632478604e-02
0.000000000000000000e+00 7.696759259259259300e-01 6.639957264957264682e-01 5.519943019943019703e-03 1.175213675213675202e-02
0.000000000000000000e+00 7.739494301994301884e-01 6.615918803418803229e-01 5.163817663817663398e-03 1.335470085470085409e-02
0.000000000000000000e+00 7.890847578347578439e-01 6.497061965811965489e-01 6.944444444444444059e-03 7.211538461538461939e-03
0.000000000000000000e+00 8.352029914529914834e-01 6.165865384615384359e-01 8.012820512820512109e-03 6.677350427350427046e-03
0.000000000000000000e+00 8.693019943019942852e-01 5.877403846153845812e-01 8.547008547008547868e-03 5.608974358974358997e-03
0.000000000000000000e+00 8.560363247863247427e-01 6.096420940170940161e-01 6.944444444444444059e-03 7.745726495726495964e-03
0.000000000000000000e+00 8.771367521367521292e-01 6.646634615384615641e-01 3.917378917378917629e-03 1.255341880341880392e-02
0.000000000000000000e+00 8.501602564102563875e-01 5.192307692307692735e-01 7.656695156695156670e-03 6.944444444444444059e-03
0.000000000000000000e+00 8.028846153846154188e-01 5.174946581196581130e-01 8.547008547008547868e-03 6.677350427350427046e-03
0.000000000000000000e+00 7.813390313390313757e-01 5.458066239316239354e-01 8.547008547008547868e-03 7.211538461538461939e-03
0.000000000000000000e+00 7.548967236467236663e-01 5.559561965811965489e-01 8.012820512820512109e-03 6.143162393162393022e-03
0.000000000000000000e+00 8.028846153846154188e-01 5.092147435897436125e-01 8.190883190883190695e-03 6.677350427350427046e-03
0.000000000000000000e+00 7.834757834757835049e-01 5.048076923076922906e-01 7.122507122507122646e-03 6.410256410256410034e-03
0.000000000000000000e+00 8.812321937321937471e-01 5.845352564102563875e-01 9.259259259259258745e-03 7.211538461538461939e-03
0.000000000000000000e+00 8.814102564102563875e-01 6.641292735042735318e-01 5.698005698005698290e-03 1.255341880341880392e-02
0.000000000000000000e+00 8.865740740740740700e-01 6.621260683760683552e-01 6.054131054131053728e-03 1.388888888888888812e-02
0.000000000000000000e+00 8.974358974358974672e-01 6.575854700854700807e-01 4.629629629629629373e-03 1.121794871794871799e-02
0.000000000000000000e+00 9.457799145299145005e-01 6.211271367521367104e-01 8.368945868945869282e-03 8.814102564102564014e-03
0.000000000000000000e+00 9.421296296296296502e-01 6.018963675213675479e-01 9.615384615384615918e-03 7.745726495726495964e-03
0.000000000000000000e+00 8.977029914529914834e-01 5.797275641025640969e-01 8.012820512820512109e-03 6.143162393162393022e-03
0.000000000000000000e+00 2.157229344729344744e-01 8.219818376068376287e-01 4.807692307692307959e-03 1.201923076923076990e-02
0.000000000000000000e+00 2.322827635327635309e-01 7.490651709401708880e-01 6.232193732193732315e-03 1.041666666666666609e-02
0.000000000000000000e+00 2.264066951566951480e-01 7.780448717948718063e-01 4.807692307692307959e-03 1.335470085470085409e-02
0.000000000000000000e+00 3.332443019943019946e-01 6.788194444444444198e-01 4.807692307692307959e-03 1.041666666666666609e-02
0.000000000000000000e+00 3.232727920227920215e-01 6.853632478632478708e-01 5.519943019943019703e-03 1.175213675213675202e-02
0.000000000000000000e+00 3.150819088319088412e-01 6.889690170940171443e-01 4.095441595441595348e-03 9.348290598290598039e-03
0.000000000000000000e+00 2.738603988603988681e-01 7.935363247863247427e-01 4.629629629629629373e-03 1.068376068376068397e-02
0.000000000000000000e+00 2.773326210826210780e-01 8.137019230769231282e-01 5.876068376068376009e-03 1.415598290598290600e-02
0.000000000000000000e+00 2.864138176638176825e-01 7.966079059829059839e-01 4.807692307692307959e-03 9.882478632478632063e-03
0.000000000000000000e+00 2.897970085470085722e-01 8.134348290598291120e-01 6.944444444444444059e-03 1.575854700854700807e-02
0.000000000000000000e+00 3.091168091168091103e-01 7.175480769230768718e-01 8.190883190883190695e-03 7.745726495726495964e-03
0.000000000000000000e+00 3.261217948717948789e-01 7.100694444444444198e-01 8.012820512820512109e-03 8.279914529914529989e-03
0.000000000000000000e+00 3.353810541310541238e-01 7.059294871794872250e-01 6.232193732193732315e-03 6.944444444444444059e-03
0.000000000000000000e+00 3.617343304843304574e-01 6.892361111111111605e-01 7.656695156695156670e-03 9.348290598290598039e-03
0.000000000000000000e+00 3.701923076923077094e-01 6.817574786324785974e-01 6.766381766381766340e-03 7.745726495726495964e-03
0.000000000000000000e+00 3.077813390313390296e-01 6.904380341880341776e-01 4.807692307692307959e-03 1.175213675213675202e-02
0.000000000000000000e+00 3.780270655270655533e-01 6.764155982905982745e-01 7.834757834757835257e-03 7.745726495726495964e-03
0.000000000000000000e+00 4.045584045584045829e-01 6.837606837606837740e-01 6.410256410256410034e-03 1.068376068376068397e-02
0.000000000000000000e+00 4.156873219373219408e-01 6.805555555555555802e-01 6.232193732193732315e-03 1.121794871794871799e-02
0.000000000000000000e+00 4.212962962962962798e-01 6.985844017094017255e-01 7.834757834757835257e-03 1.308760683760683795e-02
0.000000000000000000e+00 4.324252136752136932e-01 7.302350427350426942e-01 5.519943019943019703e-03 1.121794871794871799e-02
0.000000000000000000e+00 4.406160968660968735e-01 7.544070512820513219e-01 6.944444444444444059e-03 1.308760683760683795e-02
0.000000000000000000e+00 4.100783475783476018e-01 7.005876068376067911e-01 7.122507122507122646e-03 1.282051282051282007e-02
0.000000000000000000e+00 4.181801994301994063e-01 7.242254273504273865e-01 6.232193732193732315e-03 1.201923076923076990e-02
0.000000000000000000e+00 4.252136752136752018e-01 7.435897435897436125e-01 7.122507122507122646e-03 1.335470085470085409e-02
0.000000000000000000e+00 4.303774928774928843e-01 7.614850427350426942e-01 5.698005698005698290e-03 1.121794871794871799e-02
0.000000000000000000e+00 4.492521367521367659e-01 7.805822649572649041e-01 6.410256410256410034e-03 1.362179487179487197e-02
0.000000000000000000e+00 4.536146723646723444e-01 7.954059829059828557e-01 5.876068376068376009e-03 1.335470085470085409e-02
0.000000000000000000e+00 4.360754985754985991e-01 7.763087606837606458e-01 6.766381766381766340e-03 1.148504273504273587e-02
0.000000000000000000e+00 4.439102564102563875e-01 8.019497863247863068e-01 6.410256410256410034e-03 1.308760683760683795e-02
0.000000000000000000e+00 4.539707977207977363e-01 8.299946581196581130e-01 6.944444444444444059e-03 1.415598290598290600e-02
0.000000000000000000e+00 5.019586894586894887e-01 7.457264957264957417e-01 6.054131054131053728e-03 1.442307692307692388e-02
0.000000000000000000e+00 5.105056980056980054e-01 7.471955128205127750e-01 1.068376068376068397e-02 1.255341880341880392e-02
0.000000000000000000e+00 5.214565527065526673e-01 7.486645299145299193e-01 1.157407407407407343e-02 9.615384615384615918e-03
0.000000000000000000e+00 5.334757834757835049e-01 7.491987179487179516e-01 1.210826210826210746e-02 1.014957264957264994e-02
0.000000000000000000e+00 5.382834757834757955e-01 7.642895299145299193e-01 5.698005698005698290e-03 1.362179487179487197e-02
0.000000000000000000e+00 5.743411680911680861e-01 6.702724358974359031e-01 7.656695156695156670e-03 6.143162393162393022e-03
0.000000000000000000e+00 5.931267806267805920e-01 6.716079059829059839e-01 7.122507122507122646e-03 6.143162393162393022e-03
0.000000000000000000e+00 6.104878917378917524e-01 6.748130341880341776e-01 7.300569800569800365e-03 6.143162393162393022e-03
0.000000000000000000e+00 6.202813390313390851e-01 6.750801282051281937e-01 6.944444444444444059e-03 6.143162393162393022e-03
0.000000000000000000e+00 6.687143874643874941e-01 7.871260683760683552e-01 5.876068376068376009e-03 1.175213675213675202e-02
0.000000000000000000e+00 8.502492877492877632e-01 6.778846153846154188e-01 4.985754985754985678e-03 1.175213675213675202e-02
0.000000000000000000e+00 8.454415954415954726e-01 6.776175213675214026e-01 4.985754985754985678e-03 1.014957264957264994e-02
0.000000000000000000e+00 8.605769230769231282e-01 6.720085470085470636e-01 4.629629629629629373e-03 1.228632478632478604e-02
0.000000000000000000e+00 8.652955840455840431e-01 6.696047008547008073e-01 5.163817663817663398e-03 1.335470085470085409e-02
0.000000000000000000e+00 7.516025641025640969e-01 6.983173076923077094e-01 5.698005698005698290e-03 1.201923076923076990e-02
0.000000000000000000e+00 7.552528490028490582e-01 6.968482905982905651e-01 5.519943019943019703e-03 1.228632478632478604e-02
0.000000000000000000e+00 8.903133903133902960e-01 6.809561965811965489e-01 7.834757834757835257e-03 1.201923076923076990e-02
0.000000000000000000e+00 9.443554131054131551e-01 7.170138888888888395e-01 4.451566951566951653e-03 5.608974358974358997e-03
0.000000000000000000e+00 9.615384615384615918e-03 8.882211538461538547e-01 9.259259259259258745e-03 8.814102564102564014e-03
0.000000000000000000e+00 2.038817663817663745e-02 8.948985042735042583e-01 9.081196581196581893e-03 9.348290598290598039e-03
0.000000000000000000e+00 1.308760683760683795e-02 9.098557692307692735e-01 9.793447293447292770e-03 9.348290598290598039e-03
0.000000000000000000e+00 2.590811965811965975e-02 9.188034188034187588e-01 1.121794871794871799e-02 1.068376068376068397e-02
0.000000000000000000e+00 4.059829059829059977e-02 9.289529914529914834e-01 7.834757834757835257e-03 9.615384615384615918e-03
0.000000000000000000e+00 4.896723646723646906e-02 9.350961538461538547e-01 9.259259259259258745e-03 1.014957264957264994e-02
0.000000000000000000e+00 8.173076923076923184e-02 9.595352564102563875e-01 7.834757834757835257e-03 1.041666666666666609e-02
0.000000000000000000e+00 2.150997150997150942e-01 8.404113247863247427e-01 3.917378917378917629e-03 1.362179487179487197e-02
0.000000000000000000e+00 1.326566951566951480e-01 9.947916666666666297e-01 8.547008547008547868e-03 1.041666666666666609e-02
0.000000000000000000e+00 1.380876068376068466e-01 9.095886752136752573e-01 8.012820512820512109e-03 8.814102564102564014e-03
0.000000000000000000e+00 2.231125356125356063e-01 9.244123931623932089e-01 6.054131054131053728e-03 1.335470085470085409e-02
0.000000000000000000e+00 2.294337606837606736e-01 9.813034188034187588e-01 5.519943019943019703e-03 1.335470085470085409e-02
0.000000000000000000e+00 2.495548433048433157e-01 9.360309829059828557e-01 3.739316239316239476e-03 9.882478632478632063e-03
0.000000000000000000e+00 2.518696581196581130e-01 9.654113247863247427e-01 4.451566951566951653e-03 1.041666666666666609e-02
0.000000000000000000e+00 2.475961538461538547e-01 9.647435897435897578e-01 4.807692307692307959e-03 1.282051282051282007e-02
0.000000000000000000e+00 1.863425925925925875e-01 9.428418803418803229e-01 5.876068376068376009e-03 1.282051282051282007e-02
0.000000000000000000e+00 1.817129629629629650e-01 9.569978632478632896e-01 4.807692307692307959e-03 1.068376068376068397e-02
0.000000000000000000e+00 2.255163817663817794e-01 9.618055555555555802e-01 6.944444444444444059e-03 2.029914529914529989e-02
0.000000000000000000e+00 2.822293447293447444e-01 8.410790598290598385e-01 5.341880341880341984e-03 1.335470085470085409e-02
0.000000000000000000e+00 2.951388888888888951e-01 8.537660256410256610e-01 5.519943019943019703e-03 1.308760683760683795e-02
0.000000000000000000e+00 2.870370370370370350e-01 8.652510683760683552e-01 5.341880341880341984e-03 9.882478632478632063e-03
0.000000000000000000e+00 3.282585470085470081e-01 8.823450854700854995e-01 7.656695156695156670e-03 8.814102564102564014e-03
0.000000000000000000e+00 3.481125356125356340e-01 8.732638888888888395e-01 9.259259259259258745e-03 8.279914529914529989e-03
0.000000000000000000e+00 3.606659544159543929e-01 8.820779914529914834e-01 6.588319088319088621e-03 1.308760683760683795e-02
0.000000000000000000e+00 3.268340455840456071e-01 9.715544871794872250e-01 5.519943019943019703e-03 1.095085470085470011e-02
0.000000000000000000e+00 3.105413105413105668e-01 9.715544871794872250e-01 6.766381766381766340e-03 7.211538461538461939e-03
0.000000000000000000e+00 3.100961538461538547e-01 9.648771367521367104e-01 8.012820512820512109e-03 7.745726495726495964e-03
0.000000000000000000e+00 3.086716524216523982e-01 9.588675213675214026e-01 6.944444444444444059e-03 5.876068376068376009e-03
0.000000000000000000e+00 3.079594017094017255e-01 9.521901709401708880e-01 7.656695156695156670e-03 7.478632478632478951e-03
0.000000000000000000e+00 3.005698005698005937e-01 9.077190170940171443e-01 8.190883190883190695e-03 7.745726495726495964e-03
0.000000000000000000e+00 3.011039886039886260e-01 9.147970085470085166e-01 8.190883190883190695e-03 8.547008547008547868e-03
0.000000000000000000e+00 3.024394586894587067e-01 9.221420940170940161e-01 9.793447293447292770e-03 8.279914529914529989e-03
0.000000000000000000e+00 3.031517094017093794e-01 9.289529914529914834e-01 7.656695156695156670e-03 6.944444444444444059e-03
0.000000000000000000e+00 2.569444444444444198e-01 9.631410256410256610e-01 5.698005698005698290e-03 1.335470085470085409e-02
0.000000000000000000e+00 4.581552706552706744e-01 8.450854700854700807e-01 5.698005698005698290e-03 1.068376068376068397e-02
0.000000000000000000e+00 4.629629629629629650e-01 8.600427350427350959e-01 7.478632478632478951e-03 1.335470085470085409e-02
0.000000000000000000e+00 4.045584045584045829e-01 9.249465811965812412e-01 1.032763532763532680e-02 1.121794871794871799e-02
0.000000000000000000e+00 4.091880341880341776e-01 9.433760683760683552e-01 1.032763532763532680e-02 1.014957264957264994e-02
0.000000000000000000e+00 4.140847578347578439e-01 9.194711538461538547e-01 7.300569800569800365e-03 7.211538461538461939e-03
0.000000000000000000e+00 4.492521367521367659e-01 9.173344017094017255e-01 7.478632478632478951e-03 8.814102564102564014e-03
0.000000000000000000e+00 4.584223646723646906e-01 9.087873931623932089e-01 9.081196581196581893e-03 9.882478632478632063e-03
0.000000000000000000e+00 4.816595441595441507e-01 9.244123931623932089e-01 6.054131054131053728e-03 1.228632478632478604e-02
0.000000000000000000e+00 4.903846153846153633e-01 9.131944444444444198e-01 7.478632478632478951e-03 1.549145299145299193e-02
0.000000000000000000e+00 4.980413105413105668e-01 9.395032051282051766e-01 5.698005698005698290e-03 1.255341880341880392e-02
0.000000000000000000e+00 4.934116809116809166e-01 9.663461538461538547e-01 6.766381766381766340e-03 1.228632478632478604e-02
0.000000000000000000e+00 4.978632478632478708e-01 9.807692307692307265e-01 7.122507122507122646e-03 1.335470085470085409e-02
0.000000000000000000e+00 5.012464387464387050e-01 9.536591880341880323e-01 7.122507122507122646e-03 1.415598290598290600e-02
0.000000000000000000e+00 5.134437321937321830e-01 9.951923076923077094e-01 5.876068376068376009e-03 9.081196581196581893e-03
0.000000000000000000e+00 6.367521367521367104e-01 8.468215811965812412e-01 4.985754985754985678e-03 1.362179487179487197e-02
0.000000000000000000e+00 6.483262108262107803e-01 8.725961538461538547e-01 4.985754985754985678e-03 1.175213675213675202e-02
0.000000000000000000e+00 6.320334757834757955e-01 8.478899572649573058e-01 5.519943019943019703e-03 1.362179487179487197e-02
0.000000000000000000e+00 6.380876068376067911e-01 8.766025641025640969e-01 6.232193732193732315e-03 1.549145299145299193e-02
0.000000000000000000e+00 6.425391737891738009e-01 8.906250000000000000e-01 4.095441595441595348e-03 1.041666666666666609e-02
0.000000000000000000e+00 6.379985754985755264e-01 8.916933760683760646e-01 4.985754985754985678e-03 1.095085470085470011e-02
0.000000000000000000e+00 6.323005698005698116e-01 8.772702991452991927e-01 4.985754985754985678e-03 1.308760683760683795e-02
0.000000000000000000e+00 6.298076923076922906e-01 8.954326923076922906e-01 4.629629629629629373e-03 1.148504273504273587e-02
0.000000000000000000e+00 6.375534188034187588e-01 9.229433760683760646e-01 5.519943019943019703e-03 1.469017094017094002e-02
0.000000000000000000e+00 6.428062678062678170e-01 9.233440170940171443e-01 4.629629629629629373e-03 9.081196581196581893e-03
0.000000000000000000e+00 6.514423076923077094e-01 9.180021367521367104e-01 5.163817663817663398e-03 1.068376068376068397e-02
0.000000000000000000e+00 6.471688034188034511e-01 9.208066239316239354e-01 4.451566951566951653e-03 1.041666666666666609e-02
0.000000000000000000e+00 6.343482905982905651e-01 9.712873931623932089e-01 8.725071225071224720e-03 8.814102564102564014e-03
0.000000000000000000e+00 6.358618233618233972e-01 9.869123931623932089e-01 7.478632478632478951e-03 6.944444444444444059e-03
0.000000000000000000e+00 6.517094017094017255e-01 9.951923076923077094e-01 4.985754985754985678e-03 8.547008547008547868e-03
0.000000000000000000e+00 6.582977207977207534e-01 9.941239316239316448e-01 5.341880341880341984e-03 1.068376068376068397e-02
0.000000000000000000e+00 6.713853276353276556e-01 9.910523504273504036e-01 4.095441595441595348e-03 9.882478632478632063e-03
0.000000000000000000e+00 8.327991452991453381e-01 8.745993589743589203e-01 8.903133903133903307e-03 8.279914529914529989e-03
0.000000000000000000e+00 8.120548433048433434e-01 9.155982905982905651e-01 7.656695156695156670e-03 1.121794871794871799e-02
0.000000000000000000e+00 8.606659544159543929e-01 9.644764957264957417e-01 1.014957264957264994e-02 2.083333333333333218e-02
0.000000000000000000e+00 8.597756410256410797e-01 9.260149572649573058e-01 5.519943019943019703e-03 1.335470085470085409e-02
0.000000000000000000e+00 8.554131054131054457e-01 9.261485042735042583e-01 5.341880341880341984e-03 1.308760683760683795e-02
0.000000000000000000e+00 8.645833333333333703e-01 9.237446581196581130e-01 5.163817663817663398e-03 1.308760683760683795e-02
0.000000000000000000e+00 8.507834757834757955e-01 9.285523504273504036e-01 4.985754985754985678e-03 1.255341880341880392e-02
0.000000000000000000e+00 9.012642450142450690e-01 8.556356837606837740e-01 8.725071225071224720e-03 7.211538461538461939e-03
0.000000000000000000e+00 6.639066951566952035e-01 9.937232905982905651e-01 4.807692307692307959e-03 1.041666666666666609e-02
