0.000000000000000000e+00 1.734330484330484368e-01 1.308760683760683795e-02 4.985754985754985678e-03 1.495726495726495790e-02
0.000000000000000000e+00 1.619480056980056870e-01 3.632478632478632757e-02 4.451566951566951653e-03 1.228632478632478604e-02
0.000000000000000000e+00 1.599893162393162260e-01 5.675747863247863206e-02 4.451566951566951653e-03 1.469017094017094002e-02
0.000000000000000000e+00 1.596331908831908897e-01 7.959401709401708880e-02 4.807692307692307959e-03 1.495726495726495790e-02
0.000000000000000000e+00 1.312321937321937193e-01 9.722222222222222376e-02 7.478632478632478951e-03 6.410256410256410034e-03
0.000000000000000000e+00 1.704059829059829112e-01 9.348290598290598385e-02 3.917378917378917629e-03 1.175213675213675202e-02
0.000000000000000000e+00 1.582086894586894610e-01 1.065705128205128166e-01 5.519943019943019703e-03 1.495726495726495790e-02
0.000000000000000000e+00 1.477920227920228036e-01 1.625267094017094072e-01 5.698005698005698290e-03 1.415598290598290600e-02
0.000000000000000000e+00 3.451745014245014009e-01 1.842948717948717993e-02 4.807692307692307959e-03 1.228632478632478604e-02
0.000000000000000000e+00 3.580840455840456071e-01 1.749465811965811995e-02 4.629629629629629373e-03 1.362179487179487197e-02
0.000000000000000000e+00 3.448183760683760646e-01 6.810897435897435293e-02 4.095441595441595348e-03 1.121794871794871799e-02
0.000000000000000000e+00 3.599537037037037202e-01 6.276709401709401615e-02 4.451566951566951653e-03 1.388888888888888812e-02
0.000000000000000000e+00 3.591524216524216717e-01 7.719017094017094349e-02 4.985754985754985678e-03 1.335470085470085409e-02
0.000000000000000000e+00 3.606659544159543929e-01 1.079059829059829112e-01 4.807692307692307959e-03 1.388888888888888812e-02
0.000000000000000000e+00 3.172186609686609704e-01 1.387553418803418870e-01 1.050569800569800538e-02 7.745726495726495964e-03
0.000000000000000000e+00 3.301282051282051211e-01 1.395566239316239354e-01 8.903133903133903307e-03 7.211538461538461939e-03
0.000000000000000000e+00 3.285256410256410242e-01 1.463675213675213749e-01 8.547008547008547868e-03 6.410256410256410034e-03
0.000000000000000000e+00 3.455306267806267928e-01 1.562500000000000000e-01 4.807692307692307959e-03 1.282051282051282007e-02
0.000000000000000000e+00 4.922542735042735318e-01 3.605769230769230449e-02 8.012820512820512109e-03 1.282051282051282007e-02
0.000000000000000000e+00 5.385505698005698116e-01 5.341880341880341984e-03 8.368945868945869282e-03 9.615384615384615918e-03
0.000000000000000000e+00 5.186965811965812412e-01 1.534455128205128305e-01 7.834757834757835257e-03 8.279914529914529989e-03
0.000000000000000000e+00 9.553952991452991927e-01 1.609241452991453103e-01 7.656695156695156670e-03 9.348290598290598039e-03
0.000000000000000000e+00 1.228632478632478570e-01 2.120726495726495686e-01 8.903133903133903307e-03 1.121794871794871799e-02
0.000000000000000000e+00 1.205484330484330457e-01 2.505341880341880323e-01 7.122507122507122646e-03 1.335470085470085409e-02
0.000000000000000000e+00 1.120904558404558354e-01 2.697649572649572502e-01 7.656695156695156670e-03 1.282051282051282007e-02
0.000000000000000000e+00 8.431267806267805920e-02 2.592147435897436125e-01 8.012820512820512109e-03 1.148504273504273587e-02
0.000000000000000000e+00 1.250890313390313480e-01 2.689636752136752018e-01 6.588319088319088621e-03 1.228632478632478604e-02
0.000000000000000000e+00 1.175213675213675202e-01 2.851228632478632341e-01 6.054131054131053728e-03 1.201923076923076990e-02
0.000000000000000000e+00 1.382656695156695148e-01 2.024572649572649596e-01 7.300569800569800365e-03 1.602564102564102422e-02
0.000000000000000000e+00 1.278490028490028574e-01 2.349091880341880323e-01 7.122507122507122646e-03 1.469017094017094002e-02
0.000000000000000000e+00 1.626602564102564152e-01 1.943108974358974395e-01 8.725071225071224720e-03 8.814102564102564014e-03
0.000000000000000000e+00 1.661324786324786251e-01 1.870993589743589758e-01 8.547008547008547868e-03 8.814102564102564014e-03
0.000000000000000000e+00 1.265135327635327767e-01 3.146367521367521292e-01 8.725071225071224720e-03 1.068376068376068397e-02
0.000000000000000000e+00 1.495726495726495686e-01 2.059294871794871695e-01 4.985754985754985678e-03 1.175213675213675202e-02
0.000000000000000000e+00 1.455662393162393264e-01 2.220886752136752018e-01 5.876068376068376009e-03 1.148504273504273587e-02
0.000000000000000000e+00 1.310541310541310511e-01 2.536057692307692180e-01 4.629629629629629373e-03 9.882478632478632063e-03
0.000000000000000000e+00 2.503561253561253364e-01 2.650908119658119677e-01 5.341880341880341984e-03 1.469017094017094002e-02
0.000000000000000000e+00 3.502492877492877632e-01 2.875267094017093794e-01 5.341880341880341984e-03 1.415598290598290600e-02
0.000000000000000000e+00 3.522079772079771964e-01 3.129006410256410242e-01 5.341880341880341984e-03 1.629273504273504383e-02
0.000000000000000000e+00 3.457977207977208089e-01 1.736111111111111049e-01 4.273504273504273934e-03 1.442307692307692388e-02
0.000000000000000000e+00 2.777777777777777901e-01 3.178418803418803229e-01 4.985754985754985678e-03 1.335470085470085409e-02
0.000000000000000000e+00 2.846331908831908897e-01 3.174412393162392987e-01 4.095441595441595348e-03 1.255341880341880392e-02
0.000000000000000000e+00 2.584579772079771964e-01 2.661591880341880323e-01 5.876068376068376009e-03 1.575854700854700807e-02
0.000000000000000000e+00 3.466880341880341776e-01 2.159455128205128305e-01 4.273504273504273934e-03 1.415598290598290600e-02
0.000000000000000000e+00 3.481125356125356340e-01 2.382478632478632341e-01 4.629629629629629373e-03 1.442307692307692388e-02
0.000000000000000000e+00 3.794515669515669543e-01 1.732104700854700807e-01 8.903133903133903307e-03 6.677350427350427046e-03
0.000000000000000000e+00 4.878917378917378977e-01 1.777510683760683829e-01 6.766381766381766340e-03 8.279914529914529989e-03
0.000000000000000000e+00 3.869301994301994063e-01 2.434561965811965767e-01 4.985754985754985678e-03 7.745726495726495964e-03
0.000000000000000000e+00 5.242165242165242045e-01 2.568108974358974117e-01 8.903133903133903307e-03 1.041666666666666609e-02
0.000000000000000000e+00 5.210113960113960108e-01 2.665598290598290565e-01 1.210826210826210746e-02 1.549145299145299193e-02
0.000000000000000000e+00 8.840811965811966322e-02 3.563034188034188143e-01 4.807692307692307959e-03 1.121794871794871799e-02
0.000000000000000000e+00 6.980056980056979776e-02 3.930288461538461453e-01 4.985754985754985678e-03 1.148504273504273587e-02
0.000000000000000000e+00 8.190883190883191389e-02 4.037126068376068466e-01 4.629629629629629373e-03 1.148504273504273587e-02
0.000000000000000000e+00 9.615384615384615918e-03 3.500267094017093794e-01 8.903133903133903307e-03 8.279914529914529989e-03
0.000000000000000000e+00 1.014957264957264994e-02 3.596420940170940161e-01 1.068376068376068397e-02 8.814102564102564014e-03
0.000000000000000000e+00 1.175213675213675202e-02 3.818108974358974117e-01 6.410256410256410034e-03 5.074786324786324972e-03
0.000000000000000000e+00 1.486823361823361861e-02 3.932959401709401615e-01 9.437321937321937332e-03 6.677350427350427046e-03
0.000000000000000000e+00 1.620370370370370280e-02 3.997061965811966044e-01 8.190883190883190695e-03 7.211538461538461939e-03
0.000000000000000000e+00 1.691595441595441715e-02 4.118589743589743390e-01 9.259259259259258745e-03 7.478632478632478951e-03
0.000000000000000000e+00 2.795584045584045482e-02 4.918536324786324521e-01 4.629629629629629373e-03 1.522435897435897405e-02
0.000000000000000000e+00 3.249643874643874664e-02 4.933226495726495964e-01 4.807692307692307959e-03 1.442307692307692388e-02
0.000000000000000000e+00 3.739316239316239215e-02 4.934561965811966044e-01 4.629629629629629373e-03 1.201923076923076990e-02
0.000000000000000000e+00 4.228988603988603767e-02 4.942574786324786529e-01 5.163817663817663398e-03 1.629273504273504383e-02
0.000000000000000000e+00 2.868589743589743390e-01 3.493589743589743390e-01 4.273504273504273934e-03 1.335470085470085409e-02
0.000000000000000000e+00 5.476317663817663606e-01 4.034455128205128305e-01 6.588319088319088621e-03 1.362179487179487197e-02
0.000000000000000000e+00 5.520833333333333703e-01 4.206730769230769273e-01 5.876068376068376009e-03 1.335470085470085409e-02
0.000000000000000000e+00 5.499465811965812412e-01 4.743589743589743390e-01 5.519943019943019703e-03 1.175213675213675202e-02
0.000000000000000000e+00 7.009437321937321830e-01 5.004006410256410797e-01 6.232193732193732315e-03 1.041666666666666609e-02
0.000000000000000000e+00 6.327457264957264682e-01 4.431089743589743390e-01 7.656695156695156670e-03 8.012820512820512109e-03
0.000000000000000000e+00 7.184829059829059283e-02 5.323183760683760646e-01 5.519943019943019703e-03 1.175213675213675202e-02
0.000000000000000000e+00 6.410256410256409687e-02 5.809294871794872250e-01 4.629629629629629373e-03 1.175213675213675202e-02
0.000000000000000000e+00 5.867165242165241906e-02 5.822649572649573058e-01 4.451566951566951653e-03 1.175213675213675202e-02
0.000000000000000000e+00 8.039529914529915111e-02 5.132211538461538547e-01 3.739316239316239476e-03 8.814102564102564014e-03
0.000000000000000000e+00 1.276709401709401615e-01 6.386217948717948234e-01 1.175213675213675202e-02 9.081196581196581893e-03
0.000000000000000000e+00 1.368411680911680861e-01 6.346153846153845812e-01 7.300569800569800365e-03 6.944444444444444059e-03
0.000000000000000000e+00 1.655982905982905928e-01 6.241987179487179516e-01 9.615384615384615918e-03 8.547008547008547868e-03
0.000000000000000000e+00 1.762820512820512941e-01 6.205929487179486781e-01 7.834757834757835257e-03 6.677350427350427046e-03
0.000000000000000000e+00 4.721331908831908897e-01 5.309829059829059839e-01 4.807692307692307959e-03 1.388888888888888812e-02
0.000000000000000000e+00 4.821047008547008628e-01 5.277777777777777901e-01 4.807692307692307959e-03 1.388888888888888812e-02
0.000000000000000000e+00 4.841524216524216717e-01 5.126869658119658224e-01 4.629629629629629373e-03 1.201923076923076990e-02
0.000000000000000000e+00 4.514779202279202153e-01 6.072382478632478708e-01 8.012820512820512109e-03 8.814102564102564014e-03
0.000000000000000000e+00 4.647435897435897578e-01 6.128472222222222099e-01 7.478632478632478951e-03 7.745726495726495964e-03
0.000000000000000000e+00 4.792556980056980054e-01 6.196581196581196771e-01 1.121794871794871799e-02 1.014957264957264994e-02
0.000000000000000000e+00 5.002670940170940161e-01 6.300747863247863068e-01 8.012820512820512109e-03 9.081196581196581893e-03
0.000000000000000000e+00 5.099715099715099731e-01 6.358173076923077094e-01 8.903133903133903307e-03 8.814102564102564014e-03
0.000000000000000000e+00 5.361467236467236663e-01 6.368856837606837740e-01 8.903133903133903307e-03 9.882478632478632063e-03
0.000000000000000000e+00 5.462072649572649041e-01 6.240651709401708880e-01 7.300569800569800365e-03 8.279914529914529989e-03
0.000000000000000000e+00 5.558226495726495964e-01 5.749198717948718063e-01 5.163817663817663398e-03 1.308760683760683795e-02
0.000000000000000000e+00 5.590277777777777901e-01 5.608974358974359031e-01 4.807692307692307959e-03 1.335470085470085409e-02
0.000000000000000000e+00 5.878739316239316448e-01 5.888087606837606458e-01 5.876068376068376009e-03 1.308760683760683795e-02
0.000000000000000000e+00 5.905448717948718063e-01 6.184561965811965489e-01 9.081196581196581893e-03 1.041666666666666609e-02
0.000000000000000000e+00 5.578703703703703498e-01 6.622596153846154188e-01 7.834757834757835257e-03 9.348290598290598039e-03
0.000000000000000000e+00 7.217770655270655533e-01 5.642361111111111605e-01 6.944444444444444059e-03 1.362179487179487197e-02
0.000000000000000000e+00 7.376246438746438816e-01 6.144497863247863068e-01 6.944444444444444059e-03 1.255341880341880392e-02
0.000000000000000000e+00 6.524216524216523982e-01 5.227029914529914834e-01 8.903133903133903307e-03 7.478632478632478951e-03
0.000000000000000000e+00 7.813390313390313757e-01 6.499732905982905651e-01 8.547008547008547868e-03 1.148504273504273587e-02
0.000000000000000000e+00 7.889957264957264682e-01 6.414262820512820484e-01 7.478632478632478951e-03 8.279914529914529989e-03
0.000000000000000000e+00 9.163995726495726135e-01 5.344551282051281937e-01 5.519943019943019703e-03 1.121794871794871799e-02
0.000000000000000000e+00 9.293091168091167642e-01 5.368589743589743390e-01 5.698005698005698290e-03 1.388888888888888812e-02
0.000000000000000000e+00 9.328703703703703498e-01 5.444711538461538547e-01 6.054131054131053728e-03 1.148504273504273587e-02
0.000000000000000000e+00 9.383903133903134242e-01 5.472756410256410797e-01 6.054131054131053728e-03 1.335470085470085409e-02
0.000000000000000000e+00 9.615384615384615641e-01 5.439369658119658224e-01 7.478632478632478951e-03 8.279914529914529989e-03
0.000000000000000000e+00 9.692841880341880323e-01 5.482104700854700807e-01 6.944444444444444059e-03 7.745726495726495964e-03
0.000000000000000000e+00 9.827279202279202153e-01 5.555555555555555802e-01 7.834757834757835257e-03 8.547008547008547868e-03
0.000000000000000000e+00 9.918981481481481399e-01 5.774572649572649041e-01 5.876068376068376009e-03 1.175213675213675202e-02
0.000000000000000000e+00 9.143518518518518878e-02 6.772168803418803229e-01 5.519943019943019703e-03 1.629273504273504383e-02
0.000000000000000000e+00 9.107905982905982467e-02 6.913728632478632896e-01 4.095441595441595348e-03 1.148504273504273587e-02
0.000000000000000000e+00 5.457621082621082892e-02 7.908653846153845812e-01 6.944444444444444059e-03 1.282051282051282007e-02
0.000000000000000000e+00 4.985754985754985852e-02 8.038194444444444198e-01 7.478632478632478951e-03 1.201923076923076990e-02
0.000000000000000000e+00 3.035078347578347713e-01 6.866987179487179516e-01 9.437321937321937332e-03 1.121794871794871799e-02
0.000000000000000000e+00 3.074252136752136932e-01 6.932425213675214026e-01 7.656695156695156670e-03 1.308760683760683795e-02
0.000000000000000000e+00 4.071403133903133686e-01 7.208867521367521292e-01 5.876068376068376009e-03 1.282051282051282007e-02
0.000000000000000000e+00 4.101673789173789220e-01 7.375801282051281937e-01 5.876068376068376009e-03 1.308760683760683795e-02
0.000000000000000000e+00 4.182692307692307820e-01 7.743055555555555802e-01 4.273504273504273934e-03 1.121794871794871799e-02
0.000000000000000000e+00 5.681089743589743390e-01 8.119658119658119677e-01 7.300569800569800365e-03 9.081196581196581893e-03
0.000000000000000000e+00 6.082621082621082476e-01 7.146100427350426942e-01 6.766381766381766340e-03 1.255341880341880392e-02
0.000000000000000000e+00 6.483262108262107803e-01 6.786858974358974672e-01 7.834757834757835257e-03 8.547008547008547868e-03
0.000000000000000000e+00 6.880341880341880323e-01 6.846955128205127750e-01 7.478632478632478951e-03 1.095085470085470011e-02
0.000000000000000000e+00 7.157229344729344467e-01 7.349091880341880323e-01 9.437321937321937332e-03 1.095085470085470011e-02
0.000000000000000000e+00 6.951566951566952035e-01 7.613514957264957417e-01 8.903133903133903307e-03 1.095085470085470011e-02
0.000000000000000000e+00 7.147435897435897578e-01 7.817841880341880323e-01 9.259259259259258745e-03 1.282051282051282007e-02
0.000000000000000000e+00 7.576566951566952035e-01 7.775106837606837740e-01 7.122507122507122646e-03 1.282051282051282007e-02
0.000000000000000000e+00 8.210470085470085166e-01 8.211805555555555802e-01 8.903133903133903307e-03 1.095085470085470011e-02
0.000000000000000000e+00 8.244301994301994618e-01 8.150373931623932089e-01 9.971509971509971357e-03 1.095085470085470011e-02
0.000000000000000000e+00 8.358262108262107803e-01 8.237179487179486781e-01 9.259259259259258745e-03 1.121794871794871799e-02
0.000000000000000000e+00 1.344373219373219339e-02 8.939636752136752573e-01 6.588319088319088621e-03 1.282051282051282007e-02
0.000000000000000000e+00 7.042378917378917802e-02 9.755608974358974672e-01 9.793447293447292770e-03 1.201923076923076990e-02
0.000000000000000000e+00 8.449074074074074125e-02 9.679487179487179516e-01 9.081196581196581893e-03 8.012820512820512109e-03
0.000000000000000000e+00 9.072293447293447444e-02 9.914529914529914834e-01 8.012820512820512109e-03 7.478632478632478951e-03
0.000000000000000000e+00 1.160078347578347574e-01 9.909188034188034511e-01 6.944444444444444059e-03 8.012820512820512109e-03
0.000000000000000000e+00 3.303062678062677893e-02 9.461805555555555802e-01 8.368945868945869282e-03 9.882478632478632063e-03
0.000000000000000000e+00 2.213319088319088412e-01 9.533920940170940161e-01 7.122507122507122646e-03 1.362179487179487197e-02
0.000000000000000000e+00 2.288995726495726413e-01 9.619391025641025328e-01 6.232193732193732315e-03 1.201923076923076990e-02
0.000000000000000000e+00 2.354878917378917247e-01 9.674145299145299193e-01 5.876068376068376009e-03 1.228632478632478604e-02
0.000000000000000000e+00 2.508903133903133686e-01 9.802350427350426942e-01 6.054131054131053728e-03 1.228632478632478604e-02
0.000000000000000000e+00 2.558760683760683552e-01 9.846420940170940161e-01 6.766381766381766340e-03 1.255341880341880392e-02
0.000000000000000000e+00 4.403490028490028574e-01 8.631143162393162260e-01 5.341880341880341984e-03 1.095085470085470011e-02
0.000000000000000000e+00 4.787215099715099731e-01 9.925213675213675479e-01 5.519943019943019703e-03 1.175213675213675202e-02
0.000000000000000000e+00 4.590455840455840431e-01 9.969284188034187588e-01 5.341880341880341984e-03 5.608974358974358997e-03
0.000000000000000000e+00 5.240384615384615641e-01 9.427083333333333703e-01 8.903133903133903307e-03 9.882478632478632063e-03
0.000000000000000000e+00 5.251068376068376287e-01 9.590010683760683552e-01 7.478632478632478951e-03 1.041666666666666609e-02
0.000000000000000000e+00 5.182514245014244736e-01 9.553952991452991927e-01 4.451566951566951653e-03 6.944444444444444059e-03
0.000000000000000000e+00 8.557692307692307265e-01 8.397435897435897578e-01 9.615384615384615918e-03 1.175213675213675202e-02
0.000000000000000000e+00 9.265491452991453381e-01 8.545673076923077094e-01 6.588319088319088621e-03 1.308760683760683795e-02
0.000000000000000000e+00 9.340277777777777901e-01 8.580395299145299193e-01 4.095441595441595348e-03 1.201923076923076990e-02
0.000000000000000000e+00 8.961894586894586512e-01 8.717948717948718063e-01 8.547008547008547868e-03 1.121794871794871799e-02
