0.000000000000000000e+00 9.650997150997150942e-02 5.301816239316239215e-02 6.054131054131053728e-03 1.575854700854700807e-02
0.000000000000000000e+00 9.659900284900284351e-02 6.850961538461539102e-02 4.451566951566951653e-03 1.148504273504273587e-02
0.000000000000000000e+00 6.143162393162393022e-03 2.256944444444444406e-02 7.656695156695156670e-03 6.677350427350427046e-03
0.000000000000000000e+00 8.084045584045583543e-02 1.192574786324786390e-01 7.478632478632478951e-03 1.308760683760683795e-02
0.000000000000000000e+00 1.322115384615384637e-01 1.268696581196581200e-02 1.121794871794871799e-02 1.041666666666666609e-02
0.000000000000000000e+00 1.417378917378917247e-01 1.068376068376068397e-02 7.478632478632478951e-03 6.944444444444444059e-03
0.000000000000000000e+00 3.072471509971509973e-01 5.715811965811965628e-02 8.725071225071224720e-03 1.121794871794871799e-02
0.000000000000000000e+00 3.108084045584045829e-01 6.396901709401708880e-02 6.944444444444444059e-03 1.255341880341880392e-02
0.000000000000000000e+00 4.067841880341880323e-01 7.451923076923076816e-02 5.519943019943019703e-03 1.442307692307692388e-02
0.000000000000000000e+00 4.103454415954416179e-01 9.014423076923076816e-02 5.519943019943019703e-03 1.522435897435897405e-02
0.000000000000000000e+00 5.121972934472934780e-01 4.407051282051282007e-03 8.368945868945869282e-03 7.745726495726495964e-03
0.000000000000000000e+00 5.596509971509971981e-01 3.071581196581196424e-02 7.478632478632478951e-03 8.547008547008547868e-03
0.000000000000000000e+00 6.680911680911680861e-01 5.689102564102564014e-02 7.834757834757835257e-03 9.081196581196581893e-03
0.000000000000000000e+00 7.465277777777777901e-01 1.108440170940170992e-02 5.519943019943019703e-03 1.095085470085470011e-02
0.000000000000000000e+00 7.370904558404558493e-01 6.517094017094017533e-02 6.232193732193732315e-03 1.388888888888888812e-02
0.000000000000000000e+00 7.167913105413105113e-01 1.447649572649572780e-01 9.793447293447292770e-03 1.282051282051282007e-02
0.000000000000000000e+00 7.402065527065526673e-01 1.259348290598290565e-01 6.766381766381766340e-03 9.348290598290598039e-03
0.000000000000000000e+00 7.660256410256410797e-01 9.294871794871795156e-02 7.122507122507122646e-03 1.335470085470085409e-02
0.000000000000000000e+00 7.767094017094017255e-01 1.340811965811965767e-01 6.410256410256410034e-03 1.228632478632478604e-02
0.000000000000000000e+00 6.107549857549857825e-02 1.690705128205128305e-01 7.122507122507122646e-03 1.175213675213675202e-02
0.000000000000000000e+00 5.635683760683760785e-02 1.816239316239316171e-01 7.300569800569800365e-03 1.228632478632478604e-02
0.000000000000000000e+00 2.101139601139601076e-02 2.736378205128205399e-01 7.478632478632478951e-03 1.201923076923076990e-02
0.000000000000000000e+00 4.042022792022791772e-02 3.243856837606837740e-01 8.190883190883190695e-03 8.814102564102564014e-03
0.000000000000000000e+00 4.264601139601139485e-02 3.071581196581196771e-01 9.793447293447292770e-03 9.615384615384615918e-03
0.000000000000000000e+00 2.093126780626780592e-01 3.080929487179487336e-01 6.232193732193732315e-03 1.095085470085470011e-02
0.000000000000000000e+00 2.277421652421652287e-01 3.250534188034188143e-01 7.122507122507122646e-03 1.388888888888888812e-02
0.000000000000000000e+00 2.351317663817663883e-01 3.333333333333333148e-01 5.163817663817663398e-03 1.068376068376068397e-02
0.000000000000000000e+00 4.445334757834757955e-01 2.311698717948718063e-01 5.519943019943019703e-03 1.255341880341880392e-02
0.000000000000000000e+00 5.393518518518518601e-01 2.920673076923077094e-01 8.190883190883190695e-03 8.814102564102564014e-03
0.000000000000000000e+00 5.306267806267805920e-01 2.868589743589743390e-01 7.834757834757835257e-03 8.547008547008547868e-03
0.000000000000000000e+00 5.278668091168091658e-01 2.927350427350427498e-01 8.012820512820512109e-03 8.547008547008547868e-03
0.000000000000000000e+00 5.295584045584045274e-01 3.015491452991452825e-01 8.903133903133903307e-03 8.547008547008547868e-03
0.000000000000000000e+00 5.290242165242164951e-01 3.086271367521367659e-01 8.190883190883190695e-03 7.745726495726495964e-03
0.000000000000000000e+00 5.298254985754985436e-01 3.246527777777777901e-01 9.081196581196581893e-03 9.348290598290598039e-03
0.000000000000000000e+00 5.708689458689458762e-01 1.766826923076923184e-01 6.766381766381766340e-03 8.814102564102564014e-03
0.000000000000000000e+00 7.805377492877493273e-01 1.953792735042735040e-01 7.656695156695156670e-03 1.308760683760683795e-02
0.000000000000000000e+00 8.253205128205127750e-01 1.748130341880341776e-01 9.259259259259258745e-03 9.882478632478632063e-03
0.000000000000000000e+00 8.223824786324785974e-01 1.821581196581196493e-01 8.368945868945869282e-03 9.081196581196581893e-03
0.000000000000000000e+00 8.370726495726495964e-01 1.836271367521367659e-01 8.903133903133903307e-03 8.814102564102564014e-03
0.000000000000000000e+00 8.600427350427350959e-01 2.015224358974359031e-01 8.903133903133903307e-03 9.348290598290598039e-03
0.000000000000000000e+00 9.268162393162393542e-01 2.094017094017094072e-01 6.766381766381766340e-03 1.388888888888888812e-02
0.000000000000000000e+00 9.340277777777777901e-01 2.119391025641025605e-01 6.232193732193732315e-03 1.362179487179487197e-02
0.000000000000000000e+00 9.135505698005698116e-01 1.853632478632478708e-01 5.519943019943019703e-03 8.012820512820512109e-03
0.000000000000000000e+00 7.843660968660969013e-02 3.528311965811966044e-01 9.437321937321937332e-03 1.014957264957264994e-02
0.000000000000000000e+00 9.214743589743590313e-02 3.436164529914529919e-01 9.081196581196581893e-03 9.348290598290598039e-03
0.000000000000000000e+00 9.829059829059828834e-02 3.679220085470085722e-01 8.190883190883190695e-03 9.348290598290598039e-03
0.000000000000000000e+00 1.232193732193732211e-01 3.859508547008547175e-01 7.122507122507122646e-03 9.081196581196581893e-03
0.000000000000000000e+00 3.659188034188034372e-02 3.920940170940170888e-01 6.944444444444444059e-03 7.478632478632478951e-03
0.000000000000000000e+00 3.214031339031338946e-02 4.241452991452991372e-01 9.793447293447292770e-03 1.388888888888888812e-02
0.000000000000000000e+00 1.332799145299145283e-01 3.729967948717948789e-01 8.012820512820512109e-03 8.814102564102564014e-03
0.000000000000000000e+00 1.475249287749287874e-01 3.838141025641025883e-01 8.725071225071224720e-03 1.014957264957264994e-02
0.000000000000000000e+00 1.333689458689458762e-01 3.935630341880341776e-01 7.478632478632478951e-03 9.348290598290598039e-03
0.000000000000000000e+00 1.415598290598290565e-01 4.005074786324786529e-01 9.615384615384615918e-03 9.882478632478632063e-03
0.000000000000000000e+00 1.607015669515669543e-01 3.940972222222222099e-01 7.656695156695156670e-03 9.348290598290598039e-03
0.000000000000000000e+00 1.536680911680911588e-01 4.087873931623931534e-01 9.259259259259258745e-03 9.882478632478632063e-03
0.000000000000000000e+00 1.627492877492877354e-01 4.151976495726495964e-01 7.834757834757835257e-03 8.814102564102564014e-03
0.000000000000000000e+00 1.737891737891738009e-01 4.232104700854700807e-01 8.190883190883190695e-03 9.882478632478632063e-03
0.000000000000000000e+00 1.939992877492877354e-01 4.389690170940170888e-01 9.081196581196581893e-03 1.041666666666666609e-02
0.000000000000000000e+00 1.942663817663817794e-01 4.200053418803418870e-01 9.259259259259258745e-03 9.882478632478632063e-03
0.000000000000000000e+00 2.168803418803418870e-01 4.356303418803418870e-01 6.766381766381766340e-03 7.478632478632478951e-03
0.000000000000000000e+00 2.422542735042735040e-01 3.388087606837607013e-01 6.232193732193732315e-03 1.148504273504273587e-02
0.000000000000000000e+00 2.353098290598290565e-01 4.938568376068376287e-01 6.944444444444444059e-03 1.388888888888888812e-02
0.000000000000000000e+00 2.569444444444444198e-01 3.518963675213675479e-01 7.122507122507122646e-03 1.308760683760683795e-02
0.000000000000000000e+00 2.621972934472934225e-01 3.555021367521367659e-01 6.944444444444444059e-03 1.282051282051282007e-02
0.000000000000000000e+00 2.748397435897436125e-01 3.680555555555555802e-01 7.656695156695156670e-03 1.495726495726495790e-02
0.000000000000000000e+00 2.816061253561253364e-01 3.747329059829059839e-01 6.588319088319088621e-03 1.228632478632478604e-02
0.000000000000000000e+00 2.862357549857549865e-01 3.790064102564102422e-01 5.876068376068376009e-03 1.228632478632478604e-02
0.000000000000000000e+00 2.924679487179487336e-01 3.839476495726495964e-01 6.232193732193732315e-03 1.255341880341880392e-02
0.000000000000000000e+00 2.636217948717948789e-01 4.751602564102563875e-01 8.012820512820512109e-03 9.615384615384615918e-03
0.000000000000000000e+00 2.813390313390313202e-01 4.926549145299145560e-01 7.122507122507122646e-03 9.348290598290598039e-03
0.000000000000000000e+00 2.901531339031339085e-01 5.010683760683760646e-01 8.012820512820512109e-03 1.014957264957264994e-02
0.000000000000000000e+00 4.837072649572649596e-01 3.604433760683760646e-01 6.232193732193732315e-03 1.148504273504273587e-02
0.000000000000000000e+00 4.933226495726495964e-01 3.883547008547008628e-01 6.232193732193732315e-03 1.175213675213675202e-02
0.000000000000000000e+00 4.644764957264957417e-01 3.668536324786324521e-01 6.232193732193732315e-03 1.362179487179487197e-02
0.000000000000000000e+00 4.523682336182336394e-01 3.804754273504273310e-01 9.081196581196581893e-03 8.279914529914529989e-03
0.000000000000000000e+00 4.560185185185185452e-01 3.874198717948718063e-01 7.834757834757835257e-03 7.745726495726495964e-03
0.000000000000000000e+00 4.488960113960113740e-01 3.990384615384615641e-01 8.903133903133903307e-03 8.547008547008547868e-03
0.000000000000000000e+00 4.500534188034188143e-01 4.055822649572649596e-01 9.081196581196581893e-03 8.279914529914529989e-03
0.000000000000000000e+00 4.609152421652421561e-01 4.079861111111111049e-01 6.588319088319088621e-03 6.677350427350427046e-03
0.000000000000000000e+00 4.461360398860398924e-01 4.943910256410256610e-01 5.876068376068376009e-03 5.341880341880341984e-03
0.000000000000000000e+00 4.743589743589743390e-01 4.716880341880341776e-01 4.629629629629629373e-03 1.068376068376068397e-02
0.000000000000000000e+00 4.636752136752136932e-01 4.975961538461538547e-01 4.273504273504273934e-03 7.478632478632478951e-03
0.000000000000000000e+00 5.045405982905982745e-01 4.505876068376068466e-01 7.300569800569800365e-03 8.012820512820512109e-03
0.000000000000000000e+00 2.864138176638176825e-01 5.178952991452991927e-01 8.012820512820512109e-03 1.068376068376068397e-02
0.000000000000000000e+00 2.964743589743589758e-01 5.277777777777777901e-01 8.547008547008547868e-03 1.068376068376068397e-02
0.000000000000000000e+00 3.053774928774928843e-01 5.373931623931623713e-01 8.903133903133903307e-03 1.121794871794871799e-02
0.000000000000000000e+00 3.265669515669515910e-01 5.353899572649573058e-01 7.122507122507122646e-03 8.814102564102564014e-03
0.000000000000000000e+00 3.356481481481481399e-01 5.444711538461538547e-01 8.190883190883190695e-03 1.041666666666666609e-02
0.000000000000000000e+00 3.454415954415954171e-01 5.534188034188034511e-01 7.122507122507122646e-03 9.081196581196581893e-03
0.000000000000000000e+00 3.434829059829059839e-01 5.742521367521367104e-01 7.834757834757835257e-03 1.014957264957264994e-02
0.000000000000000000e+00 3.519408831908831803e-01 5.802617521367521292e-01 6.588319088319088621e-03 8.814102564102564014e-03
0.000000000000000000e+00 3.561253561253561184e-01 5.639690170940171443e-01 7.834757834757835257e-03 1.041666666666666609e-02
0.000000000000000000e+00 3.654736467236467390e-01 5.730502136752136932e-01 9.437321937321937332e-03 1.201923076923076990e-02
0.000000000000000000e+00 3.593304843304843121e-01 5.876068376068376287e-01 6.766381766381766340e-03 8.012820512820512109e-03
0.000000000000000000e+00 3.753561253561253364e-01 6.342147435897436125e-01 7.122507122507122646e-03 1.201923076923076990e-02
0.000000000000000000e+00 3.771367521367521292e-01 6.056356837606837740e-01 8.547008547008547868e-03 9.882478632478632063e-03
0.000000000000000000e+00 3.904914529914529919e-01 5.970886752136752573e-01 7.834757834757835257e-03 1.041666666666666609e-02
0.000000000000000000e+00 3.994836182336182206e-01 6.061698717948718063e-01 8.368945868945869282e-03 1.041666666666666609e-02
0.000000000000000000e+00 4.133725071225071157e-01 6.184561965811965489e-01 7.656695156695156670e-03 8.279914529914529989e-03
0.000000000000000000e+00 4.221866096866097040e-01 6.267361111111111605e-01 7.122507122507122646e-03 9.348290598290598039e-03
0.000000000000000000e+00 4.289529914529914278e-01 6.332799145299145005e-01 6.766381766381766340e-03 9.081196581196581893e-03
0.000000000000000000e+00 3.831908831908831803e-01 6.324786324786324521e-01 6.410256410256410034e-03 1.121794871794871799e-02
0.000000000000000000e+00 4.251246438746438816e-01 6.510416666666666297e-01 9.793447293447292770e-03 1.201923076923076990e-02
0.000000000000000000e+00 4.260149572649572502e-01 5.351228632478632896e-01 7.656695156695156670e-03 8.814102564102564014e-03
0.000000000000000000e+00 4.325142450142450135e-01 5.403311965811965489e-01 6.410256410256410034e-03 1.228632478632478604e-02
0.000000000000000000e+00 4.364316239316239354e-01 5.427350427350426942e-01 6.054131054131053728e-03 1.121794871794871799e-02
0.000000000000000000e+00 4.568198005698005937e-01 5.154914529914529364e-01 4.451566951566951653e-03 9.081196581196581893e-03
0.000000000000000000e+00 4.504985754985754709e-01 5.269764957264957417e-01 5.698005698005698290e-03 1.282051282051282007e-02
0.000000000000000000e+00 4.488069800569800538e-01 5.353899572649573058e-01 5.163817663817663398e-03 1.041666666666666609e-02
0.000000000000000000e+00 8.197115384615384359e-01 6.326121794871795156e-01 5.163817663817663398e-03 1.522435897435897405e-02
0.000000000000000000e+00 3.290598290598290565e-01 7.331730769230768718e-01 6.410256410256410034e-03 1.121794871794871799e-02
0.000000000000000000e+00 3.156160968660968735e-01 7.564102564102563875e-01 7.300569800569800365e-03 1.228632478632478604e-02
0.000000000000000000e+00 3.015491452991452825e-01 7.839209401709401615e-01 6.232193732193732315e-03 1.068376068376068397e-02
0.000000000000000000e+00 3.365384615384615641e-01 7.618856837606837740e-01 7.122507122507122646e-03 9.882478632478632063e-03
0.000000000000000000e+00 3.160612535612535856e-01 8.142361111111111605e-01 7.122507122507122646e-03 1.148504273504273587e-02
0.000000000000000000e+00 3.375178062678062529e-01 8.298611111111111605e-01 6.944444444444444059e-03 1.068376068376068397e-02
0.000000000000000000e+00 3.393874643874643660e-01 8.230502136752136932e-01 7.834757834757835257e-03 1.148504273504273587e-02
0.000000000000000000e+00 3.417022792022791911e-01 8.146367521367521292e-01 7.834757834757835257e-03 1.014957264957264994e-02
0.000000000000000000e+00 3.630698005698005937e-01 8.035523504273504036e-01 6.766381766381766340e-03 6.143162393162393022e-03
0.000000000000000000e+00 3.597756410256410242e-01 8.179754273504273865e-01 7.656695156695156670e-03 6.143162393162393022e-03
0.000000000000000000e+00 3.576388888888888951e-01 8.266559829059828557e-01 7.656695156695156670e-03 6.410256410256410034e-03
0.000000000000000000e+00 3.565705128205128305e-01 8.337339743589743390e-01 8.012820512820512109e-03 6.143162393162393022e-03
0.000000000000000000e+00 4.422186609686609704e-01 8.317307692307692735e-01 4.451566951566951653e-03 1.228632478632478604e-02
0.000000000000000000e+00 4.466702279202279247e-01 8.231837606837606458e-01 4.095441595441595348e-03 1.175213675213675202e-02
0.000000000000000000e+00 4.555733618233618332e-01 8.091613247863247427e-01 3.739316239316239476e-03 1.308760683760683795e-02
0.000000000000000000e+00 4.640313390313390296e-01 7.920673076923077094e-01 4.273504273504273934e-03 1.362179487179487197e-02
0.000000000000000000e+00 4.759615384615384359e-01 7.698985042735042583e-01 4.273504273504273934e-03 1.255341880341880392e-02
0.000000000000000000e+00 8.511396011396011874e-01 7.222222222222222099e-01 4.985754985754985678e-03 1.282051282051282007e-02
0.000000000000000000e+00 9.496972934472934780e-01 8.350694444444444198e-01 8.725071225071224720e-03 9.348290598290598039e-03
0.000000000000000000e+00 9.726673789173788665e-01 8.354700854700854995e-01 6.944444444444444059e-03 7.478632478632478951e-03
0.000000000000000000e+00 9.741809116809116986e-01 8.290598290598291120e-01 7.122507122507122646e-03 7.478632478632478951e-03
0.000000000000000000e+00 9.774750712250712681e-01 8.158386752136752573e-01 8.012820512820512109e-03 7.745726495726495964e-03
0.000000000000000000e+00 9.807692307692307265e-01 8.034188034188034511e-01 6.766381766381766340e-03 6.410256410256410034e-03
0.000000000000000000e+00 1.331018518518518601e-01 9.903846153846154188e-01 5.163817663817663398e-03 1.121794871794871799e-02
0.000000000000000000e+00 1.447649572649572780e-01 9.826388888888888395e-01 4.985754985754985678e-03 1.175213675213675202e-02
0.000000000000000000e+00 1.723646723646723722e-01 9.915865384615384359e-01 9.259259259259258745e-03 9.348290598290598039e-03
0.000000000000000000e+00 1.852742165242165229e-01 9.823717948717948234e-01 7.656695156695156670e-03 9.081196581196581893e-03
0.000000000000000000e+00 2.157229344729344744e-01 9.491185897435897578e-01 5.876068376068376009e-03 8.814102564102564014e-03
0.000000000000000000e+00 1.819800569800569812e-01 8.484241452991453381e-01 7.122507122507122646e-03 1.415598290598290600e-02
0.000000000000000000e+00 2.725249287749287874e-01 8.673878205128204844e-01 6.232193732193732315e-03 1.095085470085470011e-02
0.000000000000000000e+00 3.546118233618233417e-01 8.402777777777777901e-01 7.300569800569800365e-03 5.876068376068376009e-03
0.000000000000000000e+00 3.532763532763532610e-01 8.478899572649573058e-01 7.478632478632478951e-03 6.143162393162393022e-03
0.000000000000000000e+00 4.001958689458689489e-01 9.206730769230768718e-01 5.876068376068376009e-03 1.014957264957264994e-02
0.000000000000000000e+00 4.176460113960113740e-01 8.792735042735042583e-01 3.383190883190883170e-03 7.478632478632478951e-03
0.000000000000000000e+00 4.219195156695156879e-01 8.719284188034187588e-01 4.451566951566951653e-03 1.148504273504273587e-02
0.000000000000000000e+00 4.346509971509971426e-01 8.450854700854700807e-01 4.273504273504273934e-03 1.228632478632478604e-02
0.000000000000000000e+00 4.384793447293447444e-01 8.393429487179486781e-01 4.095441595441595348e-03 1.415598290598290600e-02
0.000000000000000000e+00 6.752136752136752573e-01 8.433493589743589203e-01 3.917378917378917629e-03 1.255341880341880392e-02
0.000000000000000000e+00 6.768162393162393542e-01 8.597756410256410797e-01 4.273504273504273934e-03 1.388888888888888812e-02
0.000000000000000000e+00 6.752136752136752573e-01 8.967681623931623713e-01 3.917378917378917629e-03 1.148504273504273587e-02
0.000000000000000000e+00 9.019764957264957417e-01 8.402777777777777901e-01 4.451566951566951653e-03 1.335470085470085409e-02
0.000000000000000000e+00 9.117699430199430743e-01 8.412126068376067911e-01 4.095441595441595348e-03 1.095085470085470011e-02
0.000000000000000000e+00 9.163995726495726135e-01 8.409455128205127750e-01 4.451566951566951653e-03 1.095085470085470011e-02
0.000000000000000000e+00 9.030448717948718063e-01 8.739316239316239354e-01 4.807692307692307959e-03 1.228632478632478604e-02
0.000000000000000000e+00 9.120370370370370905e-01 8.741987179487179516e-01 4.273504273504273934e-03 9.615384615384615918e-03
0.000000000000000000e+00 9.354522792022792466e-01 8.750000000000000000e-01 4.451566951566951653e-03 1.014957264957264994e-02
0.000000000000000000e+00 9.445334757834757955e-01 8.740651709401708880e-01 4.807692307692307959e-03 1.255341880341880392e-02
0.000000000000000000e+00 9.439992877492877632e-01 8.867521367521367104e-01 3.739316239316239476e-03 8.547008547008547868e-03
0.000000000000000000e+00 9.428418803418803229e-01 8.428151709401708880e-01 3.205128205128205017e-03 1.148504273504273587e-02
0.000000000000000000e+00 9.472044159544159569e-01 8.429487179487179516e-01 5.519943019943019703e-03 1.121794871794871799e-02
0.000000000000000000e+00 9.570868945868945543e-01 8.954326923076922906e-01 8.190883190883190695e-03 8.279914529914529989e-03
0.000000000000000000e+00 9.585113960113960108e-01 8.890224358974359031e-01 8.190883190883190695e-03 8.279914529914529989e-03
0.000000000000000000e+00 9.595797720797720753e-01 8.828792735042735318e-01 7.478632478632478951e-03 7.745726495726495964e-03
0.000000000000000000e+00 9.612713675213675479e-01 8.756677350427350959e-01 8.368945868945869282e-03 8.279914529914529989e-03
0.000000000000000000e+00 9.626068376068376287e-01 8.688568376068376287e-01 7.478632478632478951e-03 8.547008547008547868e-03
0.000000000000000000e+00 9.636752136752136932e-01 8.621794871794872250e-01 1.103988603988603941e-02 1.014957264957264994e-02
0.000000000000000000e+00 9.697293447293446889e-01 8.493589743589743390e-01 7.122507122507122646e-03 8.012820512820512109e-03
0.000000000000000000e+00 9.712428774928775210e-01 8.429487179487179516e-01 1.193019943019943060e-02 1.228632478632478604e-02
0.000000000000000000e+00 9.728454415954416179e-01 8.961004273504273865e-01 5.876068376068376009e-03 1.121794871794871799e-02
0.000000000000000000e+00 9.691951566951566566e-01 9.093215811965812412e-01 4.629629629629629373e-03 9.348290598290598039e-03
0.000000000000000000e+00 9.015313390313390851e-01 9.748931623931623713e-01 5.341880341880341984e-03 1.335470085470085409e-02
0.000000000000000000e+00 9.822827635327635587e-01 9.177350427350426942e-01 5.876068376068376009e-03 1.121794871794871799e-02
0.000000000000000000e+00 9.259259259259259300e-01 8.744658119658119677e-01 5.698005698005698290e-03 1.335470085470085409e-02
