0.000000000000000000e+00 2.759971509971510112e-02 2.577457264957264821e-02 6.766381766381766340e-03 1.415598290598290600e-02
0.000000000000000000e+00 3.801638176638176547e-02 5.902777777777777624e-02 6.232193732193732315e-03 1.121794871794871799e-02
0.000000000000000000e+00 2.297008547008547175e-02 5.542200854700854440e-02 6.410256410256410034e-03 7.745726495726495964e-03
0.000000000000000000e+00 2.457264957264957209e-02 5.956196581196580853e-02 6.766381766381766340e-03 8.012820512820512109e-03
0.000000000000000000e+00 2.804487179487179585e-02 7.491987179487179238e-02 8.012820512820512109e-03 7.745726495726495964e-03
0.000000000000000000e+00 1.090633903133903099e-01 1.161858974358974395e-02 4.095441595441595348e-03 1.041666666666666609e-02
0.000000000000000000e+00 1.145833333333333287e-01 1.161858974358974395e-02 4.095441595441595348e-03 9.348290598290598039e-03
0.000000000000000000e+00 1.231303418803418870e-01 9.001068376068376009e-02 8.012820512820512109e-03 6.944444444444444059e-03
0.000000000000000000e+00 1.888354700854700807e-01 1.392895299145299193e-01 3.739316239316239476e-03 1.095085470085470011e-02
0.000000000000000000e+00 1.729878917378917247e-01 2.012553418803418870e-01 3.739316239316239476e-03 1.041666666666666609e-02
0.000000000000000000e+00 1.735220797720797847e-01 2.339743589743589758e-01 4.095441595441595348e-03 1.068376068376068397e-02
0.000000000000000000e+00 1.867877492877492995e-01 2.358440170940170888e-01 3.917378917378917629e-03 1.121794871794871799e-02
0.000000000000000000e+00 1.704059829059829112e-01 7.144764957264956862e-02 7.478632478632478951e-03 6.143162393162393022e-03
0.000000000000000000e+00 2.881054131054130996e-01 5.702457264957264821e-02 4.273504273504273934e-03 1.041666666666666609e-02
0.000000000000000000e+00 2.752849002849002691e-01 8.827457264957265515e-02 4.273504273504273934e-03 1.148504273504273587e-02
0.000000000000000000e+00 2.798254985754985991e-01 8.747329059829059283e-02 3.383190883190883170e-03 1.041666666666666609e-02
0.000000000000000000e+00 2.841880341880341776e-01 8.640491452991452825e-02 4.273504273504273934e-03 1.201923076923076990e-02
0.000000000000000000e+00 2.887286324786324521e-01 8.386752136752136100e-02 3.739316239316239476e-03 9.615384615384615918e-03
0.000000000000000000e+00 2.994123931623931534e-01 8.293269230769230449e-02 3.739316239316239476e-03 1.148504273504273587e-02
0.000000000000000000e+00 3.039529914529914278e-01 8.173076923076923184e-02 3.917378917378917629e-03 1.175213675213675202e-02
0.000000000000000000e+00 2.808048433048432879e-01 1.883012820512820415e-02 8.190883190883190695e-03 6.143162393162393022e-03
0.000000000000000000e+00 2.859686609686609704e-01 1.328792735042735040e-01 3.561253561253561323e-03 1.041666666666666609e-02
0.000000000000000000e+00 2.915776353276353094e-01 1.195245726495726551e-01 3.383190883190883170e-03 8.814102564102564014e-03
0.000000000000000000e+00 2.958511396011396233e-01 1.151175213675213610e-01 4.095441595441595348e-03 6.410256410256410034e-03
0.000000000000000000e+00 3.068019943019942852e-01 1.163194444444444475e-01 3.917378917378917629e-03 5.608974358974358997e-03
0.000000000000000000e+00 3.024394586894587067e-01 1.163194444444444475e-01 3.027065527065526864e-03 4.006410256410256054e-03
0.000000000000000000e+00 2.869480056980057148e-01 1.546474358974359031e-01 3.739316239316239476e-03 9.081196581196581893e-03
0.000000000000000000e+00 2.775106837606837740e-01 1.621260683760683829e-01 4.095441595441595348e-03 1.282051282051282007e-02
0.000000000000000000e+00 2.784900284900284628e-01 1.784188034188034233e-01 3.917378917378917629e-03 1.228632478632478604e-02
0.000000000000000000e+00 3.308404558404558493e-01 1.193910256410256471e-01 3.561253561253561323e-03 1.068376068376068397e-02
0.000000000000000000e+00 3.351139601139601076e-01 1.161858974358974395e-01 3.917378917378917629e-03 8.547008547008547868e-03
0.000000000000000000e+00 3.571047008547008628e-01 2.310363247863247982e-02 3.739316239316239476e-03 9.882478632478632063e-03
0.000000000000000000e+00 3.770477207977208089e-01 3.899572649572649596e-02 6.944444444444444059e-03 6.410256410256410034e-03
0.000000000000000000e+00 3.768696581196581130e-01 6.036324786324786390e-02 7.656695156695156670e-03 6.410256410256410034e-03
0.000000000000000000e+00 3.776709401709401615e-01 6.717414529914529642e-02 8.190883190883190695e-03 6.143162393162393022e-03
0.000000000000000000e+00 3.444622507122507282e-01 1.148504273504273449e-01 3.383190883190883170e-03 4.807692307692307959e-03
0.000000000000000000e+00 3.493589743589743390e-01 1.119123931623931673e-01 3.205128205128205017e-03 3.739316239316239476e-03
0.000000000000000000e+00 3.537215099715099731e-01 1.135149572649572641e-01 3.027065527065526864e-03 3.739316239316239476e-03
0.000000000000000000e+00 3.904914529914529919e-01 1.737446581196581130e-01 3.205128205128205017e-03 6.677350427350427046e-03
0.000000000000000000e+00 3.944978632478632341e-01 1.726762820512820484e-01 3.027065527065526864e-03 6.143162393162393022e-03
0.000000000000000000e+00 3.991274928774928843e-01 1.714743589743589758e-01 3.383190883190883170e-03 5.876068376068376009e-03
0.000000000000000000e+00 4.033119658119658224e-01 1.721420940170940161e-01 3.561253561253561323e-03 6.677350427350427046e-03
0.000000000000000000e+00 4.081196581196581130e-01 1.734775641025640969e-01 3.561253561253561323e-03 9.348290598290598039e-03
0.000000000000000000e+00 4.125712250712250673e-01 1.740117521367521292e-01 3.561253561253561323e-03 9.882478632478632063e-03
0.000000000000000000e+00 4.715990028490028574e-01 8.573717948717948789e-02 3.739316239316239476e-03 1.175213675213675202e-02
0.000000000000000000e+00 4.722222222222222099e-01 9.788995726495726413e-02 3.917378917378917629e-03 1.041666666666666609e-02
0.000000000000000000e+00 4.701745014245014009e-01 6.423611111111110494e-02 3.027065527065526864e-03 5.074786324786324972e-03
0.000000000000000000e+00 3.965455840455840431e-01 3.064903846153846367e-01 5.341880341880341984e-03 1.201923076923076990e-02
0.000000000000000000e+00 4.006410256410256610e-01 3.050213675213675479e-01 4.629629629629629373e-03 1.175213675213675202e-02
0.000000000000000000e+00 4.054487179487179516e-01 3.035523504273504036e-01 4.629629629629629373e-03 1.201923076923076990e-02
0.000000000000000000e+00 4.145299145299145560e-01 3.011485042735042583e-01 4.985754985754985678e-03 1.308760683760683795e-02
0.000000000000000000e+00 4.195156695156695426e-01 2.994123931623931534e-01 4.273504273504273934e-03 1.228632478632478604e-02
0.000000000000000000e+00 4.242343304843304574e-01 2.974091880341880323e-01 4.095441595441595348e-03 1.095085470085470011e-02
0.000000000000000000e+00 4.389245014245014009e-01 2.577457264957264682e-01 2.849002849002849145e-03 1.121794871794871799e-02
0.000000000000000000e+00 4.399928774928774655e-01 2.717681623931623713e-01 2.849002849002849145e-03 8.814102564102564014e-03
0.000000000000000000e+00 3.382300569800569812e-01 3.178418803418803229e-01 4.095441595441595348e-03 1.121794871794871799e-02
0.000000000000000000e+00 3.480235042735042583e-01 3.153044871794871695e-01 3.739316239316239476e-03 1.041666666666666609e-02
0.000000000000000000e+00 3.566595441595441507e-01 3.119658119658119677e-01 3.561253561253561323e-03 9.081196581196581893e-03
0.000000000000000000e+00 3.537215099715099731e-01 3.393429487179487336e-01 8.725071225071224720e-03 6.143162393162393022e-03
0.000000000000000000e+00 2.861467236467236663e-01 3.516292735042735318e-01 8.190883190883190695e-03 5.608974358974358997e-03
0.000000000000000000e+00 2.763532763532763337e-01 3.534989316239316448e-01 6.410256410256410034e-03 5.074786324786324972e-03
0.000000000000000000e+00 2.671830484330484090e-01 3.536324786324786529e-01 6.232193732193732315e-03 4.807692307692307959e-03
0.000000000000000000e+00 2.142094017094016978e-01 3.604433760683760646e-01 1.139601139601139658e-02 7.745726495726495964e-03
0.000000000000000000e+00 2.392272079772079785e-01 3.577724358974359031e-01 8.725071225071224720e-03 5.074786324786324972e-03
0.000000000000000000e+00 2.541844729344729381e-01 3.556356837606837740e-01 9.793447293447292770e-03 6.143162393162393022e-03
0.000000000000000000e+00 5.270655270655270896e-02 3.190438034188033956e-01 6.766381766381766340e-03 7.211538461538461939e-03
0.000000000000000000e+00 3.908475783475783699e-02 3.336004273504273310e-01 7.300569800569800365e-03 1.014957264957264994e-02
0.000000000000000000e+00 2.733262108262108150e-02 3.493589743589743390e-01 6.232193732193732315e-03 9.615384615384615918e-03
0.000000000000000000e+00 5.297364672364672511e-02 3.639155982905982745e-01 4.451566951566951653e-03 1.255341880341880392e-02
0.000000000000000000e+00 6.134259259259259439e-02 3.647168803418803229e-01 3.739316239316239476e-03 9.882478632478632063e-03
0.000000000000000000e+00 7.576566951566951480e-02 3.963675213675213471e-01 3.739316239316239476e-03 1.014957264957264994e-02
0.000000000000000000e+00 7.104700854700854440e-02 3.962339743589743390e-01 4.273504273504273934e-03 1.148504273504273587e-02
0.000000000000000000e+00 3.516737891737891503e-02 3.927617521367521292e-01 3.739316239316239476e-03 1.041666666666666609e-02
0.000000000000000000e+00 4.059829059829059977e-02 3.919604700854700807e-01 4.273504273504273934e-03 9.882478632478632063e-03
0.000000000000000000e+00 4.843304843304842983e-02 3.928952991452991372e-01 4.985754985754985678e-03 1.175213675213675202e-02
0.000000000000000000e+00 5.315170940170940023e-02 3.947649572649572502e-01 4.451566951566951653e-03 1.068376068376068397e-02
0.000000000000000000e+00 5.715811965811965628e-02 3.951655982905982745e-01 4.273504273504273934e-03 9.882478632478632063e-03
0.000000000000000000e+00 9.107905982905982467e-02 4.346955128205128305e-01 6.588319088319088621e-03 1.308760683760683795e-02
0.000000000000000000e+00 1.616809116809116709e-01 4.246794871794871695e-01 7.834757834757835257e-03 7.478632478632478951e-03
0.000000000000000000e+00 1.808226495726495686e-01 4.973290598290598385e-01 8.012820512820512109e-03 5.876068376068376009e-03
0.000000000000000000e+00 5.533297720797720753e-01 3.675213675213675479e-01 4.095441595441595348e-03 1.175213675213675202e-02
0.000000000000000000e+00 5.562678062678062529e-01 4.186698717948718063e-01 3.917378917378917629e-03 1.041666666666666609e-02
0.000000000000000000e+00 5.578703703703703498e-01 4.364316239316239354e-01 4.629629629629629373e-03 1.282051282051282007e-02
0.000000000000000000e+00 9.962606837606837740e-01 3.004807692307692180e-01 4.985754985754985678e-03 1.282051282051282007e-02
0.000000000000000000e+00 9.237891737891738009e-01 2.909989316239316448e-01 4.273504273504273934e-03 1.095085470085470011e-02
0.000000000000000000e+00 9.177350427350426942e-01 3.182425213675213471e-01 8.903133903133903307e-03 6.143162393162393022e-03
0.000000000000000000e+00 5.760327635327635448e-02 6.513087606837606458e-01 8.368945868945869282e-03 6.143162393162393022e-03
0.000000000000000000e+00 2.893518518518518531e-02 6.797542735042735318e-01 5.876068376068376009e-03 8.547008547008547868e-03
0.000000000000000000e+00 1.034544159544159569e-01 6.989850427350426942e-01 6.054131054131053728e-03 1.175213675213675202e-02
0.000000000000000000e+00 1.851851851851851749e-01 7.095352564102563875e-01 6.766381766381766340e-03 1.201923076923076990e-02
0.000000000000000000e+00 2.467058404558404583e-01 6.937767094017094349e-01 9.437321937321937332e-03 7.211538461538461939e-03
0.000000000000000000e+00 1.912393162393162260e-01 7.313034188034187588e-01 5.698005698005698290e-03 1.228632478632478604e-02
0.000000000000000000e+00 1.189458689458689489e-01 7.325053418803418870e-01 1.068376068376068397e-02 1.896367521367521222e-02
0.000000000000000000e+00 1.270477207977208089e-01 7.465277777777777901e-01 4.807692307692307959e-03 8.547008547008547868e-03
0.000000000000000000e+00 1.399572649572649596e-01 7.390491452991453381e-01 8.190883190883190695e-03 8.547008547008547868e-03
0.000000000000000000e+00 4.442663817663817377e-02 7.478632478632478708e-01 4.095441595441595348e-03 1.175213675213675202e-02
0.000000000000000000e+00 4.976851851851851749e-02 7.720352564102563875e-01 4.451566951566951653e-03 1.095085470085470011e-02
0.000000000000000000e+00 4.362535612535612360e-03 9.234775641025640969e-01 7.656695156695156670e-03 7.211538461538461939e-03
0.000000000000000000e+00 2.964743589743589619e-02 9.333600427350426942e-01 4.451566951566951653e-03 1.148504273504273587e-02
0.000000000000000000e+00 4.193376068376068050e-02 9.249465811965812412e-01 3.739316239316239476e-03 1.068376068376068397e-02
0.000000000000000000e+00 5.724715099715099731e-02 9.079861111111111605e-01 8.368945868945869282e-03 8.279914529914529989e-03
0.000000000000000000e+00 7.336182336182335562e-02 8.947649572649573058e-01 7.122507122507122646e-03 9.081196581196581893e-03
0.000000000000000000e+00 2.214209401709401615e-01 8.400106837606837740e-01 5.519943019943019703e-03 1.175213675213675202e-02
0.000000000000000000e+00 2.353098290598290565e-01 8.408119658119658224e-01 6.588319088319088621e-03 1.175213675213675202e-02
0.000000000000000000e+00 2.249821937321937193e-01 8.712606837606837740e-01 5.519943019943019703e-03 1.068376068376068397e-02
0.000000000000000000e+00 2.151887464387464421e-01 8.741987179487179516e-01 4.451566951566951653e-03 1.068376068376068397e-02
0.000000000000000000e+00 2.098468660968660915e-01 8.764690170940171443e-01 4.807692307692307959e-03 1.255341880341880392e-02
0.000000000000000000e+00 2.118945868945869004e-01 8.440170940170940161e-01 4.629629629629629373e-03 1.228632478632478604e-02
0.000000000000000000e+00 2.164351851851851749e-01 8.426816239316239354e-01 5.163817663817663398e-03 1.175213675213675202e-02
0.000000000000000000e+00 2.009437321937321830e-01 8.884882478632478708e-01 4.451566951566951653e-03 1.041666666666666609e-02
0.000000000000000000e+00 1.909722222222222099e-01 8.900908119658119677e-01 3.739316239316239476e-03 1.041666666666666609e-02
0.000000000000000000e+00 1.922186609686609704e-01 9.039797008547008073e-01 4.451566951566951653e-03 1.148504273504273587e-02
0.000000000000000000e+00 1.938212250712250673e-01 9.212072649572649041e-01 5.163817663817663398e-03 1.228632478632478604e-02
0.000000000000000000e+00 2.498219373219373318e-01 8.977029914529914834e-01 5.698005698005698290e-03 1.121794871794871799e-02
0.000000000000000000e+00 2.564102564102563875e-01 9.186698717948718063e-01 6.766381766381766340e-03 1.041666666666666609e-02
0.000000000000000000e+00 2.711004273504273310e-01 9.680822649572649041e-01 5.519943019943019703e-03 1.148504273504273587e-02
0.000000000000000000e+00 2.759971509971509973e-01 9.859775641025640969e-01 5.698005698005698290e-03 1.148504273504273587e-02
0.000000000000000000e+00 2.741274928774928843e-01 8.595085470085470636e-01 9.437321937321937332e-03 4.273504273504273934e-03
0.000000000000000000e+00 2.857905982905982745e-01 8.567040598290598385e-01 7.834757834757835257e-03 6.143162393162393022e-03
0.000000000000000000e+00 2.863247863247863068e-01 8.697916666666666297e-01 8.903133903133903307e-03 7.745726495726495964e-03
0.000000000000000000e+00 3.041310541310541238e-01 8.521634615384615641e-01 8.190883190883190695e-03 5.608974358974358997e-03
0.000000000000000000e+00 3.156160968660968735e-01 8.498931623931623713e-01 9.081196581196581893e-03 5.876068376068376009e-03
0.000000000000000000e+00 3.287037037037037202e-01 8.623130341880341776e-01 9.615384615384615918e-03 7.211538461538461939e-03
0.000000000000000000e+00 3.379629629629629650e-01 8.595085470085470636e-01 7.122507122507122646e-03 6.410256410256410034e-03
0.000000000000000000e+00 3.487357549857549865e-01 8.569711538461538547e-01 9.437321937321937332e-03 6.677350427350427046e-03
0.000000000000000000e+00 3.573717948717948789e-01 8.549679487179486781e-01 6.410256410256410034e-03 5.341880341880341984e-03
0.000000000000000000e+00 3.644943019943019946e-01 8.532318376068376287e-01 7.478632478632478951e-03 5.608974358974358997e-03
0.000000000000000000e+00 3.478454415954416179e-01 8.440170940170940161e-01 6.944444444444444059e-03 4.807692307692307959e-03
0.000000000000000000e+00 3.744658119658119677e-01 8.506944444444444198e-01 9.259259259259258745e-03 6.410256410256410034e-03
0.000000000000000000e+00 4.003739316239316448e-01 7.795138888888888395e-01 8.012820512820512109e-03 6.143162393162393022e-03
0.000000000000000000e+00 4.019764957264957417e-01 7.855235042735042583e-01 8.725071225071224720e-03 5.876068376068376009e-03
0.000000000000000000e+00 4.024216524216523982e-01 7.983440170940171443e-01 9.615384615384615918e-03 8.012820512820512109e-03
0.000000000000000000e+00 4.038461538461538547e-01 8.116987179487179516e-01 9.615384615384615918e-03 6.410256410256410034e-03
0.000000000000000000e+00 4.020655270655270619e-01 8.306623931623932089e-01 7.122507122507122646e-03 6.410256410256410034e-03
0.000000000000000000e+00 3.937856125356125614e-01 8.330662393162393542e-01 7.656695156695156670e-03 5.341880341880341984e-03
0.000000000000000000e+00 3.802528490028490027e-01 8.358707264957264682e-01 6.232193732193732315e-03 4.006410256410256054e-03
0.000000000000000000e+00 3.718839031339031265e-01 8.377403846153845812e-01 6.232193732193732315e-03 5.074786324786324972e-03
0.000000000000000000e+00 3.632478632478632341e-01 8.406784188034187588e-01 7.122507122507122646e-03 2.938034188034188005e-03
0.000000000000000000e+00 3.841702279202279247e-01 8.490918803418803229e-01 6.944444444444444059e-03 5.876068376068376009e-03
0.000000000000000000e+00 3.975249287749287874e-01 8.456196581196581130e-01 8.012820512820512109e-03 5.876068376068376009e-03
0.000000000000000000e+00 4.074964387464387605e-01 8.438835470085470636e-01 9.081196581196581893e-03 7.211538461538461939e-03
0.000000000000000000e+00 4.237001424501424252e-01 8.402777777777777901e-01 8.012820512820512109e-03 6.410256410256410034e-03
0.000000000000000000e+00 4.586004273504273310e-01 8.191773504273504036e-01 8.012820512820512109e-03 5.341880341880341984e-03
0.000000000000000000e+00 4.316239316239316448e-01 8.246527777777777901e-01 6.766381766381766340e-03 5.074786324786324972e-03
0.000000000000000000e+00 2.967414529914529919e-01 6.798878205128204844e-01 8.725071225071224720e-03 6.143162393162393022e-03
0.000000000000000000e+00 3.268340455840456071e-01 6.729433760683760646e-01 8.368945868945869282e-03 7.211538461538461939e-03
0.000000000000000000e+00 3.538995726495726690e-01 6.668002136752136932e-01 7.300569800569800365e-03 5.608974358974358997e-03
0.000000000000000000e+00 3.633368945868946098e-01 6.655982905982905651e-01 8.725071225071224720e-03 6.410256410256410034e-03
0.000000000000000000e+00 3.796296296296296502e-01 6.615918803418803229e-01 8.903133903133903307e-03 6.410256410256410034e-03
0.000000000000000000e+00 3.912927350427350404e-01 6.754807692307692735e-01 4.451566951566951653e-03 1.014957264957264994e-02
0.000000000000000000e+00 4.077635327635327767e-01 4.634081196581196771e-01 3.561253561253561323e-03 1.121794871794871799e-02
0.000000000000000000e+00 4.188924501424501345e-01 5.017361111111111605e-01 4.807692307692307959e-03 1.201923076923076990e-02
0.000000000000000000e+00 4.243233618233618332e-01 5.002670940170940161e-01 3.917378917378917629e-03 1.121794871794871799e-02
0.000000000000000000e+00 4.285078347578347713e-01 4.995993589743589758e-01 4.807692307692307959e-03 1.201923076923076990e-02
0.000000000000000000e+00 4.330484330484330457e-01 4.982638888888888951e-01 4.985754985754985678e-03 1.095085470085470011e-02
0.000000000000000000e+00 4.373219373219373041e-01 4.977297008547008628e-01 4.629629629629629373e-03 1.041666666666666609e-02
0.000000000000000000e+00 4.017984330484330457e-01 4.982638888888888951e-01 4.095441595441595348e-03 1.095085470085470011e-02
0.000000000000000000e+00 4.266381766381766583e-01 5.281784188034187588e-01 5.341880341880341984e-03 1.469017094017094002e-02
0.000000000000000000e+00 4.320690883190883014e-01 5.277777777777777901e-01 4.095441595441595348e-03 1.068376068376068397e-02
0.000000000000000000e+00 4.364316239316239354e-01 5.267094017094017255e-01 4.273504273504273934e-03 1.175213675213675202e-02
0.000000000000000000e+00 4.075854700854700807e-01 5.335202991452991927e-01 4.629629629629629373e-03 1.308760683760683795e-02
0.000000000000000000e+00 4.099893162393162260e-01 5.607638888888888395e-01 4.095441595441595348e-03 1.201923076923076990e-02
0.000000000000000000e+00 4.788995726495726690e-01 4.488514957264957417e-01 9.081196581196581893e-03 7.211538461538461939e-03
0.000000000000000000e+00 4.926994301994301884e-01 5.053418803418803229e-01 8.547008547008547868e-03 6.410256410256410034e-03
0.000000000000000000e+00 5.112179487179486781e-01 5.065438034188034511e-01 7.834757834757835257e-03 6.143162393162393022e-03
0.000000000000000000e+00 5.060541310541311066e-01 5.134882478632478708e-01 9.259259259259258745e-03 6.677350427350427046e-03
0.000000000000000000e+00 5.127314814814815103e-01 5.263087606837606458e-01 7.656695156695156670e-03 6.677350427350427046e-03
0.000000000000000000e+00 5.133547008547008073e-01 5.336538461538461453e-01 7.834757834757835257e-03 5.876068376068376009e-03
0.000000000000000000e+00 5.143340455840456071e-01 5.404647435897436125e-01 8.012820512820512109e-03 6.677350427350427046e-03
0.000000000000000000e+00 4.970619658119658224e-01 5.516826923076922906e-01 8.725071225071224720e-03 5.608974358974358997e-03
0.000000000000000000e+00 4.115918803418803229e-01 5.782585470085470636e-01 4.451566951566951653e-03 1.121794871794871799e-02
0.000000000000000000e+00 4.152421652421652287e-01 6.152510683760683552e-01 4.629629629629629373e-03 1.308760683760683795e-02
0.000000000000000000e+00 3.853276353276353094e-01 6.408920940170940161e-01 3.561253561253561323e-03 7.745726495726495964e-03
0.000000000000000000e+00 4.095441595441595695e-01 6.730769230769231282e-01 4.629629629629629373e-03 1.068376068376068397e-02
0.000000000000000000e+00 4.053596866096866314e-01 6.741452991452991927e-01 4.451566951566951653e-03 1.121794871794871799e-02
0.000000000000000000e+00 4.558404558404558493e-01 6.456997863247863068e-01 8.903133903133903307e-03 6.677350427350427046e-03
0.000000000000000000e+00 4.449786324786324521e-01 6.477029914529914834e-01 7.122507122507122646e-03 5.876068376068376009e-03
0.000000000000000000e+00 4.457799145299145560e-01 6.668002136752136932e-01 6.944444444444444059e-03 5.608974358974358997e-03
0.000000000000000000e+00 4.767628205128205399e-01 6.410256410256410797e-01 5.163817663817663398e-03 5.341880341880341984e-03
0.000000000000000000e+00 5.367699430199430743e-01 6.163194444444444198e-01 4.095441595441595348e-03 1.041666666666666609e-02
0.000000000000000000e+00 5.420227920227920215e-01 6.157852564102563875e-01 4.273504273504273934e-03 1.095085470085470011e-02
0.000000000000000000e+00 5.471866096866097040e-01 6.153846153846154188e-01 4.273504273504273934e-03 1.175213675213675202e-02
0.000000000000000000e+00 5.001780626780626404e-01 6.356837606837606458e-01 7.834757834757835257e-03 6.410256410256410034e-03
0.000000000000000000e+00 5.267984330484331013e-01 6.299412393162393542e-01 8.012820512820512109e-03 6.677350427350427046e-03
0.000000000000000000e+00 5.157585470085470636e-01 6.326121794871795156e-01 8.012820512820512109e-03 6.677350427350427046e-03
0.000000000000000000e+00 4.910968660968660915e-01 6.565170940170940161e-01 8.547008547008547868e-03 6.944444444444444059e-03
0.000000000000000000e+00 5.030270655270655533e-01 6.543803418803418870e-01 8.903133903133903307e-03 6.410256410256410034e-03
0.000000000000000000e+00 5.162037037037037202e-01 6.514423076923077094e-01 8.190883190883190695e-03 6.410256410256410034e-03
0.000000000000000000e+00 5.286680911680912143e-01 6.481036324786324521e-01 7.122507122507122646e-03 6.143162393162393022e-03
0.000000000000000000e+00 5.418447293447293811e-01 6.563835470085470636e-01 4.629629629629629373e-03 1.201923076923076990e-02
0.000000000000000000e+00 5.474537037037037202e-01 6.557158119658119677e-01 4.807692307692307959e-03 1.335470085470085409e-02
0.000000000000000000e+00 5.514601139601139623e-01 6.545138888888888395e-01 4.629629629629629373e-03 1.148504273504273587e-02
0.000000000000000000e+00 5.554665242165242045e-01 6.533119658119658224e-01 4.451566951566951653e-03 1.068376068376068397e-02
0.000000000000000000e+00 4.671474358974359031e-01 8.171741452991453381e-01 8.725071225071224720e-03 6.143162393162393022e-03
0.000000000000000000e+00 4.910078347578347713e-01 8.115651709401708880e-01 8.368945868945869282e-03 6.143162393162393022e-03
0.000000000000000000e+00 4.819266381766381668e-01 8.277243589743589203e-01 7.656695156695156670e-03 5.876068376068376009e-03
0.000000000000000000e+00 5.034722222222222099e-01 8.075587606837606458e-01 8.368945868945869282e-03 5.608974358974358997e-03
0.000000000000000000e+00 5.162037037037037202e-01 8.205128205128204844e-01 7.122507122507122646e-03 5.876068376068376009e-03
0.000000000000000000e+00 5.257300569800569257e-01 8.179754273504273865e-01 8.012820512820512109e-03 6.143162393162393022e-03
0.000000000000000000e+00 5.786146723646723444e-01 8.063568376068376287e-01 8.725071225071224720e-03 6.944444444444444059e-03
0.000000000000000000e+00 6.232193732193732627e-01 9.013087606837606458e-01 5.341880341880341984e-03 1.362179487179487197e-02
0.000000000000000000e+00 6.227742165242164951e-01 9.897168803418803229e-01 5.163817663817663398e-03 1.308760683760683795e-02
0.000000000000000000e+00 6.210826210826211335e-01 9.726228632478632896e-01 3.917378917378917629e-03 1.041666666666666609e-02
0.000000000000000000e+00 6.181445868945868449e-01 9.483173076923077094e-01 4.451566951566951653e-03 1.041666666666666609e-02
0.000000000000000000e+00 6.714743589743589203e-01 9.646100427350426942e-01 4.273504273504273934e-03 1.148504273504273587e-02
0.000000000000000000e+00 6.761039886039885705e-01 9.644764957264957417e-01 4.273504273504273934e-03 9.615384615384615918e-03
0.000000000000000000e+00 6.806445868945868449e-01 9.630074786324785974e-01 4.095441595441595348e-03 9.348290598290598039e-03
0.000000000000000000e+00 6.535790598290598385e-01 9.967948717948718063e-01 4.451566951566951653e-03 4.807692307692307959e-03
0.000000000000000000e+00 7.051282051282051766e-01 9.970619658119658224e-01 7.122507122507122646e-03 5.341880341880341984e-03
0.000000000000000000e+00 6.629273504273504036e-01 9.982638888888888395e-01 3.205128205128205017e-03 2.403846153846153980e-03
0.000000000000000000e+00 8.536324786324785974e-01 8.341346153846154188e-01 4.273504273504273934e-03 1.068376068376068397e-02
0.000000000000000000e+00 8.197115384615384359e-01 8.430822649572649041e-01 4.451566951566951653e-03 1.201923076923076990e-02
0.000000000000000000e+00 8.243411680911680861e-01 8.421474358974359031e-01 4.095441595441595348e-03 1.121794871794871799e-02
0.000000000000000000e+00 8.287037037037037202e-01 8.421474358974359031e-01 4.629629629629629373e-03 1.014957264957264994e-02
0.000000000000000000e+00 8.394764957264957417e-01 8.520299145299145005e-01 3.027065527065526864e-03 1.068376068376068397e-02
0.000000000000000000e+00 8.336894586894586512e-01 8.409455128205127750e-01 4.629629629629629373e-03 1.041666666666666609e-02
0.000000000000000000e+00 8.250534188034187588e-01 8.835470085470085166e-01 3.739316239316239476e-03 9.615384615384615918e-03
0.000000000000000000e+00 8.297720797720797847e-01 8.835470085470085166e-01 4.629629629629629373e-03 1.282051282051282007e-02
0.000000000000000000e+00 8.337784900284900269e-01 8.830128205128204844e-01 4.451566951566951653e-03 1.388888888888888812e-02
0.000000000000000000e+00 8.388532763532763337e-01 8.831463675213675479e-01 4.273504273504273934e-03 1.201923076923076990e-02
0.000000000000000000e+00 8.843482905982905651e-01 7.578792735042735318e-01 7.656695156695156670e-03 5.608974358974358997e-03
0.000000000000000000e+00 8.684116809116808611e-01 7.686965811965812412e-01 4.273504273504273934e-03 1.121794871794871799e-02
0.000000000000000000e+00 8.713497150997151497e-01 7.843215811965812412e-01 4.095441595441595348e-03 1.041666666666666609e-02
0.000000000000000000e+00 8.854166666666666297e-01 7.646901709401708880e-01 6.588319088319088621e-03 5.876068376068376009e-03
0.000000000000000000e+00 8.859508547008546619e-01 7.717681623931623713e-01 7.656695156695156670e-03 6.143162393162393022e-03
0.000000000000000000e+00 8.869301994301994618e-01 7.784455128205127750e-01 8.190883190883190695e-03 6.143162393162393022e-03
0.000000000000000000e+00 8.877314814814815103e-01 7.915331196581196771e-01 6.588319088319088621e-03 5.074786324786324972e-03
0.000000000000000000e+00 5.753205128205127750e-01 5.670405982905982745e-01 3.561253561253561323e-03 1.014957264957264994e-02
0.000000000000000000e+00 5.542200854700854995e-01 6.129807692307692735e-01 4.095441595441595348e-03 9.615384615384615918e-03
0.000000000000000000e+00 5.594729344729344467e-01 6.116452991452991927e-01 3.561253561253561323e-03 9.081196581196581893e-03
0.000000000000000000e+00 6.063924501424501345e-01 5.940170940170940161e-01 4.451566951566951653e-03 1.068376068376068397e-02
0.000000000000000000e+00 6.162749287749287319e-01 5.925480769230768718e-01 4.629629629629629373e-03 1.201923076923076990e-02
0.000000000000000000e+00 6.938212250712251228e-01 5.408653846153845812e-01 4.807692307692307959e-03 1.121794871794871799e-02
0.000000000000000000e+00 7.692307692307692735e-01 5.389957264957264682e-01 4.273504273504273934e-03 1.121794871794871799e-02
0.000000000000000000e+00 7.786680911680912143e-01 5.377938034188034511e-01 5.341880341880341984e-03 1.575854700854700807e-02
0.000000000000000000e+00 7.827635327635327211e-01 5.356570512820513219e-01 4.629629629629629373e-03 1.255341880341880392e-02
0.000000000000000000e+00 8.551460113960114295e-01 5.848023504273504036e-01 4.807692307692307959e-03 5.074786324786324972e-03
0.000000000000000000e+00 7.698539886039885705e-01 9.720886752136752573e-01 6.944444444444444059e-03 6.677350427350427046e-03
0.000000000000000000e+00 7.712784900284900269e-01 9.797008547008546619e-01 5.519943019943019703e-03 6.410256410256410034e-03
0.000000000000000000e+00 7.732371794871795156e-01 9.866452991452991927e-01 4.807692307692307959e-03 6.410256410256410034e-03
0.000000000000000000e+00 2.889066951566951480e-01 1.900373931623931534e-01 3.383190883190883170e-03 8.279914529914529989e-03
0.000000000000000000e+00 2.896189458689458762e-01 2.037927350427350404e-01 3.027065527065526864e-03 1.014957264957264994e-02
0.000000000000000000e+00 2.628205128205128305e-01 2.462606837606837740e-01 7.834757834757835257e-03 5.876068376068376009e-03
0.000000000000000000e+00 9.946581196581196771e-01 6.861645299145299193e-01 9.615384615384615918e-03 1.068376068376068397e-02
0.000000000000000000e+00 4.558404558404558632e-02 7.317040598290598385e-01 4.985754985754985678e-03 5.074786324786324972e-03
0.000000000000000000e+00 1.611467236467236525e-02 2.884615384615384776e-02 6.232193732193732315e-03 7.478632478632478951e-03
0.000000000000000000e+00 4.887820512820512803e-02 6.526442307692307265e-01 6.588319088319088621e-03 5.074786324786324972e-03
0.000000000000000000e+00 2.270299145299145283e-01 7.999465811965812412e-01 5.698005698005698290e-03 1.014957264957264994e-02
0.000000000000000000e+00 1.884793447293447166e-01 5.658386752136752573e-01 8.368945868945869282e-03 7.211538461538461939e-03
0.000000000000000000e+00 9.091880341880341776e-01 9.704861111111111605e-01 9.615384615384615918e-03 7.745726495726495964e-03
0.000000000000000000e+00 9.095441595441595695e-01 9.779647435897436125e-01 8.190883190883190695e-03 6.143162393162393022e-03
0.000000000000000000e+00 9.102564102564102422e-01 9.847756410256410797e-01 7.478632478632478951e-03 6.410256410256410034e-03
0.000000000000000000e+00 9.117699430199430743e-01 9.915865384615384359e-01 7.300569800569800365e-03 7.211538461538461939e-03
