0.000000000000000000e+00 2.338853276353276278e-01 1.415598290598290565e-01 3.739316239316239476e-03 1.388888888888888812e-02
0.000000000000000000e+00 2.522257834757834494e-01 1.611912393162393264e-01 4.095441595441595348e-03 1.362179487179487197e-02
0.000000000000000000e+00 2.670049857549857686e-01 1.757478632478632341e-01 3.383190883190883170e-03 1.442307692307692388e-02
0.000000000000000000e+00 2.717236467236467390e-01 1.770833333333333426e-01 4.273504273504273934e-03 1.335470085470085409e-02
0.000000000000000000e+00 2.529380341880341776e-01 1.887019230769230727e-01 6.588319088319088621e-03 6.677350427350427046e-03
0.000000000000000000e+00 2.443910256410256332e-01 1.888354700854700807e-01 8.725071225071224720e-03 6.410256410256410034e-03
0.000000000000000000e+00 2.344195156695156601e-01 1.893696581196581130e-01 6.232193732193732315e-03 1.335470085470085409e-02
0.000000000000000000e+00 2.443910256410256332e-01 1.955128205128205121e-01 8.368945868945869282e-03 6.410256410256410034e-03
0.000000000000000000e+00 2.578347578347578439e-01 2.202190170940170888e-01 3.917378917378917629e-03 1.255341880341880392e-02
0.000000000000000000e+00 2.539173789173789220e-01 2.200854700854700807e-01 4.629629629629629373e-03 1.282051282051282007e-02
0.000000000000000000e+00 2.408297720797720753e-01 2.211538461538461453e-01 4.095441595441595348e-03 1.068376068376068397e-02
0.000000000000000000e+00 2.365562678062678170e-01 2.195512820512820484e-01 4.451566951566951653e-03 1.388888888888888812e-02
0.000000000000000000e+00 2.317485754985754987e-01 2.215544871794871695e-01 4.095441595441595348e-03 1.041666666666666609e-02
0.000000000000000000e+00 2.244480056980056870e-01 2.079326923076923184e-01 8.012820512820512109e-03 6.677350427350427046e-03
0.000000000000000000e+00 2.264066951566951480e-01 1.948450854700854717e-01 8.012820512820512109e-03 6.677350427350427046e-03
0.000000000000000000e+00 2.250712250712250673e-01 1.875000000000000000e-01 8.903133903133903307e-03 5.876068376068376009e-03
0.000000000000000000e+00 5.477207977207977363e-01 1.834935897435897301e-01 9.615384615384615918e-03 6.944444444444444059e-03
0.000000000000000000e+00 5.581374643874643660e-01 1.822916666666666574e-01 9.437321937321937332e-03 1.041666666666666609e-02
0.000000000000000000e+00 5.684650997150997309e-01 1.780181623931623991e-01 9.437321937321937332e-03 9.882478632478632063e-03
0.000000000000000000e+00 5.783475783475783283e-01 1.745459401709401615e-01 7.478632478632478951e-03 7.745726495726495964e-03
0.000000000000000000e+00 5.886752136752136932e-01 1.713408119658119677e-01 8.547008547008547868e-03 8.279914529914529989e-03
0.000000000000000000e+00 6.223290598290598385e-01 1.240651709401709435e-01 5.698005698005698290e-03 1.308760683760683795e-02
0.000000000000000000e+00 6.859864672364672789e-01 1.629273504273504314e-01 1.014957264957264994e-02 9.081196581196581893e-03
0.000000000000000000e+00 6.790420227920227481e-01 1.479700854700854717e-01 9.081196581196581893e-03 8.547008547008547868e-03
0.000000000000000000e+00 6.887464387464387050e-01 1.450320512820512941e-01 8.547008547008547868e-03 8.012820512820512109e-03
0.000000000000000000e+00 6.984508547008546619e-01 1.419604700854700807e-01 9.081196581196581893e-03 7.745726495726495964e-03
0.000000000000000000e+00 7.047720797720797847e-01 1.567841880341880323e-01 7.834757834757835257e-03 6.944444444444444059e-03
0.000000000000000000e+00 7.220441595441595695e-01 1.491720085470085444e-01 1.032763532763532680e-02 1.095085470085470011e-02
0.000000000000000000e+00 6.308760683760683552e-01 8.213141025641025605e-02 7.122507122507122646e-03 1.522435897435897405e-02
0.000000000000000000e+00 6.224180911680912143e-01 5.368589743589743252e-02 7.300569800569800365e-03 1.495726495726495790e-02
0.000000000000000000e+00 5.446937321937321830e-01 2.016559829059829112e-01 8.547008547008547868e-03 7.478632478632478951e-03
0.000000000000000000e+00 5.948183760683760646e-01 2.541399572649572502e-01 6.588319088319088621e-03 1.522435897435897405e-02
0.000000000000000000e+00 5.853810541310541238e-01 2.557425213675213471e-01 5.519943019943019703e-03 1.201923076923076990e-02
0.000000000000000000e+00 5.768340455840456071e-01 2.602831196581196771e-01 6.588319088319088621e-03 1.201923076923076990e-02
0.000000000000000000e+00 5.591168091168091658e-01 2.653579059829059839e-01 6.054131054131053728e-03 1.255341880341880392e-02
0.000000000000000000e+00 5.223468660968660915e-01 2.958066239316239354e-01 5.876068376068376009e-03 1.308760683760683795e-02
0.000000000000000000e+00 5.644586894586894887e-01 3.203792735042735318e-01 8.547008547008547868e-03 7.211538461538461939e-03
0.000000000000000000e+00 5.751424501424501345e-01 3.266559829059829112e-01 9.259259259259258745e-03 8.547008547008547868e-03
0.000000000000000000e+00 7.167022792022792466e-01 4.568643162393162260e-01 1.246438746438746463e-02 7.745726495726495964e-03
0.000000000000000000e+00 7.208867521367521292e-01 4.648771367521367659e-01 9.437321937321937332e-03 7.211538461538461939e-03
0.000000000000000000e+00 5.100605413105413488e-01 5.711805555555555802e-01 8.725071225071224720e-03 7.211538461538461939e-03
0.000000000000000000e+00 5.105947293447293811e-01 5.635683760683760646e-01 1.014957264957264994e-02 5.341880341880341984e-03
0.000000000000000000e+00 5.115740740740740700e-01 5.775908119658119677e-01 1.103988603988603941e-02 5.608974358974358997e-03
0.000000000000000000e+00 2.172364672364672233e-01 4.584668803418803229e-01 5.341880341880341984e-03 1.201923076923076990e-02
0.000000000000000000e+00 2.277421652421652287e-01 4.537927350427350404e-01 4.985754985754985678e-03 1.121794871794871799e-02
0.000000000000000000e+00 2.320156695156695148e-01 4.531250000000000000e-01 4.629629629629629373e-03 1.255341880341880392e-02
0.000000000000000000e+00 2.368233618233618332e-01 4.536591880341880323e-01 6.410256410256410034e-03 1.415598290598290600e-02
0.000000000000000000e+00 2.467948717948718063e-01 4.523237179487179516e-01 5.698005698005698290e-03 1.415598290598290600e-02
0.000000000000000000e+00 2.556089743589743390e-01 4.516559829059829112e-01 5.163817663817663398e-03 1.335470085470085409e-02
0.000000000000000000e+00 2.607727920227920215e-01 4.503205128205128305e-01 5.876068376068376009e-03 1.655982905982905998e-02
0.000000000000000000e+00 2.378917378917378977e-01 4.818376068376068466e-01 5.341880341880341984e-03 1.388888888888888812e-02
0.000000000000000000e+00 2.565883190883190834e-01 4.823717948717948789e-01 5.341880341880341984e-03 1.282051282051282007e-02
0.000000000000000000e+00 2.702101139601139623e-01 4.659455128205128305e-01 1.086182336182336255e-02 8.814102564102564014e-03
0.000000000000000000e+00 2.719017094017093794e-01 4.740918803418803229e-01 9.259259259259258745e-03 5.876068376068376009e-03
0.000000000000000000e+00 2.723468660968660915e-01 4.799679487179487336e-01 7.656695156695156670e-03 5.876068376068376009e-03
0.000000000000000000e+00 2.721688034188033956e-01 4.867788461538461453e-01 8.725071225071224720e-03 6.677350427350427046e-03
0.000000000000000000e+00 2.732371794871794601e-01 4.935897435897436125e-01 7.300569800569800365e-03 5.341880341880341984e-03
0.000000000000000000e+00 2.732371794871794601e-01 5.009348290598291120e-01 8.368945868945869282e-03 5.074786324786324972e-03
0.000000000000000000e+00 2.733262108262108359e-01 5.082799145299145005e-01 8.547008547008547868e-03 6.410256410256410034e-03
0.000000000000000000e+00 2.741274928774928843e-01 5.144230769230768718e-01 8.725071225071224720e-03 5.876068376068376009e-03
0.000000000000000000e+00 2.737713675213675479e-01 5.212339743589743390e-01 9.437321937321937332e-03 6.143162393162393022e-03
0.000000000000000000e+00 2.743945868945869004e-01 5.279113247863247427e-01 9.259259259259258745e-03 7.211538461538461939e-03
0.000000000000000000e+00 2.743055555555555802e-01 5.355235042735042583e-01 9.081196581196581893e-03 4.807692307692307959e-03
0.000000000000000000e+00 2.761752136752136932e-01 5.423344017094017255e-01 8.903133903133903307e-03 6.677350427350427046e-03
0.000000000000000000e+00 2.605947293447293256e-01 5.687767094017094349e-01 5.519943019943019703e-03 1.255341880341880392e-02
0.000000000000000000e+00 2.666488603988603767e-01 5.679754273504273865e-01 5.876068376068376009e-03 1.255341880341880392e-02
0.000000000000000000e+00 2.363782051282051211e-01 5.396634615384615641e-01 5.519943019943019703e-03 1.201923076923076990e-02
0.000000000000000000e+00 2.291666666666666574e-01 4.990651709401709435e-01 5.341880341880341984e-03 1.201923076923076990e-02
0.000000000000000000e+00 2.238247863247863345e-01 4.995993589743589758e-01 4.985754985754985678e-03 1.469017094017094002e-02
0.000000000000000000e+00 2.244480056980056870e-01 4.857104700854700807e-01 5.876068376068376009e-03 1.041666666666666609e-02
0.000000000000000000e+00 3.745548433048432879e-01 6.586538461538461453e-01 8.368945868945869282e-03 8.012820512820512109e-03
0.000000000000000000e+00 3.741987179487179516e-01 6.805555555555555802e-01 9.437321937321937332e-03 5.876068376068376009e-03
0.000000000000000000e+00 3.751780626780626959e-01 6.876335470085470636e-01 1.032763532763532680e-02 6.677350427350427046e-03
0.000000000000000000e+00 1.883012820512820484e-01 4.547275641025640969e-01 5.519943019943019703e-03 1.148504273504273587e-02
0.000000000000000000e+00 1.875890313390313480e-01 4.708867521367521292e-01 5.876068376068376009e-03 1.495726495726495790e-02
0.000000000000000000e+00 1.877670940170940161e-01 5.271100427350426942e-01 6.232193732193732315e-03 1.148504273504273587e-02
0.000000000000000000e+00 1.866096866096866036e-01 5.588942307692307265e-01 6.054131054131053728e-03 1.041666666666666609e-02
0.000000000000000000e+00 4.107015669515669543e-01 4.098557692307692180e-01 4.807692307692307959e-03 1.201923076923076990e-02
0.000000000000000000e+00 4.406160968660968735e-01 4.210737179487179516e-01 9.437321937321937332e-03 6.677350427350427046e-03
0.000000000000000000e+00 4.419515669515669543e-01 4.284188034188033956e-01 8.190883190883190695e-03 5.876068376068376009e-03
0.000000000000000000e+00 4.401709401709401615e-01 3.986378205128205399e-01 8.903133903133903307e-03 7.211538461538461939e-03
0.000000000000000000e+00 3.457086894586894332e-01 4.137286324786324521e-01 9.437321937321937332e-03 8.012820512820512109e-03
0.000000000000000000e+00 3.576388888888888951e-01 4.123931623931623713e-01 7.656695156695156670e-03 6.944444444444444059e-03
0.000000000000000000e+00 3.672542735042735318e-01 4.107905982905982745e-01 7.300569800569800365e-03 8.012820512820512109e-03
0.000000000000000000e+00 3.761574074074073848e-01 4.093215811965811857e-01 6.588319088319088621e-03 6.677350427350427046e-03
0.000000000000000000e+00 3.937856125356125614e-01 4.081196581196581130e-01 5.163817663817663398e-03 1.175213675213675202e-02
0.000000000000000000e+00 4.243233618233618332e-01 4.067841880341880323e-01 5.341880341880341984e-03 1.175213675213675202e-02
0.000000000000000000e+00 4.168447293447293256e-01 4.081196581196581130e-01 4.273504273504273934e-03 1.175213675213675202e-02
0.000000000000000000e+00 4.415954415954416179e-01 4.046474358974359031e-01 7.478632478632478951e-03 7.478632478632478951e-03
0.000000000000000000e+00 3.547008547008547175e-01 6.410256410256410797e-01 5.698005698005698290e-03 1.282051282051282007e-02
0.000000000000000000e+00 4.832621082621082476e-01 6.067040598290598385e-01 3.561253561253561323e-03 1.308760683760683795e-02
0.000000000000000000e+00 4.788995726495726690e-01 6.079059829059828557e-01 4.451566951566951653e-03 1.121794871794871799e-02
0.000000000000000000e+00 4.737357549857549865e-01 6.069711538461538547e-01 5.876068376068376009e-03 1.415598290598290600e-02
0.000000000000000000e+00 2.966524216524216717e-01 5.669070512820513219e-01 4.629629629629629373e-03 1.362179487179487197e-02
0.000000000000000000e+00 3.209579772079771964e-01 5.377938034188034511e-01 4.807692307692307959e-03 1.255341880341880392e-02
0.000000000000000000e+00 3.259437321937321830e-01 5.357905982905982745e-01 5.163817663817663398e-03 1.014957264957264994e-02
0.000000000000000000e+00 3.312856125356125614e-01 5.616987179487179516e-01 5.876068376068376009e-03 1.442307692307692388e-02
0.000000000000000000e+00 2.995014245014245291e-01 5.878739316239316448e-01 8.903133903133903307e-03 6.410256410256410034e-03
0.000000000000000000e+00 2.991452991452991372e-01 6.018963675213675479e-01 9.259259259259258745e-03 6.677350427350427046e-03
0.000000000000000000e+00 2.720797720797720753e-01 7.037927350427350959e-01 4.629629629629629373e-03 1.175213675213675202e-02
0.000000000000000000e+00 2.761752136752136932e-01 7.028579059829059839e-01 3.917378917378917629e-03 1.095085470085470011e-02
0.000000000000000000e+00 2.806267806267806475e-01 7.020566239316239354e-01 4.273504273504273934e-03 1.308760683760683795e-02
0.000000000000000000e+00 2.856125356125356340e-01 6.996527777777777901e-01 3.917378917378917629e-03 1.095085470085470011e-02
0.000000000000000000e+00 2.962072649572649596e-01 6.981837606837606458e-01 4.451566951566951653e-03 1.068376068376068397e-02
0.000000000000000000e+00 3.011039886039886260e-01 6.984508547008546619e-01 5.698005698005698290e-03 1.282051282051282007e-02
0.000000000000000000e+00 3.275462962962962798e-01 7.381143162393162260e-01 4.095441595441595348e-03 1.201923076923076990e-02
0.000000000000000000e+00 3.326210826210826421e-01 7.366452991452991927e-01 4.985754985754985678e-03 1.282051282051282007e-02
0.000000000000000000e+00 3.417022792022791911e-01 7.359775641025640969e-01 4.985754985754985678e-03 1.255341880341880392e-02
0.000000000000000000e+00 3.462428774928774655e-01 7.353098290598291120e-01 4.807692307692307959e-03 1.388888888888888812e-02
0.000000000000000000e+00 3.035968660968660915e-01 7.358440170940171443e-01 4.629629629629629373e-03 1.121794871794871799e-02
0.000000000000000000e+00 2.991452991452991372e-01 7.361111111111111605e-01 3.917378917378917629e-03 1.014957264957264994e-02
0.000000000000000000e+00 2.929131054131053902e-01 7.342414529914529364e-01 5.698005698005698290e-03 1.335470085470085409e-02
0.000000000000000000e+00 2.824964387464387605e-01 7.490651709401708880e-01 3.739316239316239476e-03 1.095085470085470011e-02
0.000000000000000000e+00 2.832086894586894332e-01 7.709668803418803229e-01 4.451566951566951653e-03 1.041666666666666609e-02
0.000000000000000000e+00 2.736823361823361722e-01 7.752403846153845812e-01 4.273504273504273934e-03 9.348290598290598039e-03
0.000000000000000000e+00 1.853632478632478708e-01 7.498664529914529364e-01 4.273504273504273934e-03 1.415598290598290600e-02
0.000000000000000000e+00 1.688034188034188143e-01 8.120993589743589203e-01 4.629629629629629373e-03 1.255341880341880392e-02
0.000000000000000000e+00 1.689814814814814825e-01 8.452190170940171443e-01 3.917378917378917629e-03 1.041666666666666609e-02
0.000000000000000000e+00 1.826032763532763614e-01 8.474893162393162260e-01 5.519943019943019703e-03 1.282051282051282007e-02
0.000000000000000000e+00 4.816595441595441368e-02 9.266826923076922906e-01 8.368945868945869282e-03 8.279914529914529989e-03
0.000000000000000000e+00 2.207977207977207881e-02 9.563301282051281937e-01 6.766381766381766340e-03 9.348290598290598039e-03
0.000000000000000000e+00 3.347578347578347713e-02 9.399038461538461453e-01 8.547008547008547868e-03 1.121794871794871799e-02
0.000000000000000000e+00 3.913817663817663606e-01 9.250801282051281937e-01 5.698005698005698290e-03 1.255341880341880392e-02
0.000000000000000000e+00 3.956552706552706744e-01 9.241452991452991927e-01 4.629629629629629373e-03 1.282051282051282007e-02
0.000000000000000000e+00 4.006410256410256610e-01 9.228098290598291120e-01 5.698005698005698290e-03 1.388888888888888812e-02
0.000000000000000000e+00 4.099002849002849058e-01 9.216079059829059839e-01 6.054131054131053728e-03 1.469017094017094002e-02
0.000000000000000000e+00 4.147079772079771964e-01 9.194711538461538547e-01 4.985754985754985678e-03 1.415598290598290600e-02
0.000000000000000000e+00 4.194266381766381668e-01 9.173344017094017255e-01 4.807692307692307959e-03 1.308760683760683795e-02
0.000000000000000000e+00 3.488247863247863068e-01 9.579326923076922906e-01 1.103988603988603941e-02 8.279914529914529989e-03
0.000000000000000000e+00 3.435719373219373041e-01 9.333600427350426942e-01 5.876068376068376009e-03 1.148504273504273587e-02
0.000000000000000000e+00 3.333333333333333148e-01 9.354967948717948234e-01 4.985754985754985678e-03 1.255341880341880392e-02
0.000000000000000000e+00 3.516737891737891641e-01 9.297542735042735318e-01 3.917378917378917629e-03 1.014957264957264994e-02
0.000000000000000000e+00 3.868411680911680861e-01 7.959401709401708880e-01 4.095441595441595348e-03 1.121794871794871799e-02
0.000000000000000000e+00 3.909366096866097040e-01 7.955395299145299193e-01 4.095441595441595348e-03 1.308760683760683795e-02
0.000000000000000000e+00 3.955662393162392987e-01 7.950053418803418870e-01 4.451566951566951653e-03 1.308760683760683795e-02
0.000000000000000000e+00 3.999287749287749327e-01 7.950053418803418870e-01 4.273504273504273934e-03 1.201923076923076990e-02
0.000000000000000000e+00 4.045584045584045829e-01 7.940705128205127750e-01 4.273504273504273934e-03 1.228632478632478604e-02
0.000000000000000000e+00 4.088319088319088412e-01 7.946047008547008073e-01 3.561253561253561323e-03 9.615384615384615918e-03
0.000000000000000000e+00 2.353988603988604045e-01 9.719551282051281937e-01 9.615384615384615918e-03 6.944444444444444059e-03
0.000000000000000000e+00 2.489316239316239354e-01 9.719551282051281937e-01 9.971509971509971357e-03 9.081196581196581893e-03
0.000000000000000000e+00 2.621082621082621023e-01 9.702190170940171443e-01 8.190883190883190695e-03 6.677350427350427046e-03
0.000000000000000000e+00 2.719017094017093794e-01 9.698183760683760646e-01 8.190883190883190695e-03 6.944444444444444059e-03
0.000000000000000000e+00 2.809829059829059839e-01 9.682158119658119677e-01 9.259259259259258745e-03 6.944444444444444059e-03
0.000000000000000000e+00 4.211182336182336255e-02 7.064636752136752573e-01 8.368945868945869282e-03 1.282051282051282007e-02
0.000000000000000000e+00 2.546296296296296155e-02 6.798878205128204844e-01 9.259259259259258745e-03 8.279914529914529989e-03
0.000000000000000000e+00 2.056623931623931603e-02 6.602564102564102422e-01 8.368945868945869282e-03 6.944444444444444059e-03
0.000000000000000000e+00 2.279202279202279316e-02 6.665331196581196771e-01 8.547008547008547868e-03 7.211538461538461939e-03
0.000000000000000000e+00 1.212606837606837601e-01 4.525908119658119677e-01 3.917378917378917629e-03 1.095085470085470011e-02
0.000000000000000000e+00 1.040776353276353233e-01 4.548611111111111049e-01 4.807692307692307959e-03 1.388888888888888812e-02
0.000000000000000000e+00 1.201923076923076955e-01 4.827724358974359031e-01 4.629629629629629373e-03 1.095085470085470011e-02
0.000000000000000000e+00 1.250000000000000000e-01 4.813034188034188143e-01 4.629629629629629373e-03 1.335470085470085409e-02
0.000000000000000000e+00 1.296296296296296224e-01 4.833066239316239354e-01 3.917378917378917629e-03 1.041666666666666609e-02
0.000000000000000000e+00 1.344373219373219408e-01 4.825053418803418870e-01 4.629629629629629373e-03 1.148504273504273587e-02
0.000000000000000000e+00 1.342592592592592726e-01 4.957264957264957417e-01 4.273504273504273934e-03 1.121794871794871799e-02
0.000000000000000000e+00 1.296296296296296224e-01 4.958600427350427498e-01 4.629629629629629373e-03 1.148504273504273587e-02
0.000000000000000000e+00 1.248219373219373179e-01 4.949252136752136932e-01 3.561253561253561323e-03 1.228632478632478604e-02
0.000000000000000000e+00 1.203703703703703637e-01 4.957264957264957417e-01 3.917378917378917629e-03 9.615384615384615918e-03
0.000000000000000000e+00 1.154736467236467251e-01 4.955929487179487336e-01 4.451566951566951653e-03 1.095085470085470011e-02
0.000000000000000000e+00 1.068376068376068327e-01 4.959935897435897578e-01 3.917378917378917629e-03 1.068376068376068397e-02
0.000000000000000000e+00 1.158297720797720753e-01 5.260416666666666297e-01 4.095441595441595348e-03 1.095085470085470011e-02
0.000000000000000000e+00 1.249109686609686659e-01 5.256410256410256610e-01 4.451566951566951653e-03 1.228632478632478604e-02
0.000000000000000000e+00 1.297186609686609704e-01 5.261752136752136932e-01 4.451566951566951653e-03 1.495726495726495790e-02
0.000000000000000000e+00 1.066595441595441646e-01 5.275106837606837740e-01 4.273504273504273934e-03 1.228632478632478604e-02
0.000000000000000000e+00 1.104878917378917386e-01 5.714476495726495964e-01 4.095441595441595348e-03 1.148504273504273587e-02
0.000000000000000000e+00 1.108440170940170888e-01 5.840010683760683552e-01 4.451566951566951653e-03 1.201923076923076990e-02
0.000000000000000000e+00 8.457977207977207534e-01 1.259348290598290565e-01 9.615384615384615918e-03 1.041666666666666609e-02
0.000000000000000000e+00 8.425925925925925597e-01 1.352831196581196493e-01 8.903133903133903307e-03 9.348290598290598039e-03
0.000000000000000000e+00 1.502849002849002968e-01 3.258547008547008628e-01 9.615384615384615918e-03 6.944444444444444059e-03
0.000000000000000000e+00 1.841168091168091103e-01 3.508279914529914278e-01 4.629629629629629373e-03 1.415598290598290600e-02
0.000000000000000000e+00 1.843839031339031265e-01 3.835470085470085722e-01 4.095441595441595348e-03 1.282051282051282007e-02
0.000000000000000000e+00 3.228276353276353094e-01 2.697649572649572502e-01 9.259259259259258745e-03 8.012820512820512109e-03
0.000000000000000000e+00 3.330662393162392987e-01 2.672275641025640969e-01 8.012820512820512109e-03 8.279914529914529989e-03
0.000000000000000000e+00 3.437500000000000000e-01 2.626869658119658224e-01 6.232193732193732315e-03 5.608974358974358997e-03
0.000000000000000000e+00 3.546118233618233417e-01 2.588141025641025883e-01 8.012820512820512109e-03 6.410256410256410034e-03
0.000000000000000000e+00 7.987001424501424252e-01 1.008279914529914556e-01 4.807692307692307959e-03 1.255341880341880392e-02
0.000000000000000000e+00 8.595085470085470636e-01 4.775641025641025883e-01 5.341880341880341984e-03 1.442307692307692388e-02
0.000000000000000000e+00 8.680555555555555802e-01 4.736912393162392987e-01 4.629629629629629373e-03 1.148504273504273587e-02
0.000000000000000000e+00 8.878205128205127750e-01 4.631410256410256610e-01 7.478632478632478951e-03 5.876068376068376009e-03
0.000000000000000000e+00 9.260149572649573058e-01 4.389690170940170888e-01 8.725071225071224720e-03 7.211538461538461939e-03
0.000000000000000000e+00 8.998397435897436125e-01 5.730502136752136932e-01 8.012820512820512109e-03 6.677350427350427046e-03
0.000000000000000000e+00 9.130163817663817794e-01 5.946848290598291120e-01 5.519943019943019703e-03 1.469017094017094002e-02
0.000000000000000000e+00 9.910968660968660915e-01 1.921741452991453103e-01 9.615384615384615918e-03 8.279914529914529989e-03
0.000000000000000000e+00 9.957264957264957417e-01 1.482371794871794879e-01 7.122507122507122646e-03 6.944444444444444059e-03
0.000000000000000000e+00 6.749465811965812412e-01 1.896367521367521222e-02 6.588319088319088621e-03 5.876068376068376009e-03
0.000000000000000000e+00 6.748575498575498655e-01 2.617521367521367590e-02 7.834757834757835257e-03 6.410256410256410034e-03
0.000000000000000000e+00 6.942663817663817794e-01 2.777777777777777624e-02 7.478632478632478951e-03 6.410256410256410034e-03
0.000000000000000000e+00 6.938212250712251228e-01 2.110042735042735179e-02 8.012820512820512109e-03 6.944444444444444059e-03
0.000000000000000000e+00 6.937321937321937471e-01 1.428952991452991407e-02 7.834757834757835257e-03 5.608974358974358997e-03
0.000000000000000000e+00 7.032585470085470636e-01 1.562500000000000000e-02 9.081196581196581893e-03 7.211538461538461939e-03
0.000000000000000000e+00 7.214209401709401615e-01 3.084935897435897578e-02 8.368945868945869282e-03 6.143162393162393022e-03
0.000000000000000000e+00 6.176103988603988126e-01 4.006410256410256748e-02 6.232193732193732315e-03 1.175213675213675202e-02
0.000000000000000000e+00 5.145121082621082476e-01 6.089743589743589619e-02 4.807692307692307959e-03 1.121794871794871799e-02
0.000000000000000000e+00 1.539351851851851749e-01 1.981837606837606736e-01 7.656695156695156670e-03 5.876068376068376009e-03
0.000000000000000000e+00 9.195156695156695426e-01 9.252136752136752573e-01 4.985754985754985678e-03 1.228632478632478604e-02
0.000000000000000000e+00 9.923433048433047965e-01 9.368322649572649041e-01 5.341880341880341984e-03 1.415598290598290600e-02
0.000000000000000000e+00 9.948361823361823175e-01 9.835737179487179516e-01 7.478632478632478951e-03 7.745726495726495964e-03
0.000000000000000000e+00 1.032763532763532680e-02 9.767628205128204844e-01 6.766381766381766340e-03 9.615384615384615918e-03
0.000000000000000000e+00 4.718660968660968319e-02 9.715544871794872250e-01 4.273504273504273934e-03 1.148504273504273587e-02
0.000000000000000000e+00 1.200142450142450135e-01 6.987179487179486781e-01 8.190883190883190695e-03 6.944444444444444059e-03
0.000000000000000000e+00 1.196581196581196632e-01 5.715811965811965489e-01 3.205128205128205017e-03 1.068376068376068397e-02
0.000000000000000000e+00 1.198361823361823314e-01 5.842681623931623713e-01 3.561253561253561323e-03 1.201923076923076990e-02
0.000000000000000000e+00 1.063034188034188005e-01 6.209935897435897578e-01 4.985754985754985678e-03 1.335470085470085409e-02
0.000000000000000000e+00 1.120014245014245013e-01 6.215277777777777901e-01 4.985754985754985678e-03 1.335470085470085409e-02
0.000000000000000000e+00 1.326566951566951653e-02 6.338141025641025328e-01 7.656695156695156670e-03 8.012820512820512109e-03
0.000000000000000000e+00 1.848290598290598385e-01 3.981036324786324521e-01 3.917378917378917629e-03 9.882478632478632063e-03
0.000000000000000000e+00 5.056089743589743390e-01 6.124465811965812412e-01 4.095441595441595348e-03 1.282051282051282007e-02
0.000000000000000000e+00 5.146901709401708880e-01 6.116452991452991927e-01 4.451566951566951653e-03 1.228632478632478604e-02
0.000000000000000000e+00 5.195868945868945543e-01 6.109775641025640969e-01 4.629629629629629373e-03 1.255341880341880392e-02
0.000000000000000000e+00 4.673254985754985991e-01 6.873664529914529364e-01 4.095441595441595348e-03 1.095085470085470011e-02
0.000000000000000000e+00 4.687500000000000000e-01 7.190170940170940161e-01 4.095441595441595348e-03 1.282051282051282007e-02
0.000000000000000000e+00 2.849002849002849058e-01 6.721420940170940161e-01 3.917378917378917629e-03 1.148504273504273587e-02
0.000000000000000000e+00 2.785790598290598385e-01 6.340811965811965489e-01 7.656695156695156670e-03 6.410256410256410034e-03
0.000000000000000000e+00 1.983618233618233695e-01 6.247329059829059839e-01 8.190883190883190695e-03 6.410256410256410034e-03
0.000000000000000000e+00 2.073539886039885982e-01 6.248664529914529364e-01 9.437321937321937332e-03 6.677350427350427046e-03
0.000000000000000000e+00 2.075320512820512941e-01 6.164529914529914834e-01 7.656695156695156670e-03 5.876068376068376009e-03
0.000000000000000000e+00 3.019943019943019946e-01 5.409989316239316448e-01 4.629629629629629373e-03 9.882478632478632063e-03
0.000000000000000000e+00 3.417913105413105668e-01 5.283119658119658224e-01 3.383190883190883170e-03 9.615384615384615918e-03
0.000000000000000000e+00 2.089565527065526951e-01 9.747596153846154188e-01 1.299857549857549865e-02 1.041666666666666609e-02
0.000000000000000000e+00 9.941239316239316448e-01 5.633012820512820484e-01 8.903133903133903307e-03 6.944444444444444059e-03
0.000000000000000000e+00 5.506588319088319139e-01 3.927617521367521292e-01 7.300569800569800365e-03 5.074786324786324972e-03
0.000000000000000000e+00 1.985398860398860515e-02 4.290865384615384359e-01 7.300569800569800365e-03 7.211538461538461939e-03
0.000000000000000000e+00 2.136752136752136794e-02 4.368322649572649596e-01 8.190883190883190695e-03 8.279914529914529989e-03
0.000000000000000000e+00 2.332621082621082545e-02 4.439102564102563875e-01 7.834757834757835257e-03 8.547008547008547868e-03
0.000000000000000000e+00 2.662037037037037063e-02 4.499198717948718063e-01 6.588319088319088621e-03 7.211538461538461939e-03
0.000000000000000000e+00 4.122150997150997309e-02 5.170940170940171443e-01 7.656695156695156670e-03 8.012820512820512109e-03
0.000000000000000000e+00 4.050925925925925875e-02 5.092147435897436125e-01 7.300569800569800365e-03 8.279914529914529989e-03
0.000000000000000000e+00 3.676994301994301884e-02 4.978632478632478708e-01 7.300569800569800365e-03 9.615384615384615918e-03
0.000000000000000000e+00 3.516737891737891503e-02 4.910523504273504036e-01 7.300569800569800365e-03 8.814102564102564014e-03
0.000000000000000000e+00 3.320868945868946098e-02 4.843750000000000000e-01 7.656695156695156670e-03 7.745726495726495964e-03
0.000000000000000000e+00 3.160612535612535717e-02 4.768963675213675479e-01 8.368945868945869282e-03 8.279914529914529989e-03
0.000000000000000000e+00 5.965099715099715302e-03 5.972222222222222099e-01 8.725071225071224720e-03 9.081196581196581893e-03
0.000000000000000000e+00 3.205128205128205017e-03 5.906784188034187588e-01 5.698005698005698290e-03 6.143162393162393022e-03
0.000000000000000000e+00 2.938034188034188005e-02 9.967948717948718063e-01 4.985754985754985678e-03 5.876068376068376009e-03
0.000000000000000000e+00 3.472222222222222376e-02 9.967948717948718063e-01 4.985754985754985678e-03 5.341880341880341984e-03
0.000000000000000000e+00 4.282407407407407690e-02 9.970619658119658224e-01 4.451566951566951653e-03 5.341880341880341984e-03
0.000000000000000000e+00 3.498041310541310511e-01 4.827724358974359031e-01 1.014957264957264994e-02 7.745726495726495964e-03
0.000000000000000000e+00 2.113603988603988681e-01 5.403311965811965489e-01 7.478632478632478951e-03 6.410256410256410034e-03
0.000000000000000000e+00 6.487713675213675479e-01 8.012820512820512109e-03 5.519943019943019703e-03 1.121794871794871799e-02
0.000000000000000000e+00 6.435185185185184897e-01 1.188568376068376009e-02 4.273504273504273934e-03 4.540598290598290947e-03
0.000000000000000000e+00 4.880698005698005937e-01 6.065705128205127750e-01 4.629629629629629373e-03 1.175213675213675202e-02
0.000000000000000000e+00 5.085470085470085166e-01 5.570245726495726135e-01 6.054131054131053728e-03 5.074786324786324972e-03
