0.000000000000000000e+00 5.573361823361823453e-02 1.469017094017094002e-02 7.478632478632478951e-03 8.547008547008547868e-03
0.000000000000000000e+00 4.202279202279202153e-02 2.991452991452991581e-02 8.190883190883190695e-03 1.228632478632478604e-02
0.000000000000000000e+00 3.009259259259259092e-02 4.500534188034188005e-02 6.766381766381766340e-03 1.095085470085470011e-02
0.000000000000000000e+00 5.555555555555555247e-02 5.836004273504273587e-02 4.273504273504273934e-03 1.308760683760683795e-02
0.000000000000000000e+00 6.428062678062677893e-02 5.942841880341880045e-02 4.985754985754985678e-03 1.148504273504273587e-02
0.000000000000000000e+00 7.353988603988603767e-02 6.076388888888888812e-02 5.341880341880341984e-03 1.148504273504273587e-02
0.000000000000000000e+00 7.398504273504273587e-02 9.107905982905982467e-02 4.807692307692307959e-03 1.282051282051282007e-02
0.000000000000000000e+00 7.888176638176638833e-02 9.081196581196580853e-02 5.341880341880341984e-03 1.175213675213675202e-02
0.000000000000000000e+00 9.428418803418803229e-02 1.287393162393162260e-01 7.656695156695156670e-03 1.549145299145299193e-02
0.000000000000000000e+00 1.644408831908831803e-01 1.180555555555555525e-01 8.368945868945869282e-03 9.615384615384615918e-03
0.000000000000000000e+00 1.931089743589743668e-01 3.735309829059829112e-01 5.519943019943019703e-03 1.255341880341880392e-02
0.000000000000000000e+00 1.889245014245014287e-01 4.010416666666666852e-01 7.834757834757835257e-03 1.469017094017094002e-02
0.000000000000000000e+00 1.964031339031339085e-01 4.212072649572649596e-01 7.122507122507122646e-03 1.495726495726495790e-02
0.000000000000000000e+00 3.338675213675213610e-02 3.725961538461538547e-01 6.232193732193732315e-03 9.081196581196581893e-03
0.000000000000000000e+00 6.294515669515669820e-02 3.442841880341880323e-01 1.050569800569800538e-02 7.478632478632478951e-03
0.000000000000000000e+00 8.271011396011396233e-02 3.191773504273504036e-01 8.012820512820512109e-03 9.615384615384615918e-03
0.000000000000000000e+00 1.079059829059829112e-01 3.910256410256410242e-01 7.478632478632478951e-03 1.335470085470085409e-02
0.000000000000000000e+00 1.230413105413105390e-01 4.234775641025640969e-01 1.103988603988603941e-02 1.896367521367521222e-02
0.000000000000000000e+00 1.319444444444444475e-01 4.380341880341880323e-01 5.698005698005698290e-03 9.081196581196581893e-03
0.000000000000000000e+00 5.039173789173789081e-02 4.244123931623931534e-01 5.698005698005698290e-03 6.410256410256410034e-03
0.000000000000000000e+00 4.923433048433048520e-02 4.404380341880341776e-01 5.519943019943019703e-03 1.282051282051282007e-02
0.000000000000000000e+00 5.617877492877492579e-02 4.473824786324786529e-01 8.368945868945869282e-03 6.410256410256410034e-03
0.000000000000000000e+00 5.457621082621082892e-02 4.652777777777777901e-01 5.519943019943019703e-03 1.228632478632478604e-02
0.000000000000000000e+00 6.552706552706552556e-02 4.748931623931623713e-01 8.547008547008547868e-03 6.944444444444444059e-03
0.000000000000000000e+00 2.813390313390313341e-02 4.631410256410256610e-01 8.190883190883190695e-03 1.068376068376068397e-02
0.000000000000000000e+00 2.448361823361823453e-02 4.674145299145299193e-01 8.012820512820512109e-03 1.121794871794871799e-02
0.000000000000000000e+00 9.793447293447292770e-03 6.171207264957264682e-01 9.259259259259258745e-03 9.882478632478632063e-03
0.000000000000000000e+00 1.914173789173789081e-02 6.374198717948718063e-01 5.163817663817663398e-03 1.308760683760683795e-02
0.000000000000000000e+00 3.507834757834758094e-02 6.255341880341880323e-01 4.985754985754985678e-03 1.175213675213675202e-02
0.000000000000000000e+00 4.754273504273504036e-02 6.171207264957264682e-01 4.985754985754985678e-03 1.095085470085470011e-02
0.000000000000000000e+00 6.232193732193732488e-02 6.001602564102563875e-01 8.903133903133903307e-03 9.615384615384615918e-03
0.000000000000000000e+00 7.870370370370370627e-02 5.866720085470085166e-01 7.834757834757835257e-03 1.041666666666666609e-02
0.000000000000000000e+00 2.312143874643874664e-01 5.082799145299145005e-01 7.656695156695156670e-03 1.175213675213675202e-02
0.000000000000000000e+00 2.412749287749287874e-01 5.173611111111111605e-01 5.341880341880341984e-03 1.014957264957264994e-02
0.000000000000000000e+00 2.257834757834757955e-01 5.300480769230768718e-01 5.698005698005698290e-03 1.255341880341880392e-02
0.000000000000000000e+00 2.212428774928774933e-01 5.329861111111111605e-01 5.876068376068376009e-03 1.148504273504273587e-02
0.000000000000000000e+00 2.159009971509971426e-01 5.344551282051281937e-01 4.451566951566951653e-03 1.282051282051282007e-02
0.000000000000000000e+00 2.144764957264957139e-01 5.666399572649573058e-01 5.163817663817663398e-03 1.308760683760683795e-02
0.000000000000000000e+00 2.195512820512820484e-01 5.641025641025640969e-01 4.629629629629629373e-03 1.068376068376068397e-02
0.000000000000000000e+00 2.295227920227920215e-01 5.618322649572649041e-01 5.698005698005698290e-03 1.095085470085470011e-02
0.000000000000000000e+00 2.057514245014245013e-01 5.786591880341880323e-01 4.807692307692307959e-03 1.041666666666666609e-02
0.000000000000000000e+00 1.956908831908831803e-01 5.805288461538461453e-01 4.629629629629629373e-03 1.201923076923076990e-02
0.000000000000000000e+00 1.971153846153846090e-01 5.942841880341880323e-01 4.629629629629629373e-03 1.335470085470085409e-02
0.000000000000000000e+00 1.987179487179487059e-01 6.116452991452991927e-01 5.341880341880341984e-03 1.388888888888888812e-02
0.000000000000000000e+00 2.178596866096866036e-01 7.240918803418803229e-01 4.807692307692307959e-03 1.175213675213675202e-02
0.000000000000000000e+00 2.151887464387464421e-01 6.873664529914529364e-01 3.027065527065526864e-03 1.095085470085470011e-02
0.000000000000000000e+00 2.134971509971509973e-01 6.729433760683760646e-01 2.849002849002849145e-03 1.095085470085470011e-02
0.000000000000000000e+00 2.110042735042735040e-01 6.435630341880341776e-01 2.849002849002849145e-03 9.348290598290598039e-03
0.000000000000000000e+00 2.543625356125356340e-01 5.870726495726495964e-01 6.588319088319088621e-03 1.335470085470085409e-02
0.000000000000000000e+00 2.761752136752136932e-01 6.566506410256410797e-01 5.698005698005698290e-03 1.095085470085470011e-02
0.000000000000000000e+00 2.811609686609686798e-01 6.753472222222222099e-01 6.410256410256410034e-03 1.308760683760683795e-02
0.000000000000000000e+00 2.863247863247863068e-01 6.921741452991453381e-01 6.410256410256410034e-03 1.308760683760683795e-02
0.000000000000000000e+00 2.590811965811965975e-02 8.474893162393162260e-01 1.299857549857549865e-02 1.549145299145299193e-02
0.000000000000000000e+00 2.222222222222222099e-01 7.704326923076922906e-01 4.273504273504273934e-03 1.255341880341880392e-02
0.000000000000000000e+00 2.253383190883190834e-01 8.043536324786324521e-01 4.095441595441595348e-03 1.095085470085470011e-02
0.000000000000000000e+00 2.266737891737891641e-01 8.190438034188034511e-01 4.273504273504273934e-03 1.095085470085470011e-02
0.000000000000000000e+00 2.281873219373219408e-01 8.329326923076922906e-01 4.451566951566951653e-03 1.201923076923076990e-02
0.000000000000000000e+00 2.224893162393162260e-01 8.762019230769231282e-01 6.944444444444444059e-03 8.814102564102564014e-03
0.000000000000000000e+00 2.709223646723646906e-01 8.858173076923077094e-01 4.807692307692307959e-03 1.522435897435897405e-02
0.000000000000000000e+00 2.447471509971509973e-01 8.967681623931623713e-01 1.014957264957264994e-02 7.211538461538461939e-03
0.000000000000000000e+00 2.575676638176638278e-01 9.133279914529914834e-01 8.725071225071224720e-03 7.745726495726495964e-03
0.000000000000000000e+00 2.475071225071225067e-01 9.225427350427350959e-01 1.103988603988603941e-02 7.478632478632478951e-03
0.000000000000000000e+00 2.463497150997150942e-01 9.087873931623932089e-01 8.368945868945869282e-03 7.211538461538461939e-03
0.000000000000000000e+00 2.474180911680911588e-01 9.153311965811965489e-01 8.368945868945869282e-03 6.944444444444444059e-03
0.000000000000000000e+00 2.598824786324786529e-01 9.396367521367521292e-01 6.944444444444444059e-03 7.478632478632478951e-03
0.000000000000000000e+00 2.967414529914529919e-01 7.251602564102563875e-01 5.876068376068376009e-03 1.388888888888888812e-02
0.000000000000000000e+00 3.009259259259259300e-01 7.397168803418803229e-01 6.766381766381766340e-03 1.255341880341880392e-02
0.000000000000000000e+00 3.215811965811966044e-01 7.823183760683760646e-01 7.834757834757835257e-03 1.495726495726495790e-02
0.000000000000000000e+00 3.301282051282051211e-01 7.813835470085470636e-01 8.547008547008547868e-03 1.362179487179487197e-02
0.000000000000000000e+00 3.352029914529914278e-01 7.940705128205127750e-01 6.588319088319088621e-03 1.068376068376068397e-02
0.000000000000000000e+00 3.246972934472934225e-01 9.958600427350426942e-01 5.519943019943019703e-03 7.745726495726495964e-03
0.000000000000000000e+00 3.350249287749287874e-01 9.907852564102563875e-01 5.163817663817663398e-03 1.095085470085470011e-02
0.000000000000000000e+00 3.713497150997150942e-01 9.943910256410256610e-01 7.300569800569800365e-03 8.547008547008547868e-03
0.000000000000000000e+00 3.791844729344729381e-01 9.886485042735042583e-01 8.368945868945869282e-03 8.814102564102564014e-03
0.000000000000000000e+00 4.056267806267806475e-01 9.953258547008546619e-01 5.698005698005698290e-03 8.814102564102564014e-03
0.000000000000000000e+00 4.167556980056980054e-01 9.937232905982905651e-01 6.588319088319088621e-03 1.148504273504273587e-02
0.000000000000000000e+00 3.579059829059829112e-01 8.775373931623932089e-01 8.190883190883190695e-03 1.522435897435897405e-02
0.000000000000000000e+00 3.668091168091168197e-01 8.969017094017094349e-01 6.766381766381766340e-03 1.282051282051282007e-02
0.000000000000000000e+00 3.806980056980057148e-01 8.997061965811965489e-01 5.341880341880341984e-03 9.882478632478632063e-03
0.000000000000000000e+00 3.856837606837607013e-01 9.111912393162393542e-01 5.341880341880341984e-03 1.041666666666666609e-02
0.000000000000000000e+00 3.915598290598290565e-01 9.234775641025640969e-01 6.766381766381766340e-03 1.255341880341880392e-02
0.000000000000000000e+00 4.317129629629629650e-01 9.543269230769231282e-01 7.656695156695156670e-03 6.944444444444444059e-03
0.000000000000000000e+00 4.541488603988603767e-01 9.640758547008546619e-01 1.050569800569800538e-02 9.882478632478632063e-03
0.000000000000000000e+00 4.652777777777777901e-01 9.651442307692307265e-01 7.834757834757835257e-03 7.745726495726495964e-03
0.000000000000000000e+00 4.898504273504273310e-01 9.870459401709401615e-01 4.273504273504273934e-03 1.308760683760683795e-02
0.000000000000000000e+00 5.043625356125356340e-01 9.758279914529914834e-01 7.656695156695156670e-03 6.677350427350427046e-03
0.000000000000000000e+00 5.144230769230768718e-01 9.771634615384615641e-01 7.478632478632478951e-03 7.211538461538461939e-03
0.000000000000000000e+00 5.246616809116808611e-01 9.782318376068376287e-01 9.081196581196581893e-03 7.745726495726495964e-03
0.000000000000000000e+00 5.342770655270655533e-01 9.798344017094017255e-01 8.012820512820512109e-03 6.143162393162393022e-03
0.000000000000000000e+00 5.324074074074074403e-01 9.731570512820513219e-01 7.122507122507122646e-03 6.677350427350427046e-03
0.000000000000000000e+00 5.407763532763533165e-01 9.746260683760683552e-01 9.615384615384615918e-03 8.547008547008547868e-03
0.000000000000000000e+00 5.620548433048433434e-01 9.827724358974359031e-01 9.437321937321937332e-03 7.745726495726495964e-03
0.000000000000000000e+00 5.750534188034187588e-01 9.853098290598291120e-01 8.012820512820512109e-03 6.410256410256410034e-03
0.000000000000000000e+00 5.940170940170940161e-01 9.873130341880341776e-01 8.547008547008547868e-03 6.677350427350427046e-03
0.000000000000000000e+00 6.112001424501424252e-01 9.899839743589743390e-01 8.012820512820512109e-03 6.677350427350427046e-03
0.000000000000000000e+00 6.208155270655271174e-01 9.911858974358974672e-01 7.300569800569800365e-03 6.944444444444444059e-03
0.000000000000000000e+00 6.536680911680912143e-01 8.870192307692307265e-01 5.698005698005698290e-03 1.335470085470085409e-02
0.000000000000000000e+00 6.488603988603988126e-01 9.014423076923077094e-01 4.985754985754985678e-03 1.175213675213675202e-02
0.000000000000000000e+00 6.612357549857549310e-01 9.151976495726495964e-01 5.876068376068376009e-03 1.469017094017094002e-02
0.000000000000000000e+00 6.882122507122506727e-01 9.093215811965812412e-01 8.190883190883190695e-03 8.814102564102564014e-03
0.000000000000000000e+00 7.251602564102563875e-01 8.951655982905982745e-01 9.081196581196581893e-03 7.745726495726495964e-03
0.000000000000000000e+00 6.040776353276353650e-01 8.989049145299145005e-01 7.300569800569800365e-03 6.677350427350427046e-03
0.000000000000000000e+00 5.943732193732194080e-01 9.110576923076922906e-01 4.273504273504273934e-03 1.175213675213675202e-02
0.000000000000000000e+00 5.941061253561253919e-01 8.750000000000000000e-01 4.095441595441595348e-03 1.068376068376068397e-02
0.000000000000000000e+00 6.030092592592593004e-01 8.728632478632478708e-01 4.451566951566951653e-03 1.175213675213675202e-02
0.000000000000000000e+00 5.884081196581196771e-01 8.449519230769231282e-01 5.519943019943019703e-03 1.789529914529914417e-02
0.000000000000000000e+00 6.339921652421652842e-01 7.467948717948718063e-01 4.095441595441595348e-03 1.068376068376068397e-02
0.000000000000000000e+00 6.383547008547008073e-01 7.877938034188034511e-01 4.985754985754985678e-03 1.469017094017094002e-02
0.000000000000000000e+00 5.499465811965812412e-01 7.119391025641025328e-01 1.157407407407407343e-02 8.279914529914529989e-03
0.000000000000000000e+00 4.752492877492877632e-01 7.413194444444444198e-01 1.210826210826210746e-02 8.279914529914529989e-03
0.000000000000000000e+00 4.081196581196581130e-01 8.440170940170940161e-01 9.259259259259258745e-03 7.478632478632478951e-03
0.000000000000000000e+00 6.226851851851852304e-01 6.324786324786324521e-01 4.629629629629629373e-03 1.121794871794871799e-02
0.000000000000000000e+00 6.354166666666666297e-01 6.447649572649573058e-01 4.807692307692307959e-03 1.388888888888888812e-02
0.000000000000000000e+00 6.258903133903134242e-01 6.570512820512820484e-01 4.985754985754985678e-03 1.175213675213675202e-02
0.000000000000000000e+00 6.274928774928775210e-01 6.736111111111111605e-01 5.341880341880341984e-03 1.282051282051282007e-02
0.000000000000000000e+00 5.825320512820513219e-01 4.907852564102563875e-01 9.793447293447292770e-03 7.745726495726495964e-03
0.000000000000000000e+00 5.297364672364672789e-01 5.028044871794872250e-01 8.903133903133903307e-03 7.745726495726495964e-03
0.000000000000000000e+00 5.200320512820513219e-01 5.057425213675214026e-01 7.300569800569800365e-03 6.143162393162393022e-03
0.000000000000000000e+00 4.861111111111111049e-01 5.134882478632478708e-01 7.834757834757835257e-03 6.677350427350427046e-03
0.000000000000000000e+00 4.951032763532763337e-01 4.973290598290598385e-01 9.081196581196581893e-03 7.478632478632478951e-03
0.000000000000000000e+00 5.075676638176638278e-01 4.930555555555555802e-01 9.081196581196581893e-03 6.944444444444444059e-03
0.000000000000000000e+00 4.713319088319088412e-01 5.030715811965812412e-01 9.615384615384615918e-03 7.211538461538461939e-03
0.000000000000000000e+00 4.623397435897436125e-01 5.049412393162393542e-01 7.656695156695156670e-03 6.677350427350427046e-03
0.000000000000000000e+00 4.356303418803418870e-01 5.113514957264957417e-01 6.944444444444444059e-03 6.143162393162393022e-03
0.000000000000000000e+00 4.278846153846153633e-01 5.268429487179486781e-01 8.547008547008547868e-03 7.211538461538461939e-03
0.000000000000000000e+00 4.115918803418803229e-01 5.307158119658119677e-01 9.437321937321937332e-03 6.944444444444444059e-03
0.000000000000000000e+00 4.019764957264957417e-01 5.328525641025640969e-01 8.725071225071224720e-03 6.410256410256410034e-03
0.000000000000000000e+00 4.066061253561253364e-01 5.180288461538461453e-01 6.944444444444444059e-03 6.143162393162393022e-03
0.000000000000000000e+00 3.984152421652421561e-01 5.201655982905982745e-01 6.944444444444444059e-03 6.677350427350427046e-03
0.000000000000000000e+00 3.847044159544159569e-01 5.229700854700854995e-01 8.012820512820512109e-03 6.410256410256410034e-03
0.000000000000000000e+00 3.879095441595441507e-01 5.364583333333333703e-01 7.656695156695156670e-03 6.143162393162393022e-03
0.000000000000000000e+00 3.785612535612535856e-01 5.385950854700854995e-01 9.259259259259258745e-03 7.745726495726495964e-03
0.000000000000000000e+00 3.761574074074073848e-01 5.252403846153845812e-01 6.944444444444444059e-03 6.677350427350427046e-03
0.000000000000000000e+00 3.672542735042735318e-01 5.273771367521367104e-01 9.437321937321937332e-03 6.677350427350427046e-03
0.000000000000000000e+00 3.682336182336182206e-01 5.407318376068376287e-01 7.478632478632478951e-03 6.143162393162393022e-03
0.000000000000000000e+00 3.520299145299145560e-01 5.311164529914529364e-01 7.834757834757835257e-03 7.211538461538461939e-03
0.000000000000000000e+00 3.610220797720797847e-01 5.430021367521367104e-01 6.232193732193732315e-03 6.410256410256410034e-03
0.000000000000000000e+00 3.530092592592592449e-01 5.448717948717948234e-01 9.793447293447292770e-03 6.944444444444444059e-03
0.000000000000000000e+00 3.421474358974359031e-01 5.478098290598291120e-01 7.656695156695156670e-03 6.944444444444444059e-03
0.000000000000000000e+00 3.328881766381766583e-01 5.500801282051281937e-01 1.014957264957264994e-02 6.677350427350427046e-03
0.000000000000000000e+00 3.266559829059829112e-01 5.363247863247863068e-01 8.012820512820512109e-03 6.410256410256410034e-03
0.000000000000000000e+00 3.183760683760683552e-01 5.376602564102563875e-01 9.259259259259258745e-03 7.478632478632478951e-03
0.000000000000000000e+00 3.087606837606837740e-01 5.408653846153845812e-01 7.478632478632478951e-03 6.410256410256410034e-03
0.000000000000000000e+00 2.787571225071225345e-01 5.480769230769231282e-01 9.437321937321937332e-03 7.478632478632478951e-03
0.000000000000000000e+00 2.904202279202279247e-01 5.455395299145299193e-01 8.190883190883190695e-03 6.677350427350427046e-03
0.000000000000000000e+00 2.906873219373219408e-01 5.588942307692307265e-01 8.725071225071224720e-03 7.211538461538461939e-03
0.000000000000000000e+00 4.044693732193732072e-01 4.660790598290598385e-01 7.300569800569800365e-03 6.410256410256410034e-03
0.000000000000000000e+00 4.056267806267806475e-01 4.716880341880341776e-01 8.547008547008547868e-03 6.944444444444444059e-03
0.000000000000000000e+00 4.065170940170940161e-01 4.843750000000000000e-01 9.971509971509971357e-03 8.279914529914529989e-03
0.000000000000000000e+00 4.082977207977208089e-01 4.981303418803418870e-01 8.903133903133903307e-03 6.410256410256410034e-03
0.000000000000000000e+00 2.503561253561253364e-01 3.831463675213675479e-01 9.615384615384615918e-03 6.677350427350427046e-03
0.000000000000000000e+00 3.005698005698005937e-01 3.689903846153846367e-01 9.259259259259258745e-03 7.211538461538461939e-03
0.000000000000000000e+00 3.305733618233618332e-01 3.615117521367521292e-01 9.437321937321937332e-03 7.211538461538461939e-03
0.000000000000000000e+00 3.574608262108261991e-01 3.545673076923077094e-01 7.300569800569800365e-03 6.677350427350427046e-03
0.000000000000000000e+00 3.666310541310541238e-01 3.529647435897436125e-01 9.259259259259258745e-03 6.677350427350427046e-03
0.000000000000000000e+00 3.830128205128205399e-01 3.489583333333333148e-01 8.903133903133903307e-03 7.211538461538461939e-03
0.000000000000000000e+00 3.944088319088319139e-01 3.623130341880341776e-01 4.273504273504273934e-03 1.148504273504273587e-02
0.000000000000000000e+00 4.085648148148148251e-01 3.608440170940170888e-01 4.807692307692307959e-03 1.228632478632478604e-02
0.000000000000000000e+00 4.127492877492877632e-01 3.595085470085470081e-01 4.629629629629629373e-03 1.121794871794871799e-02
0.000000000000000000e+00 3.886217948717948789e-01 3.259882478632478708e-01 4.807692307692307959e-03 1.469017094017094002e-02
0.000000000000000000e+00 4.183582621082621023e-01 3.000801282051281937e-01 4.095441595441595348e-03 1.148504273504273587e-02
0.000000000000000000e+00 4.094551282051281937e-01 3.191773504273504036e-01 4.451566951566951653e-03 1.121794871794871799e-02
0.000000000000000000e+00 4.491631054131053902e-01 3.532318376068376287e-01 7.300569800569800365e-03 6.677350427350427046e-03
0.000000000000000000e+00 4.480947293447293256e-01 3.338675213675213471e-01 7.300569800569800365e-03 6.944444444444444059e-03
0.000000000000000000e+00 4.590455840455840431e-01 3.315972222222222099e-01 8.903133903133903307e-03 7.745726495726495964e-03
0.000000000000000000e+00 4.813924501424501345e-01 3.267895299145299193e-01 8.368945868945869282e-03 6.143162393162393022e-03
0.000000000000000000e+00 5.032051282051281937e-01 3.214476495726495964e-01 8.547008547008547868e-03 6.677350427350427046e-03
0.000000000000000000e+00 5.194978632478632896e-01 3.177083333333333148e-01 8.725071225071224720e-03 7.211538461538461939e-03
0.000000000000000000e+00 5.300035612535612950e-01 3.149038461538461453e-01 8.725071225071224720e-03 6.944444444444444059e-03
0.000000000000000000e+00 4.944800569800569812e-01 3.420138888888888951e-01 8.547008547008547868e-03 7.745726495726495964e-03
0.000000000000000000e+00 5.064102564102563875e-01 3.397435897435897578e-01 9.259259259259258745e-03 6.944444444444444059e-03
0.000000000000000000e+00 5.191417378917378977e-01 3.365384615384615641e-01 8.368945868945869282e-03 7.478632478632478951e-03
0.000000000000000000e+00 5.316951566951566566e-01 3.333333333333333148e-01 7.122507122507122646e-03 6.944444444444444059e-03
0.000000000000000000e+00 5.454059829059828557e-01 3.409455128205128305e-01 4.985754985754985678e-03 1.308760683760683795e-02
0.000000000000000000e+00 5.509259259259259300e-01 3.400106837606837740e-01 4.985754985754985678e-03 1.442307692307692388e-02
0.000000000000000000e+00 5.550213675213675479e-01 3.390758547008547175e-01 4.629629629629629373e-03 1.148504273504273587e-02
0.000000000000000000e+00 5.591168091168091658e-01 3.372061965811966044e-01 3.917378917378917629e-03 9.348290598290598039e-03
0.000000000000000000e+00 5.401531339031339085e-01 3.008814102564102422e-01 4.095441595441595348e-03 1.095085470085470011e-02
0.000000000000000000e+00 5.449608262108261991e-01 3.000801282051281937e-01 4.451566951566951653e-03 1.148504273504273587e-02
0.000000000000000000e+00 5.502136752136752573e-01 3.000801282051281937e-01 4.985754985754985678e-03 1.415598290598290600e-02
0.000000000000000000e+00 5.574252136752136932e-01 2.974091880341880323e-01 4.095441595441595348e-03 1.095085470085470011e-02
0.000000000000000000e+00 5.623219373219373596e-01 2.947382478632478708e-01 4.629629629629629373e-03 1.255341880341880392e-02
0.000000000000000000e+00 4.951032763532763337e-01 1.913728632478632341e-01 9.437321937321937332e-03 8.814102564102564014e-03
0.000000000000000000e+00 5.137998575498575748e-01 1.915064102564102699e-01 8.368945868945869282e-03 7.478632478632478951e-03
0.000000000000000000e+00 5.086360398860398924e-01 1.983173076923076816e-01 9.793447293447292770e-03 7.745726495726495964e-03
0.000000000000000000e+00 5.155804843304843121e-01 2.112713675213675202e-01 8.725071225071224720e-03 8.547008547008547868e-03
0.000000000000000000e+00 5.161146723646723444e-01 2.186164529914529919e-01 8.368945868945869282e-03 7.211538461538461939e-03
0.000000000000000000e+00 5.170940170940171443e-01 2.254273504273504314e-01 7.478632478632478951e-03 7.478632478632478951e-03
0.000000000000000000e+00 4.999109686609686798e-01 2.369123931623931534e-01 8.725071225071224720e-03 6.944444444444444059e-03
0.000000000000000000e+00 4.102564102564102422e-01 2.202190170940170888e-01 4.629629629629629373e-03 1.308760683760683795e-02
0.000000000000000000e+00 4.128383190883190834e-01 2.474626068376068466e-01 4.451566951566951653e-03 1.308760683760683795e-02
0.000000000000000000e+00 4.146189458689458762e-01 2.638888888888888951e-01 4.807692307692307959e-03 1.121794871794871799e-02
0.000000000000000000e+00 4.294871794871794601e-01 2.143429487179487059e-01 5.698005698005698290e-03 1.682692307692307612e-02
0.000000000000000000e+00 4.350071225071225345e-01 2.138087606837606736e-01 4.273504273504273934e-03 1.148504273504273587e-02
0.000000000000000000e+00 4.390135327635327767e-01 2.128739316239316171e-01 4.451566951566951653e-03 1.228632478632478604e-02
0.000000000000000000e+00 4.101673789173789220e-01 1.502403846153846090e-01 4.451566951566951653e-03 1.201923076923076990e-02
0.000000000000000000e+00 4.047364672364672233e-01 1.857638888888888951e-01 4.629629629629629373e-03 1.148504273504273587e-02
0.000000000000000000e+00 4.216524216524216717e-01 1.884348290598290565e-01 4.985754985754985678e-03 1.201923076923076990e-02
0.000000000000000000e+00 4.268162393162392987e-01 1.866987179487179516e-01 4.273504273504273934e-03 1.175213675213675202e-02
0.000000000000000000e+00 4.312678062678062529e-01 1.860309829059829112e-01 4.985754985754985678e-03 1.415598290598290600e-02
0.000000000000000000e+00 4.361645299145299193e-01 1.846955128205128305e-01 4.451566951566951653e-03 1.308760683760683795e-02
0.000000000000000000e+00 4.402599715099715372e-01 1.842948717948718063e-01 4.451566951566951653e-03 1.175213675213675202e-02
0.000000000000000000e+00 4.812143874643874386e-01 1.347489316239316171e-01 9.437321937321937332e-03 8.279914529914529989e-03
0.000000000000000000e+00 5.551994301994301884e-01 5.288461538461538408e-02 4.629629629629629373e-03 1.175213675213675202e-02
0.000000000000000000e+00 5.583155270655271174e-01 1.043002136752136794e-01 4.451566951566951653e-03 1.148504273504273587e-02
0.000000000000000000e+00 5.603632478632478708e-01 1.216613247863247843e-01 4.985754985754985678e-03 1.415598290598290600e-02
0.000000000000000000e+00 5.706908831908832358e-01 1.772168803418803507e-01 4.273504273504273934e-03 1.201923076923076990e-02
0.000000000000000000e+00 3.400106837606837740e-01 6.944444444444444059e-03 4.807692307692307959e-03 1.228632478632478604e-02
0.000000000000000000e+00 3.502492877492877632e-01 5.208333333333333044e-03 4.629629629629629373e-03 9.348290598290598039e-03
0.000000000000000000e+00 3.554131054131053902e-01 2.831196581196581200e-02 9.971509971509971357e-03 8.547008547008547868e-03
0.000000000000000000e+00 2.165242165242165229e-01 5.114850427350427220e-02 1.210826210826210746e-02 8.814102564102564014e-03
0.000000000000000000e+00 2.559650997150997309e-01 4.594017094017094349e-02 9.793447293447292770e-03 6.944444444444444059e-03
0.000000000000000000e+00 2.691417378917378977e-01 4.447115384615384776e-02 7.300569800569800365e-03 6.677350427350427046e-03
0.000000000000000000e+00 2.773326210826210780e-01 4.380341880341880045e-02 6.944444444444444059e-03 6.410256410256410034e-03
0.000000000000000000e+00 2.881944444444444198e-01 4.180021367521367243e-02 8.368945868945869282e-03 6.677350427350427046e-03
0.000000000000000000e+00 7.611289173789174134e-01 9.830395299145299193e-01 6.232193732193732315e-03 1.362179487179487197e-02
0.000000000000000000e+00 7.702101139601139623e-01 9.815705128205127750e-01 5.876068376068376009e-03 1.282051282051282007e-02
0.000000000000000000e+00 7.746616809116808611e-01 9.798344017094017255e-01 5.519943019943019703e-03 1.362179487179487197e-02
0.000000000000000000e+00 7.897079772079772519e-01 9.672809829059828557e-01 7.834757834757835257e-03 8.279914529914529989e-03
0.000000000000000000e+00 7.422542735042735318e-01 8.803418803418803229e-01 7.300569800569800365e-03 5.876068376068376009e-03
0.000000000000000000e+00 7.310363247863247427e-01 9.121260683760683552e-01 7.300569800569800365e-03 7.478632478632478951e-03
0.000000000000000000e+00 7.325498575498575748e-01 9.194711538461538547e-01 6.766381766381766340e-03 7.211538461538461939e-03
0.000000000000000000e+00 8.620904558404558493e-01 9.910523504273504036e-01 4.451566951566951653e-03 1.255341880341880392e-02
0.000000000000000000e+00 8.665420227920227481e-01 9.895833333333333703e-01 5.163817663817663398e-03 1.228632478632478604e-02
0.000000000000000000e+00 8.717058404558404305e-01 9.885149572649573058e-01 5.876068376068376009e-03 1.282051282051282007e-02
0.000000000000000000e+00 8.823005698005698116e-01 9.835737179487179516e-01 5.698005698005698290e-03 1.255341880341880392e-02
0.000000000000000000e+00 8.779380341880341776e-01 9.862446581196581130e-01 4.807692307692307959e-03 9.882478632478632063e-03
0.000000000000000000e+00 8.903133903133902960e-01 9.966613247863247427e-01 7.834757834757835257e-03 6.677350427350427046e-03
0.000000000000000000e+00 8.363603988603988126e-01 9.358974358974359031e-01 8.547008547008547868e-03 9.081196581196581893e-03
0.000000000000000000e+00 8.570156695156695426e-01 9.290865384615384359e-01 7.834757834757835257e-03 7.745726495726495964e-03
0.000000000000000000e+00 8.709045584045583821e-01 9.077190170940171443e-01 8.903133903133903307e-03 8.279914529914529989e-03
0.000000000000000000e+00 8.824786324786324521e-01 9.042467948717948234e-01 9.615384615384615918e-03 7.211538461538461939e-03
0.000000000000000000e+00 8.993055555555555802e-01 8.999732905982905651e-01 8.012820512820512109e-03 7.745726495726495964e-03
0.000000000000000000e+00 9.434650997150997309e-01 9.222756410256410797e-01 9.081196581196581893e-03 8.012820512820512109e-03
0.000000000000000000e+00 9.475605413105413488e-01 9.413728632478632896e-01 8.725071225071224720e-03 9.348290598290598039e-03
0.000000000000000000e+00 9.213853276353276556e-01 8.285256410256410797e-01 8.725071225071224720e-03 7.478632478632478951e-03
0.000000000000000000e+00 9.251246438746438816e-01 8.621794871794872250e-01 6.232193732193732315e-03 8.012820512820512109e-03
0.000000000000000000e+00 8.519408831908832358e-01 8.384081196581196771e-01 7.656695156695156670e-03 8.012820512820512109e-03
0.000000000000000000e+00 8.043091168091167642e-01 8.358707264957264682e-01 8.903133903133903307e-03 7.211538461538461939e-03
0.000000000000000000e+00 8.045762108262107803e-01 8.271901709401708880e-01 8.368945868945869282e-03 7.478632478632478951e-03
0.000000000000000000e+00 8.043091168091167642e-01 8.195779914529914834e-01 8.190883190883190695e-03 8.279914529914529989e-03
0.000000000000000000e+00 7.882834757834757955e-01 8.309294871794872250e-01 7.122507122507122646e-03 7.478632478632478951e-03
0.000000000000000000e+00 7.858796296296296502e-01 8.233173076923077094e-01 6.944444444444444059e-03 6.677350427350427046e-03
0.000000000000000000e+00 8.009259259259259300e-01 7.988782051282051766e-01 7.478632478632478951e-03 8.547008547008547868e-03
0.000000000000000000e+00 8.008368945868945543e-01 7.916666666666666297e-01 9.081196581196581893e-03 8.547008547008547868e-03
0.000000000000000000e+00 7.995904558404558493e-01 7.769764957264957417e-01 8.368945868945869282e-03 8.012820512820512109e-03
0.000000000000000000e+00 7.999465811965812412e-01 7.845886752136752573e-01 7.656695156695156670e-03 7.745726495726495964e-03
0.000000000000000000e+00 8.402777777777777901e-01 7.573450854700854995e-01 5.698005698005698290e-03 9.882478632478632063e-03
0.000000000000000000e+00 7.747507122507122368e-01 6.543803418803418870e-01 7.478632478632478951e-03 8.012820512820512109e-03
0.000000000000000000e+00 7.880163817663817794e-01 7.115384615384615641e-01 4.807692307692307959e-03 1.175213675213675202e-02
0.000000000000000000e+00 7.930021367521367104e-01 7.111378205128204844e-01 5.163817663817663398e-03 1.255341880341880392e-02
0.000000000000000000e+00 7.230235042735042583e-01 7.686965811965812412e-01 6.232193732193732315e-03 1.495726495726495790e-02
0.000000000000000000e+00 7.313034188034187588e-01 7.668269230769231282e-01 6.410256410256410034e-03 1.388888888888888812e-02
0.000000000000000000e+00 7.086004273504273865e-01 7.684294871794872250e-01 6.588319088319088621e-03 7.478632478632478951e-03
0.000000000000000000e+00 7.106481481481481399e-01 7.771100427350426942e-01 7.478632478632478951e-03 7.745726495726495964e-03
0.000000000000000000e+00 7.123397435897436125e-01 7.876602564102563875e-01 6.944444444444444059e-03 8.547008547008547868e-03
0.000000000000000000e+00 7.130519943019942852e-01 7.956730769230768718e-01 6.588319088319088621e-03 6.944444444444444059e-03
0.000000000000000000e+00 7.167913105413105113e-01 8.153044871794872250e-01 6.588319088319088621e-03 7.211538461538461939e-03
0.000000000000000000e+00 7.181267806267805920e-01 8.222489316239316448e-01 6.766381766381766340e-03 7.745726495726495964e-03
0.000000000000000000e+00 7.086004273504273865e-01 6.732104700854700807e-01 8.012820512820512109e-03 9.348290598290598039e-03
0.000000000000000000e+00 7.104700854700854995e-01 6.824252136752136932e-01 7.122507122507122646e-03 8.547008547008547868e-03
0.000000000000000000e+00 7.122507122507122368e-01 6.947115384615384359e-01 8.190883190883190695e-03 1.068376068376068397e-02
0.000000000000000000e+00 7.146545584045583821e-01 7.047275641025640969e-01 9.437321937321937332e-03 1.148504273504273587e-02
0.000000000000000000e+00 7.043269230769231282e-01 7.385149572649573058e-01 8.368945868945869282e-03 8.547008547008547868e-03
0.000000000000000000e+00 7.190170940170940161e-01 7.446581196581196771e-01 5.698005698005698290e-03 1.282051282051282007e-02
0.000000000000000000e+00 7.236467236467236663e-01 7.414529914529914834e-01 5.698005698005698290e-03 1.335470085470085409e-02
0.000000000000000000e+00 7.281873219373219408e-01 7.402510683760683552e-01 5.519943019943019703e-03 1.308760683760683795e-02
0.000000000000000000e+00 7.324608262108261991e-01 7.381143162393162260e-01 5.519943019943019703e-03 1.308760683760683795e-02
0.000000000000000000e+00 7.252492877492877632e-01 7.279647435897436125e-01 6.054131054131053728e-03 1.308760683760683795e-02
0.000000000000000000e+00 7.209757834757835049e-01 7.290331196581196771e-01 6.054131054131053728e-03 1.362179487179487197e-02
0.000000000000000000e+00 6.721866096866097040e-01 6.793536324786324521e-01 5.341880341880341984e-03 1.095085470085470011e-02
0.000000000000000000e+00 6.669337606837606458e-01 6.790865384615384359e-01 5.519943019943019703e-03 1.308760683760683795e-02
0.000000000000000000e+00 6.590990028490028019e-01 6.840277777777777901e-01 5.163817663817663398e-03 1.282051282051282007e-02
0.000000000000000000e+00 6.763710826210825866e-01 6.486378205128204844e-01 4.451566951566951653e-03 1.201923076923076990e-02
0.000000000000000000e+00 6.810897435897436125e-01 6.474358974358974672e-01 4.985754985754985678e-03 1.335470085470085409e-02
0.000000000000000000e+00 6.851851851851852304e-01 6.461004273504273865e-01 4.629629629629629373e-03 1.175213675213675202e-02
0.000000000000000000e+00 6.893696581196581130e-01 6.438301282051281937e-01 4.807692307692307959e-03 1.201923076923076990e-02
0.000000000000000000e+00 6.948896011396011874e-01 6.438301282051281937e-01 6.232193732193732315e-03 1.469017094017094002e-02
0.000000000000000000e+00 6.478810541310541238e-01 5.141559829059828557e-01 9.081196581196581893e-03 8.012820512820512109e-03
0.000000000000000000e+00 9.146189458689458762e-01 6.514423076923077094e-01 9.793447293447292770e-03 7.478632478632478951e-03
0.000000000000000000e+00 9.150641025641025328e-01 6.586538461538461453e-01 8.903133903133903307e-03 6.410256410256410034e-03
0.000000000000000000e+00 9.159544159544159569e-01 6.655982905982905651e-01 8.190883190883190695e-03 6.410256410256410034e-03
0.000000000000000000e+00 9.172008547008546619e-01 6.726762820512820484e-01 8.190883190883190695e-03 7.745726495726495964e-03
0.000000000000000000e+00 9.188034188034187588e-01 6.848290598290598385e-01 8.547008547008547868e-03 8.012820512820512109e-03
0.000000000000000000e+00 8.481125356125356340e-01 7.073985042735042583e-01 3.917378917378917629e-03 9.882478632478632063e-03
0.000000000000000000e+00 8.583511396011396233e-01 5.148237179487179516e-01 5.519943019943019703e-03 1.201923076923076990e-02
0.000000000000000000e+00 8.240740740740740700e-01 5.247061965811965489e-01 5.341880341880341984e-03 1.201923076923076990e-02
0.000000000000000000e+00 8.288817663817663606e-01 5.243055555555555802e-01 4.985754985754985678e-03 1.282051282051282007e-02
0.000000000000000000e+00 8.332443019943019946e-01 5.228365384615384359e-01 4.807692307692307959e-03 1.201923076923076990e-02
0.000000000000000000e+00 8.379629629629629095e-01 5.212339743589743390e-01 5.341880341880341984e-03 1.148504273504273587e-02
0.000000000000000000e+00 8.441951566951566566e-01 5.344551282051281937e-01 4.629629629629629373e-03 1.228632478632478604e-02
0.000000000000000000e+00 8.297720797720797847e-01 5.651709401709401615e-01 4.985754985754985678e-03 1.068376068376068397e-02
0.000000000000000000e+00 8.343126780626780592e-01 5.653044871794872250e-01 5.163817663817663398e-03 1.201923076923076990e-02
0.000000000000000000e+00 8.386752136752136932e-01 5.649038461538461453e-01 5.698005698005698290e-03 1.549145299145299193e-02
0.000000000000000000e+00 8.437500000000000000e-01 5.655715811965812412e-01 5.163817663817663398e-03 1.308760683760683795e-02
0.000000000000000000e+00 8.726851851851852304e-01 4.501869658119658224e-01 4.985754985754985678e-03 1.255341880341880392e-02
0.000000000000000000e+00 8.920940170940171443e-01 4.724893162393162260e-01 7.122507122507122646e-03 6.410256410256410034e-03
0.000000000000000000e+00 8.912037037037037202e-01 4.591346153846153633e-01 8.903133903133903307e-03 7.478632478632478951e-03
0.000000000000000000e+00 8.901353276353276556e-01 4.521901709401709435e-01 8.547008547008547868e-03 6.410256410256410034e-03
0.000000000000000000e+00 8.895121082621082476e-01 4.455128205128205399e-01 7.656695156695156670e-03 6.410256410256410034e-03
0.000000000000000000e+00 8.884437321937321830e-01 4.387019230769230727e-01 9.081196581196581893e-03 7.211538461538461939e-03
0.000000000000000000e+00 6.191239316239316448e-01 2.769764957264957417e-01 4.629629629629629373e-03 1.282051282051282007e-02
0.000000000000000000e+00 6.095975783475783283e-01 2.792467948717948789e-01 5.163817663817663398e-03 1.148504273504273587e-02
0.000000000000000000e+00 6.965811965811965489e-01 2.240918803418803507e-01 4.985754985754985678e-03 1.175213675213675202e-02
0.000000000000000000e+00 7.232015669515668987e-01 2.191506410256410242e-01 4.451566951566951653e-03 1.095085470085470011e-02
0.000000000000000000e+00 7.182158119658119677e-01 2.200854700854700807e-01 5.163817663817663398e-03 9.615384615384615918e-03
0.000000000000000000e+00 7.721688034188034511e-01 2.204861111111111049e-01 4.807692307692307959e-03 1.308760683760683795e-02
0.000000000000000000e+00 7.817841880341880323e-01 2.188835470085470081e-01 6.232193732193732315e-03 1.896367521367521222e-02
0.000000000000000000e+00 7.859686609686609149e-01 2.178151709401709435e-01 4.629629629629629373e-03 1.308760683760683795e-02
0.000000000000000000e+00 9.979522792022792466e-01 3.169070512820512664e-01 3.383190883190883170e-03 1.522435897435897405e-02
0.000000000000000000e+00 9.884259259259259300e-01 3.604433760683760646e-01 9.259259259259258745e-03 7.211538461538461939e-03
0.000000000000000000e+00 9.968839031339031820e-01 3.620459401709401615e-01 5.519943019943019703e-03 7.211538461538461939e-03
0.000000000000000000e+00 1.832264957264957139e-01 1.887019230769230727e-01 7.478632478632478951e-03 5.074786324786324972e-03
0.000000000000000000e+00 7.745726495726495964e-03 1.392895299145299193e-01 6.232193732193732315e-03 1.255341880341880392e-02
0.000000000000000000e+00 7.772435897435897578e-01 6.618589743589743390e-01 4.629629629629629373e-03 6.410256410256410034e-03
0.000000000000000000e+00 7.789351851851852304e-01 6.689369658119658224e-01 4.095441595441595348e-03 6.677350427350427046e-03
0.000000000000000000e+00 8.309294871794872250e-01 5.377938034188034511e-01 5.163817663817663398e-03 1.255341880341880392e-02
