0.000000000000000000e+00 6.223290598290598385e-02 5.074786324786324972e-03 9.437321937321937332e-03 8.547008547008547868e-03
0.000000000000000000e+00 6.454772079772079507e-02 2.243589743589743599e-02 1.014957264957264994e-02 9.615384615384615918e-03
0.000000000000000000e+00 7.496438746438746636e-02 3.458867521367521569e-02 7.122507122507122646e-03 1.308760683760683795e-02
0.000000000000000000e+00 7.612179487179486503e-02 4.433760683760683968e-02 7.656695156695156670e-03 1.121794871794871799e-02
0.000000000000000000e+00 7.754629629629629373e-02 5.008012820512820762e-02 8.012820512820512109e-03 1.148504273504273587e-02
0.000000000000000000e+00 7.808048433048432602e-02 5.849358974358974395e-02 6.944444444444444059e-03 1.014957264957264994e-02
0.000000000000000000e+00 7.968304843304843676e-02 6.436965811965811302e-02 8.012820512820512109e-03 1.175213675213675202e-02
0.000000000000000000e+00 9.099002849002849058e-02 3.432158119658119955e-02 4.985754985754985678e-03 1.255341880341880392e-02
0.000000000000000000e+00 2.955840455840455863e-02 1.068376068376068327e-01 5.698005698005698290e-03 1.228632478632478604e-02
0.000000000000000000e+00 2.546296296296296155e-02 1.081730769230769273e-01 4.629629629629629373e-03 1.014957264957264994e-02
0.000000000000000000e+00 4.513888888888888812e-02 1.005608974358974395e-01 5.163817663817663398e-03 1.148504273504273587e-02
0.000000000000000000e+00 4.878917378917378700e-02 9.989316239316239909e-02 4.629629629629629373e-03 1.121794871794871799e-02
0.000000000000000000e+00 5.324074074074074125e-02 9.855769230769230449e-02 4.273504273504273934e-03 1.175213675213675202e-02
0.000000000000000000e+00 5.671296296296296502e-02 9.802350427350427220e-02 4.095441595441595348e-03 1.068376068376068397e-02
0.000000000000000000e+00 6.080840455840455516e-02 9.575320512820513497e-02 4.807692307692307959e-03 1.255341880341880392e-02
0.000000000000000000e+00 9.704415954415954171e-02 7.972756410256409687e-02 3.917378917378917629e-03 1.362179487179487197e-02
0.000000000000000000e+00 9.027777777777777624e-02 9.254807692307692735e-02 5.698005698005698290e-03 1.522435897435897405e-02
0.000000000000000000e+00 9.348290598290598385e-02 1.168536324786324798e-01 5.341880341880341984e-03 1.575854700854700807e-02
0.000000000000000000e+00 9.526353276353276278e-02 1.307425213675213749e-01 5.341880341880341984e-03 1.362179487179487197e-02
0.000000000000000000e+00 9.953703703703703498e-02 1.561164529914529919e-01 6.410256410256410034e-03 1.469017094017094002e-02
0.000000000000000000e+00 1.016737891737891780e-01 1.724091880341880323e-01 6.054131054131053728e-03 1.469017094017094002e-02
0.000000000000000000e+00 1.048789173789173856e-01 1.900373931623931534e-01 5.341880341880341984e-03 1.362179487179487197e-02
0.000000000000000000e+00 1.085292022792022776e-01 2.118055555555555525e-01 5.876068376068376009e-03 1.282051282051282007e-02
0.000000000000000000e+00 1.148504273504273449e-01 2.001869658119658224e-01 5.698005698005698290e-03 1.575854700854700807e-02
0.000000000000000000e+00 1.195690883190883153e-01 2.196848290598290565e-01 5.876068376068376009e-03 1.469017094017094002e-02
0.000000000000000000e+00 1.120014245014245013e-01 2.306356837606837740e-01 5.698005698005698290e-03 1.415598290598290600e-02
0.000000000000000000e+00 1.149394586894586928e-01 2.465277777777777901e-01 6.232193732193732315e-03 1.442307692307692388e-02
0.000000000000000000e+00 1.182336182336182345e-01 2.634882478632478708e-01 6.766381766381766340e-03 1.575854700854700807e-02
0.000000000000000000e+00 1.303418803418803507e-01 2.724358974358974117e-01 6.054131054131053728e-03 1.335470085470085409e-02
0.000000000000000000e+00 1.186787749287749327e-01 3.119658119658119677e-01 5.519943019943019703e-03 1.335470085470085409e-02
0.000000000000000000e+00 1.343482905982905928e-01 3.129006410256410242e-01 6.232193732193732315e-03 7.211538461538461939e-03
0.000000000000000000e+00 1.348824786324786251e-01 3.198450854700854440e-01 7.300569800569800365e-03 8.279914529914529989e-03
0.000000000000000000e+00 1.359508547008546897e-01 3.266559829059829112e-01 8.012820512820512109e-03 8.012820512820512109e-03
0.000000000000000000e+00 1.375534188034188143e-01 3.337339743589743390e-01 6.588319088319088621e-03 6.677350427350427046e-03
0.000000000000000000e+00 1.423611111111111049e-01 3.576388888888888951e-01 7.300569800569800365e-03 8.012820512820512109e-03
0.000000000000000000e+00 1.425391737891738009e-01 3.656517094017093794e-01 7.300569800569800365e-03 7.478632478632478951e-03
0.000000000000000000e+00 1.438746438746438816e-01 3.724626068376068466e-01 7.122507122507122646e-03 7.745726495726495964e-03
0.000000000000000000e+00 1.447649572649572780e-01 3.791399572649572502e-01 7.122507122507122646e-03 8.279914529914529989e-03
0.000000000000000000e+00 3.294159544159544484e-02 3.390758547008547175e-01 1.139601139601139658e-02 1.095085470085470011e-02
0.000000000000000000e+00 2.777777777777777624e-02 3.632478632478632341e-01 8.190883190883190695e-03 8.012820512820512109e-03
0.000000000000000000e+00 3.685897435897435986e-02 3.588408119658119677e-01 1.210826210826210746e-02 1.148504273504273587e-02
0.000000000000000000e+00 7.086894586894586234e-02 3.872863247863247982e-01 8.190883190883190695e-03 1.602564102564102422e-02
0.000000000000000000e+00 8.199786324786324798e-02 4.042467948717948789e-01 5.876068376068376009e-03 1.415598290598290600e-02
0.000000000000000000e+00 7.211538461538460898e-02 4.209401709401709435e-01 9.615384615384615918e-03 1.068376068376068397e-02
0.000000000000000000e+00 9.544159544159544484e-02 4.135950854700854440e-01 8.903133903133903307e-03 8.279914529914529989e-03
0.000000000000000000e+00 1.162749287749287735e-01 4.051816239316239354e-01 7.478632478632478951e-03 8.547008547008547868e-03
0.000000000000000000e+00 1.502849002849002968e-01 4.358974358974359031e-01 5.698005698005698290e-03 1.442307692307692388e-02
0.000000000000000000e+00 1.626602564102564152e-01 4.495192307692307820e-01 5.876068376068376009e-03 1.549145299145299193e-02
0.000000000000000000e+00 1.534900284900284906e-01 4.787660256410256610e-01 7.478632478632478951e-03 1.789529914529914417e-02
0.000000000000000000e+00 1.581196581196581130e-01 4.950587606837607013e-01 5.341880341880341984e-03 1.255341880341880392e-02
0.000000000000000000e+00 1.804665242165242045e-01 1.308760683760683795e-02 5.163817663817663398e-03 1.495726495726495790e-02
0.000000000000000000e+00 1.815349002849002968e-01 3.084935897435897578e-02 5.163817663817663398e-03 1.469017094017094002e-02
0.000000000000000000e+00 1.847400284900284906e-01 5.208333333333333565e-02 5.163817663817663398e-03 1.388888888888888812e-02
0.000000000000000000e+00 1.874109686609686520e-01 8.360042735042734485e-02 5.519943019943019703e-03 1.549145299145299193e-02
0.000000000000000000e+00 2.182158119658119677e-01 1.522435897435897301e-01 5.519943019943019703e-03 1.442307692307692388e-02
0.000000000000000000e+00 2.240918803418803507e-01 1.498397435897435848e-01 5.519943019943019703e-03 1.495726495726495790e-02
0.000000000000000000e+00 2.333511396011395955e-01 1.477029914529914556e-01 5.163817663817663398e-03 1.442307692307692388e-02
0.000000000000000000e+00 2.102920227920228036e-01 2.214209401709401615e-01 4.985754985754985678e-03 1.335470085470085409e-02
0.000000000000000000e+00 2.111823361823361722e-01 3.046207264957264682e-01 5.341880341880341984e-03 1.522435897435897405e-02
0.000000000000000000e+00 2.196403133903133964e-01 3.058226495726495964e-01 5.519943019943019703e-03 1.549145299145299193e-02
0.000000000000000000e+00 1.955128205128205121e-01 3.219818376068376287e-01 4.273504273504273934e-03 1.148504273504273587e-02
0.000000000000000000e+00 1.910612535612535579e-01 3.239850427350427498e-01 5.341880341880341984e-03 1.442307692307692388e-02
0.000000000000000000e+00 2.006766381766381668e-01 3.223824786324786529e-01 4.629629629629629373e-03 1.388888888888888812e-02
0.000000000000000000e+00 2.256054131054130996e-01 3.652510683760683552e-01 5.341880341880341984e-03 1.255341880341880392e-02
0.000000000000000000e+00 2.327279202279202153e-01 4.536591880341880323e-01 4.629629629629629373e-03 1.415598290598290600e-02
0.000000000000000000e+00 2.133190883190883291e-01 5.478098290598291120e-01 6.410256410256410034e-03 1.282051282051282007e-02
0.000000000000000000e+00 6.499287749287749327e-03 5.583600427350426942e-01 5.876068376068376009e-03 1.148504273504273587e-02
0.000000000000000000e+00 1.647079772079772242e-02 5.914797008547008073e-01 9.081196581196581893e-03 1.469017094017094002e-02
0.000000000000000000e+00 2.305911680911680930e-02 6.095085470085470636e-01 6.944444444444444059e-03 1.282051282051282007e-02
0.000000000000000000e+00 6.205484330484330180e-02 6.160523504273504036e-01 9.081196581196581893e-03 8.814102564102564014e-03
0.000000000000000000e+00 6.997863247863247982e-02 6.105769230769231282e-01 7.122507122507122646e-03 8.012820512820512109e-03
0.000000000000000000e+00 7.870370370370370627e-02 6.038995726495726135e-01 9.259259259259258745e-03 1.014957264957264994e-02
0.000000000000000000e+00 1.061253561253561323e-01 5.874732905982905651e-01 8.190883190883190695e-03 6.677350427350427046e-03
0.000000000000000000e+00 1.152955840455840431e-01 5.841346153846154188e-01 9.437321937321937332e-03 8.547008547008547868e-03
0.000000000000000000e+00 1.340811965811965767e-01 5.765224358974359031e-01 8.547008547008547868e-03 8.279914529914529989e-03
0.000000000000000000e+00 1.074608262108262130e-01 6.155181623931623713e-01 5.876068376068376009e-03 1.095085470085470011e-02
0.000000000000000000e+00 1.178774928774928843e-01 6.096420940170940161e-01 7.122507122507122646e-03 1.308760683760683795e-02
0.000000000000000000e+00 1.260683760683760646e-01 6.065705128205127750e-01 6.054131054131053728e-03 1.282051282051282007e-02
0.000000000000000000e+00 1.339921652421652287e-01 6.049679487179486781e-01 5.519943019943019703e-03 1.335470085470085409e-02
0.000000000000000000e+00 4.780982905982905651e-02 6.828258547008546619e-01 8.012820512820512109e-03 1.415598290598290600e-02
0.000000000000000000e+00 5.359686609686609843e-02 6.967147435897436125e-01 7.122507122507122646e-03 1.095085470085470011e-02
0.000000000000000000e+00 5.884971509971510112e-02 7.084668803418803229e-01 6.944444444444444059e-03 1.148504273504273587e-02
0.000000000000000000e+00 3.071581196581196424e-02 7.653579059829059839e-01 9.081196581196581893e-03 8.279914529914529989e-03
0.000000000000000000e+00 6.374643874643874664e-02 7.621527777777777901e-01 8.190883190883190695e-03 7.745726495726495964e-03
0.000000000000000000e+00 1.065705128205128166e-01 8.193108974358974672e-01 7.300569800569800365e-03 1.415598290598290600e-02
0.000000000000000000e+00 1.297186609686609704e-01 8.831463675213675479e-01 8.012820512820512109e-03 1.682692307692307612e-02
0.000000000000000000e+00 1.355947293447293533e-01 9.001068376068376287e-01 5.876068376068376009e-03 1.442307692307692388e-02
0.000000000000000000e+00 1.550925925925925875e-01 9.248130341880341776e-01 4.985754985754985678e-03 1.415598290598290600e-02
0.000000000000000000e+00 2.294337606837606736e-01 9.333600427350426942e-01 5.163817663817663398e-03 1.308760683760683795e-02
0.000000000000000000e+00 2.305021367521367659e-01 9.484508547008546619e-01 5.163817663817663398e-03 1.282051282051282007e-02
0.000000000000000000e+00 2.329950142450142314e-01 9.793002136752136932e-01 4.451566951566951653e-03 1.148504273504273587e-02
0.000000000000000000e+00 2.232015669515669543e-01 8.466880341880341776e-01 4.451566951566951653e-03 1.282051282051282007e-02
0.000000000000000000e+00 2.272970085470085444e-01 8.956997863247863068e-01 4.451566951566951653e-03 1.362179487179487197e-02
0.000000000000000000e+00 2.175925925925925875e-01 7.819177350427350959e-01 5.341880341880341984e-03 1.362179487179487197e-02
0.000000000000000000e+00 2.188390313390313480e-01 7.960737179487179516e-01 4.629629629629629373e-03 1.255341880341880392e-02
0.000000000000000000e+00 2.201745014245014287e-01 8.112980769230768718e-01 4.451566951566951653e-03 1.308760683760683795e-02
0.000000000000000000e+00 1.728988603988604045e-01 7.262286324786324521e-01 4.985754985754985678e-03 1.495726495726495790e-02
0.000000000000000000e+00 2.236467236467236386e-01 7.383814102564102422e-01 7.478632478632478951e-03 9.882478632478632063e-03
0.000000000000000000e+00 2.019230769230769273e-01 7.301014957264957417e-01 9.615384615384615918e-03 7.211538461538461939e-03
0.000000000000000000e+00 2.011217948717948789e-01 7.226228632478632896e-01 8.725071225071224720e-03 6.677350427350427046e-03
0.000000000000000000e+00 1.874109686609686520e-01 6.979166666666666297e-01 9.081196581196581893e-03 6.944444444444444059e-03
0.000000000000000000e+00 1.990740740740740700e-01 6.963141025641025328e-01 8.190883190883190695e-03 6.944444444444444059e-03
0.000000000000000000e+00 1.997863247863247982e-01 6.888354700854700807e-01 7.478632478632478951e-03 6.410256410256410034e-03
0.000000000000000000e+00 1.936431623931623991e-01 6.684027777777777901e-01 8.725071225071224720e-03 6.143162393162393022e-03
0.000000000000000000e+00 2.016559829059829112e-01 7.154113247863247427e-01 7.656695156695156670e-03 6.143162393162393022e-03
0.000000000000000000e+00 1.856303418803418870e-01 6.710737179487179516e-01 6.232193732193732315e-03 6.677350427350427046e-03
0.000000000000000000e+00 1.996972934472934502e-01 6.428952991452991927e-01 5.163817663817663398e-03 1.282051282051282007e-02
0.000000000000000000e+00 1.973824786324786251e-01 6.274038461538461453e-01 5.519943019943019703e-03 1.282051282051282007e-02
0.000000000000000000e+00 3.953881766381766583e-01 2.470619658119658016e-02 5.519943019943019703e-03 1.842948717948717993e-02
0.000000000000000000e+00 3.823005698005698116e-01 3.138354700854700807e-02 5.341880341880341984e-03 1.575854700854700807e-02
0.000000000000000000e+00 3.817663817663817794e-01 4.740918803418803229e-02 4.273504273504273934e-03 1.201923076923076990e-02
0.000000000000000000e+00 3.640491452991452825e-01 1.000267094017094072e-01 8.012820512820512109e-03 1.362179487179487197e-02
0.000000000000000000e+00 3.425925925925926152e-01 1.517094017094016978e-01 6.410256410256410034e-03 1.228632478632478604e-02
0.000000000000000000e+00 3.373397435897436125e-01 1.651976495726495686e-01 6.588319088319088621e-03 1.255341880341880392e-02
0.000000000000000000e+00 2.981659544159543929e-01 2.604166666666666852e-01 6.944444444444444059e-03 1.228632478632478604e-02
0.000000000000000000e+00 3.212250712250712126e-01 2.960737179487179516e-01 9.259259259259258745e-03 1.041666666666666609e-02
0.000000000000000000e+00 3.181089743589743390e-01 3.150373931623931534e-01 8.368945868945869282e-03 9.882478632478632063e-03
0.000000000000000000e+00 2.689636752136752018e-01 3.340010683760683552e-01 6.588319088319088621e-03 1.255341880341880392e-02
0.000000000000000000e+00 2.645121082621082476e-01 3.474893162393162260e-01 6.588319088319088621e-03 1.335470085470085409e-02
0.000000000000000000e+00 3.129451566951567121e-01 3.855502136752136932e-01 6.944444444444444059e-03 7.745726495726495964e-03
0.000000000000000000e+00 3.081374643874643660e-01 4.186698717948718063e-01 1.050569800569800538e-02 1.362179487179487197e-02
0.000000000000000000e+00 3.731303418803418870e-01 3.362713675213675479e-01 8.725071225071224720e-03 9.615384615384615918e-03
0.000000000000000000e+00 3.579950142450142314e-01 3.454861111111111049e-01 9.793447293447292770e-03 1.095085470085470011e-02
0.000000000000000000e+00 3.787393162393162260e-01 3.621794871794871695e-01 7.478632478632478951e-03 9.615384615384615918e-03
0.000000000000000000e+00 4.157763532763532610e-01 3.687232905982906206e-01 8.190883190883190695e-03 9.348290598290598039e-03
0.000000000000000000e+00 4.046474358974359031e-01 3.815438034188033956e-01 7.656695156695156670e-03 9.882478632478632063e-03
0.000000000000000000e+00 4.154202279202279247e-01 3.899572649572649596e-01 7.478632478632478951e-03 9.615384615384615918e-03
0.000000000000000000e+00 4.243233618233618332e-01 3.977029914529914278e-01 1.032763532763532680e-02 1.175213675213675202e-02
0.000000000000000000e+00 4.363425925925926152e-01 4.061164529914529919e-01 1.014957264957264994e-02 1.148504273504273587e-02
0.000000000000000000e+00 4.307336182336182206e-01 3.804754273504273310e-01 9.615384615384615918e-03 1.148504273504273587e-02
0.000000000000000000e+00 4.443554131054130996e-01 3.911591880341880323e-01 8.725071225071224720e-03 1.041666666666666609e-02
0.000000000000000000e+00 4.465811965811966044e-01 4.138621794871794601e-01 8.547008547008547868e-03 8.814102564102564014e-03
0.000000000000000000e+00 4.577991452991452825e-01 4.228098290598290565e-01 8.190883190883190695e-03 1.014957264957264994e-02
0.000000000000000000e+00 4.796118233618233417e-01 4.197382478632478708e-01 1.014957264957264994e-02 1.041666666666666609e-02
0.000000000000000000e+00 4.789886039886039892e-01 4.399038461538461453e-01 9.615384615384615918e-03 1.014957264957264994e-02
0.000000000000000000e+00 5.028490028490028019e-01 4.366987179487179516e-01 7.834757834757835257e-03 8.547008547008547868e-03
0.000000000000000000e+00 5.666844729344728826e-01 4.707532051282051211e-01 4.807692307692307959e-03 8.279914529914529989e-03
0.000000000000000000e+00 5.517272079772079785e-01 4.797008547008547175e-01 8.368945868945869282e-03 1.121794871794871799e-02
0.000000000000000000e+00 5.219017094017094349e-01 4.987980769230769273e-01 7.834757834757835257e-03 1.469017094017094002e-02
0.000000000000000000e+00 5.210113960113960108e-01 5.535523504273504036e-01 6.054131054131053728e-03 1.095085470085470011e-02
0.000000000000000000e+00 5.147792022792022637e-01 5.654380341880341776e-01 8.190883190883190695e-03 1.388888888888888812e-02
0.000000000000000000e+00 5.060541310541311066e-01 5.795940170940171443e-01 8.903133903133903307e-03 1.335470085470085409e-02
0.000000000000000000e+00 5.704237891737892197e-01 4.989316239316239354e-01 7.656695156695156670e-03 1.014957264957264994e-02
0.000000000000000000e+00 5.796830484330484090e-01 5.078792735042735318e-01 7.656695156695156670e-03 1.148504273504273587e-02
0.000000000000000000e+00 5.747863247863247427e-01 5.253739316239316448e-01 8.547008547008547868e-03 1.121794871794871799e-02
0.000000000000000000e+00 5.855591168091167642e-01 5.359241452991453381e-01 9.081196581196581893e-03 1.148504273504273587e-02
0.000000000000000000e+00 5.944622507122506727e-01 5.463408119658119677e-01 9.793447293447292770e-03 1.255341880341880392e-02
0.000000000000000000e+00 6.167200854700854995e-01 5.448717948717948234e-01 7.300569800569800365e-03 1.014957264957264994e-02
0.000000000000000000e+00 6.264245014245014564e-01 5.546207264957264682e-01 8.903133903133903307e-03 1.201923076923076990e-02
0.000000000000000000e+00 6.363069800569800538e-01 5.646367521367521292e-01 8.012820512820512109e-03 1.068376068376068397e-02
0.000000000000000000e+00 6.473468660968660915e-01 5.755876068376067911e-01 9.081196581196581893e-03 1.175213675213675202e-02
0.000000000000000000e+00 6.342592592592593004e-01 5.862713675213675479e-01 8.547008547008547868e-03 1.175213675213675202e-02
0.000000000000000000e+00 6.428062678062678170e-01 5.930822649572649041e-01 8.190883190883190695e-03 1.041666666666666609e-02
0.000000000000000000e+00 6.503739316239316448e-01 6.009615384615384359e-01 7.656695156695156670e-03 9.615384615384615918e-03
0.000000000000000000e+00 6.576745014245014564e-01 5.860042735042735318e-01 1.086182336182336255e-02 1.282051282051282007e-02
0.000000000000000000e+00 6.688034188034187588e-01 6.200587606837606458e-01 8.903133903133903307e-03 9.882478632478632063e-03
0.000000000000000000e+00 6.830484330484331013e-01 6.120459401709401615e-01 9.259259259259258745e-03 1.255341880341880392e-02
0.000000000000000000e+00 6.925747863247863068e-01 6.215277777777777901e-01 9.437321937321937332e-03 1.175213675213675202e-02
0.000000000000000000e+00 6.890135327635327211e-01 6.402243589743589203e-01 7.300569800569800365e-03 8.547008547008547868e-03
0.000000000000000000e+00 6.746794871794872250e-01 6.482371794871795156e-01 7.122507122507122646e-03 1.175213675213675202e-02
0.000000000000000000e+00 7.065527065527065220e-01 6.340811965811965489e-01 7.478632478632478951e-03 9.081196581196581893e-03
0.000000000000000000e+00 7.156339031339031820e-01 6.436965811965812412e-01 8.190883190883190695e-03 1.068376068376068397e-02
0.000000000000000000e+00 7.224893162393162260e-01 6.505074786324785974e-01 7.656695156695156670e-03 1.041666666666666609e-02
0.000000000000000000e+00 6.155626780626780592e-01 7.528044871794872250e-01 7.122507122507122646e-03 1.201923076923076990e-02
0.000000000000000000e+00 6.013176638176638278e-01 7.764423076923077094e-01 7.122507122507122646e-03 1.282051282051282007e-02
0.000000000000000000e+00 6.230413105413105113e-01 7.833867521367521292e-01 8.190883190883190695e-03 1.068376068376068397e-02
0.000000000000000000e+00 5.859152421652421561e-01 8.050213675213675479e-01 6.944444444444444059e-03 1.175213675213675202e-02
0.000000000000000000e+00 6.550035612535612950e-01 8.063568376068376287e-01 9.793447293447292770e-03 8.547008547008547868e-03
0.000000000000000000e+00 6.539351851851852304e-01 8.143696581196581130e-01 8.012820512820512109e-03 5.876068376068376009e-03
0.000000000000000000e+00 6.525106837606837740e-01 8.207799145299145005e-01 7.656695156695156670e-03 6.410256410256410034e-03
0.000000000000000000e+00 6.008725071225071712e-01 8.370726495726495964e-01 6.588319088319088621e-03 1.175213675213675202e-02
0.000000000000000000e+00 6.276709401709401615e-01 8.389423076923077094e-01 8.190883190883190695e-03 1.175213675213675202e-02
0.000000000000000000e+00 6.252670940170940161e-01 8.472222222222222099e-01 8.012820512820512109e-03 1.228632478632478604e-02
0.000000000000000000e+00 6.230413105413105113e-01 8.541666666666666297e-01 7.478632478632478951e-03 1.068376068376068397e-02
0.000000000000000000e+00 6.396011396011396233e-01 8.736645299145299193e-01 7.122507122507122646e-03 7.478632478632478951e-03
0.000000000000000000e+00 6.407585470085470636e-01 8.659188034188034511e-01 7.656695156695156670e-03 6.944444444444444059e-03
0.000000000000000000e+00 6.440527065527065220e-01 8.516292735042735318e-01 7.834757834757835257e-03 6.677350427350427046e-03
0.000000000000000000e+00 6.465455840455840431e-01 8.429487179487179516e-01 7.834757834757835257e-03 6.944444444444444059e-03
0.000000000000000000e+00 6.505519943019942852e-01 8.279914529914529364e-01 6.944444444444444059e-03 6.410256410256410034e-03
0.000000000000000000e+00 5.544871794871795156e-01 8.918269230769231282e-01 6.054131054131053728e-03 1.068376068376068397e-02
0.000000000000000000e+00 5.613425925925925597e-01 9.054487179487179516e-01 8.368945868945869282e-03 1.068376068376068397e-02
0.000000000000000000e+00 4.925213675213675479e-01 9.754273504273504036e-01 7.122507122507122646e-03 1.014957264957264994e-02
0.000000000000000000e+00 4.971509971509971426e-01 3.032852564102563875e-01 5.698005698005698290e-03 1.095085470085470011e-02
0.000000000000000000e+00 5.165598290598291120e-01 3.205128205128205399e-01 7.122507122507122646e-03 1.335470085470085409e-02
0.000000000000000000e+00 5.244836182336182206e-01 3.299946581196581130e-01 5.876068376068376009e-03 1.148504273504273587e-02
0.000000000000000000e+00 5.310719373219373596e-01 3.361378205128205399e-01 6.232193732193732315e-03 1.095085470085470011e-02
0.000000000000000000e+00 5.472756410256410797e-01 3.502938034188033956e-01 6.944444444444444059e-03 1.308760683760683795e-02
0.000000000000000000e+00 5.526175213675214026e-01 3.543002136752136932e-01 6.232193732193732315e-03 1.362179487179487197e-02
0.000000000000000000e+00 5.659722222222222099e-01 3.676549145299145560e-01 6.944444444444444059e-03 1.415598290598290600e-02
0.000000000000000000e+00 5.727386039886039892e-01 3.747329059829059839e-01 6.588319088319088621e-03 1.282051282051282007e-02
0.000000000000000000e+00 5.776353276353276556e-01 3.792735042735042583e-01 7.122507122507122646e-03 1.335470085470085409e-02
0.000000000000000000e+00 5.836894586894586512e-01 3.850160256410256610e-01 7.122507122507122646e-03 1.308760683760683795e-02
0.000000000000000000e+00 6.040776353276353650e-01 4.260149572649572780e-02 1.014957264957264994e-02 1.201923076923076990e-02
0.000000000000000000e+00 6.080840455840456071e-01 4.981303418803419147e-02 8.190883190883190695e-03 1.362179487179487197e-02
0.000000000000000000e+00 7.082443019943019946e-01 6.223290598290598385e-02 5.519943019943019703e-03 1.388888888888888812e-02
0.000000000000000000e+00 7.228454415954416179e-01 1.355502136752136655e-01 6.232193732193732315e-03 1.362179487179487197e-02
0.000000000000000000e+00 7.297898860398860377e-01 1.654647435897435848e-01 6.944444444444444059e-03 1.469017094017094002e-02
0.000000000000000000e+00 7.451923076923077094e-01 2.290331196581196493e-01 6.054131054131053728e-03 1.308760683760683795e-02
0.000000000000000000e+00 7.608618233618233972e-01 2.859241452991452825e-01 6.766381766381766340e-03 1.308760683760683795e-02
0.000000000000000000e+00 7.646011396011396233e-01 2.998130341880341776e-01 6.410256410256410034e-03 1.362179487179487197e-02
0.000000000000000000e+00 7.651353276353276556e-01 3.729967948717948789e-01 6.410256410256410034e-03 1.415598290598290600e-02
0.000000000000000000e+00 7.840099715099715372e-01 3.664529914529914278e-01 7.122507122507122646e-03 1.282051282051282007e-02
0.000000000000000000e+00 7.938924501424501345e-01 3.958333333333333148e-01 6.944444444444444059e-03 1.228632478632478604e-02
0.000000000000000000e+00 7.559650997150997309e-01 3.943643162393162260e-01 8.368945868945869282e-03 7.745726495726495964e-03
0.000000000000000000e+00 7.479522792022792466e-01 4.063835470085470081e-01 9.437321937321937332e-03 8.814102564102564014e-03
0.000000000000000000e+00 7.493767806267805920e-01 4.131944444444444198e-01 1.014957264957264994e-02 9.615384615384615918e-03
0.000000000000000000e+00 7.603276353276353650e-01 4.158653846153846367e-01 7.834757834757835257e-03 8.012820512820512109e-03
0.000000000000000000e+00 8.050213675213675479e-01 4.614049145299145560e-01 7.834757834757835257e-03 8.279914529914529989e-03
0.000000000000000000e+00 7.743945868945868449e-01 4.834401709401709435e-01 8.190883190883190695e-03 1.335470085470085409e-02
0.000000000000000000e+00 7.627314814814815103e-01 5.106837606837606458e-01 6.232193732193732315e-03 1.121794871794871799e-02
0.000000000000000000e+00 7.549857549857549310e-01 5.292467948717948234e-01 6.766381766381766340e-03 1.148504273504273587e-02
0.000000000000000000e+00 7.201745014245014564e-01 5.466079059829059839e-01 1.014957264957264994e-02 1.041666666666666609e-02
0.000000000000000000e+00 7.459935897435897578e-01 5.471420940170940161e-01 6.944444444444444059e-03 1.041666666666666609e-02
0.000000000000000000e+00 8.352029914529914834e-01 3.066239316239316448e-01 6.232193732193732315e-03 6.944444444444444059e-03
0.000000000000000000e+00 8.351139601139601076e-01 3.134348290598290565e-01 6.766381766381766340e-03 7.211538461538461939e-03
0.000000000000000000e+00 8.331552706552706189e-01 2.975427350427350404e-01 7.478632478632478951e-03 6.944444444444444059e-03
0.000000000000000000e+00 8.688568376068376287e-01 2.243589743589743599e-02 8.012820512820512109e-03 1.014957264957264994e-02
0.000000000000000000e+00 9.845975783475783283e-01 4.807692307692307959e-02 1.121794871794871799e-02 8.547008547008547868e-03
0.000000000000000000e+00 9.904736467236466835e-01 9.588675213675214304e-02 9.793447293447292770e-03 1.175213675213675202e-02
0.000000000000000000e+00 9.468482905982905651e-01 6.530448717948718340e-02 9.793447293447292770e-03 1.201923076923076990e-02
0.000000000000000000e+00 7.707443019943019946e-01 7.955395299145299193e-01 5.163817663817663398e-03 1.201923076923076990e-02
0.000000000000000000e+00 7.573896011396011874e-01 8.186431623931623713e-01 4.807692307692307959e-03 1.388888888888888812e-02
0.000000000000000000e+00 7.483084045584045274e-01 8.358707264957264682e-01 5.519943019943019703e-03 1.308760683760683795e-02
0.000000000000000000e+00 7.389601139601139623e-01 8.510950854700854995e-01 4.629629629629629373e-03 1.201923076923076990e-02
0.000000000000000000e+00 7.340633903133902960e-01 8.585737179487179516e-01 4.451566951566951653e-03 1.148504273504273587e-02
0.000000000000000000e+00 7.298789173789174134e-01 8.680555555555555802e-01 4.629629629629629373e-03 1.495726495726495790e-02
0.000000000000000000e+00 7.259615384615384359e-01 8.736645299145299193e-01 4.273504273504273934e-03 1.282051282051282007e-02
0.000000000000000000e+00 6.725427350427350959e-01 9.106570512820513219e-01 8.903133903133903307e-03 1.308760683760683795e-02
0.000000000000000000e+00 7.071759259259259300e-01 9.063835470085470636e-01 4.095441595441595348e-03 1.201923076923076990e-02
0.000000000000000000e+00 6.880341880341880323e-01 9.515224358974359031e-01 7.122507122507122646e-03 1.041666666666666609e-02
0.000000000000000000e+00 7.116274928774928288e-01 9.015758547008546619e-01 4.451566951566951653e-03 1.148504273504273587e-02
0.000000000000000000e+00 9.788105413105413488e-01 8.962339743589743390e-01 6.054131054131053728e-03 1.469017094017094002e-02
0.000000000000000000e+00 6.613247863247863068e-01 1.501068376068376009e-01 8.903133903133903307e-03 8.012820512820512109e-03
0.000000000000000000e+00 6.614138176638176825e-01 1.571848290598290565e-01 6.944444444444444059e-03 7.211538461538461939e-03
0.000000000000000000e+00 5.831552706552706883e-02 2.765758547008547175e-01 9.081196581196581893e-03 1.095085470085470011e-02
0.000000000000000000e+00 8.442841880341880323e-01 2.955395299145299193e-01 1.050569800569800538e-02 9.348290598290598039e-03
0.000000000000000000e+00 4.276175213675213471e-01 7.799145299145299193e-01 1.086182336182336255e-02 1.335470085470085409e-02
0.000000000000000000e+00 6.207264957264957417e-01 4.269497863247863068e-01 7.834757834757835257e-03 1.255341880341880392e-02
