0.000000000000000000e+00 5.086360398860398924e-01 2.369123931623931534e-01 4.095441595441595348e-03 5.876068376068376009e-03
0.000000000000000000e+00 5.108618233618233972e-01 2.443910256410256332e-01 7.122507122507122646e-03 4.807692307692307959e-03
0.000000000000000000e+00 5.113960113960114295e-01 2.510683760683760646e-01 8.903133903133903307e-03 6.410256410256410034e-03
0.000000000000000000e+00 5.106837606837606458e-01 2.586805555555555802e-01 7.834757834757835257e-03 6.143162393162393022e-03
0.000000000000000000e+00 5.103276353276353650e-01 2.670940170940170888e-01 5.698005698005698290e-03 6.944444444444444059e-03
0.000000000000000000e+00 4.754273504273504036e-01 2.967414529914529919e-01 4.273504273504273934e-03 1.228632478632478604e-02
0.000000000000000000e+00 4.797898860398860377e-01 2.963408119658119677e-01 4.807692307692307959e-03 1.201923076923076990e-02
0.000000000000000000e+00 4.842414529914529919e-01 2.948717948717948789e-01 4.807692307692307959e-03 1.121794871794871799e-02
0.000000000000000000e+00 4.893162393162392987e-01 2.954059829059829112e-01 4.273504273504273934e-03 1.121794871794871799e-02
0.000000000000000000e+00 5.068554131054131551e-01 3.007478632478632341e-01 4.095441595441595348e-03 1.068376068376068397e-02
0.000000000000000000e+00 5.161146723646723444e-01 2.994123931623931534e-01 3.383190883190883170e-03 1.175213675213675202e-02
0.000000000000000000e+00 5.210113960113960108e-01 2.986111111111111049e-01 3.561253561253561323e-03 1.228632478632478604e-02
0.000000000000000000e+00 4.686609686609686798e-01 3.740651709401709435e-01 3.205128205128205017e-03 7.211538461538461939e-03
0.000000000000000000e+00 3.555911680911680861e-01 3.303952991452991372e-01 3.917378917378917629e-03 1.068376068376068397e-02
0.000000000000000000e+00 3.754451566951567121e-01 3.476228632478632341e-01 7.300569800569800365e-03 7.211538461538461939e-03
0.000000000000000000e+00 3.755341880341880323e-01 3.692574786324786529e-01 7.478632478632478951e-03 6.143162393162393022e-03
0.000000000000000000e+00 3.760683760683760646e-01 3.762019230769230727e-01 8.190883190883190695e-03 5.608974358974358997e-03
0.000000000000000000e+00 3.522079772079771964e-01 4.254807692307692180e-01 4.273504273504273934e-03 1.014957264957264994e-02
0.000000000000000000e+00 3.476673789173789220e-01 4.244123931623931534e-01 4.095441595441595348e-03 1.228632478632478604e-02
0.000000000000000000e+00 3.430377492877492718e-01 4.258814102564102422e-01 3.739316239316239476e-03 9.882478632478632063e-03
0.000000000000000000e+00 3.338675213675213471e-01 4.260149572649572502e-01 3.917378917378917629e-03 1.014957264957264994e-02
0.000000000000000000e+00 3.295049857549857686e-01 4.282852564102563875e-01 4.451566951566951653e-03 1.201923076923076990e-02
0.000000000000000000e+00 3.047542735042735318e-01 4.262820512820512664e-01 4.451566951566951653e-03 9.615384615384615918e-03
0.000000000000000000e+00 3.004807692307692180e-01 4.269497863247863068e-01 3.739316239316239476e-03 9.882478632478632063e-03
0.000000000000000000e+00 2.938924501424501345e-01 4.254807692307692180e-01 5.163817663817663398e-03 1.282051282051282007e-02
0.000000000000000000e+00 3.021723646723646906e-01 3.892895299145299193e-01 4.629629629629629373e-03 1.148504273504273587e-02
0.000000000000000000e+00 2.972756410256410242e-01 3.896901709401709435e-01 4.451566951566951653e-03 1.121794871794871799e-02
0.000000000000000000e+00 2.862357549857549865e-01 3.641826923076922906e-01 4.095441595441595348e-03 1.095085470085470011e-02
0.000000000000000000e+00 2.794693732193732072e-01 3.259882478632478708e-01 7.300569800569800365e-03 5.608974358974358997e-03
0.000000000000000000e+00 2.867699430199430188e-01 3.914262820512820484e-01 3.739316239316239476e-03 9.882478632478632063e-03
0.000000000000000000e+00 2.822293447293447444e-01 3.935630341880341776e-01 3.917378917378917629e-03 1.201923076923076990e-02
0.000000000000000000e+00 2.776887464387464144e-01 3.943643162393162260e-01 3.739316239316239476e-03 1.041666666666666609e-02
0.000000000000000000e+00 2.732371794871794601e-01 3.946314102564102422e-01 4.095441595441595348e-03 1.095085470085470011e-02
0.000000000000000000e+00 4.707977207977208089e-01 4.078525641025640969e-01 3.561253561253561323e-03 1.175213675213675202e-02
0.000000000000000000e+00 3.886217948717948789e-01 4.855769230769230727e-01 4.451566951566951653e-03 1.282051282051282007e-02
0.000000000000000000e+00 3.928952991452991372e-01 4.853098290598290565e-01 4.095441595441595348e-03 1.228632478632478604e-02
0.000000000000000000e+00 3.976139601139601076e-01 4.845085470085470081e-01 3.917378917378917629e-03 1.228632478632478604e-02
0.000000000000000000e+00 4.017984330484330457e-01 4.845085470085470081e-01 4.807692307692307959e-03 1.228632478632478604e-02
0.000000000000000000e+00 4.066061253561253364e-01 4.838408119658119677e-01 4.451566951566951653e-03 1.201923076923076990e-02
0.000000000000000000e+00 4.110576923076922906e-01 4.837072649572649596e-01 3.739316239316239476e-03 1.068376068376068397e-02
0.000000000000000000e+00 4.701745014245014009e-01 3.965010683760683552e-01 3.383190883190883170e-03 9.348290598290598039e-03
0.000000000000000000e+00 2.894408831908831803e-01 4.280181623931623713e-01 3.383190883190883170e-03 9.882478632478632063e-03
0.000000000000000000e+00 2.840099715099715372e-01 4.405715811965811857e-01 3.561253561253561323e-03 1.095085470085470011e-02
0.000000000000000000e+00 2.849002849002849058e-01 4.624732905982906206e-01 3.917378917378917629e-03 9.882478632478632063e-03
0.000000000000000000e+00 2.750178062678062529e-01 4.694177350427350404e-01 3.739316239316239476e-03 1.308760683760683795e-02
0.000000000000000000e+00 2.761752136752136932e-01 4.858440170940170888e-01 3.917378917378917629e-03 1.228632478632478604e-02
0.000000000000000000e+00 2.874821937321937471e-01 5.116185897435897578e-01 3.739316239316239476e-03 1.095085470085470011e-02
0.000000000000000000e+00 1.683582621082621023e-01 3.771367521367521292e-01 7.300569800569800365e-03 5.341880341880341984e-03
0.000000000000000000e+00 1.866987179487179516e-01 4.448450854700854440e-01 3.739316239316239476e-03 1.148504273504273587e-02
0.000000000000000000e+00 1.208155270655270619e-01 3.938301282051281937e-01 7.300569800569800365e-03 5.608974358974358997e-03
0.000000000000000000e+00 3.418803418803419147e-02 3.660523504273504036e-01 6.410256410256410034e-03 1.255341880341880392e-02
0.000000000000000000e+00 2.047720797720797847e-02 3.579059829059829112e-01 6.410256410256410034e-03 7.478632478632478951e-03
0.000000000000000000e+00 2.127849002849002691e-02 3.631143162393162260e-01 6.232193732193732315e-03 5.608974358974358997e-03
0.000000000000000000e+00 2.528490028490028643e-02 3.776709401709401615e-01 8.190883190883190695e-03 7.478632478632478951e-03
0.000000000000000000e+00 4.371438746438746636e-02 3.843482905982906206e-01 5.519943019943019703e-03 9.615384615384615918e-03
0.000000000000000000e+00 1.704059829059829112e-01 5.062767094017094349e-01 3.561253561253561323e-03 1.041666666666666609e-02
0.000000000000000000e+00 1.709401709401709435e-01 5.396634615384615641e-01 3.561253561253561323e-03 1.148504273504273587e-02
0.000000000000000000e+00 1.839387464387464421e-01 5.412660256410256610e-01 3.205128205128205017e-03 1.041666666666666609e-02
0.000000000000000000e+00 4.959045584045584237e-02 6.232638888888888395e-01 6.944444444444444059e-03 6.143162393162393022e-03
0.000000000000000000e+00 3.579059829059828834e-02 6.374198717948718063e-01 7.834757834757835257e-03 1.041666666666666609e-02
0.000000000000000000e+00 2.412749287749287735e-02 6.531784188034187588e-01 6.588319088319088621e-03 9.348290598290598039e-03
0.000000000000000000e+00 4.950142450142450135e-02 6.681356837606837740e-01 3.917378917378917629e-03 1.255341880341880392e-02
0.000000000000000000e+00 3.160612535612535717e-02 6.972489316239316448e-01 3.739316239316239476e-03 1.095085470085470011e-02
0.000000000000000000e+00 3.694800569800570089e-02 6.968482905982905651e-01 4.095441595441595348e-03 1.068376068376068397e-02
0.000000000000000000e+00 4.504985754985754709e-02 6.981837606837606458e-01 5.341880341880341984e-03 1.282051282051282007e-02
0.000000000000000000e+00 4.967948717948717646e-02 6.992521367521367104e-01 3.561253561253561323e-03 1.121794871794871799e-02
0.000000000000000000e+00 5.386396011396011457e-02 7.001869658119658224e-01 4.095441595441595348e-03 1.041666666666666609e-02
0.000000000000000000e+00 6.757478632478632063e-02 7.009882478632478708e-01 4.095441595441595348e-03 1.095085470085470011e-02
0.000000000000000000e+00 7.229344729344729104e-02 7.012553418803418870e-01 3.561253561253561323e-03 1.041666666666666609e-02
0.000000000000000000e+00 8.751780626780626682e-02 7.402510683760683552e-01 6.588319088319088621e-03 1.308760683760683795e-02
0.000000000000000000e+00 1.032763532763532680e-02 7.211538461538461453e-01 6.054131054131053728e-03 6.944444444444444059e-03
0.000000000000000000e+00 5.386396011396011457e-02 9.584668803418803229e-01 9.081196581196581893e-03 7.211538461538461939e-03
0.000000000000000000e+00 2.430555555555555594e-02 9.870459401709401615e-01 5.519943019943019703e-03 8.279914529914529989e-03
0.000000000000000000e+00 2.113603988603988681e-01 6.678685897435897578e-01 1.175213675213675202e-02 6.677350427350427046e-03
0.000000000000000000e+00 2.358440170940170888e-01 6.653311965811965489e-01 8.725071225071224720e-03 5.876068376068376009e-03
0.000000000000000000e+00 2.512464387464387605e-01 6.637286324786324521e-01 9.615384615384615918e-03 6.944444444444444059e-03
0.000000000000000000e+00 2.649572649572649596e-01 6.621260683760683552e-01 7.478632478632478951e-03 5.341880341880341984e-03
0.000000000000000000e+00 1.585648148148148251e-01 7.305021367521367104e-01 7.656695156695156670e-03 6.944444444444444059e-03
0.000000000000000000e+00 1.775284900284900269e-01 8.039529914529914834e-01 7.834757834757835257e-03 6.410256410256410034e-03
0.000000000000000000e+00 2.743945868945869004e-01 6.615918803418803229e-01 7.122507122507122646e-03 5.341880341880341984e-03
0.000000000000000000e+00 2.837428774928774655e-01 6.602564102564102422e-01 8.368945868945869282e-03 5.876068376068376009e-03
0.000000000000000000e+00 3.358262108262108359e-01 6.267361111111111605e-01 4.273504273504273934e-03 1.095085470085470011e-02
0.000000000000000000e+00 3.456196581196581130e-01 6.237980769230768718e-01 3.917378917378917629e-03 1.095085470085470011e-02
0.000000000000000000e+00 3.515847578347578439e-01 6.486378205128204844e-01 9.437321937321937332e-03 6.143162393162393022e-03
0.000000000000000000e+00 3.544337606837607013e-01 6.207264957264957417e-01 3.739316239316239476e-03 9.081196581196581893e-03
0.000000000000000000e+00 3.034188034188033956e-01 7.045940170940171443e-01 4.273504273504273934e-03 1.228632478632478604e-02
0.000000000000000000e+00 2.931801994301994063e-01 9.899839743589743390e-01 9.081196581196581893e-03 7.211538461538461939e-03
0.000000000000000000e+00 3.506944444444444198e-01 9.772970085470085166e-01 7.300569800569800365e-03 5.341880341880341984e-03
0.000000000000000000e+00 3.235398860398860377e-01 9.831730769230768718e-01 8.547008547008547868e-03 6.410256410256410034e-03
0.000000000000000000e+00 3.596866096866097040e-01 9.763621794871795156e-01 8.547008547008547868e-03 6.677350427350427046e-03
0.000000000000000000e+00 3.765135327635327767e-01 9.723557692307692735e-01 9.081196581196581893e-03 6.677350427350427046e-03
0.000000000000000000e+00 3.881766381766381668e-01 9.859775641025640969e-01 4.629629629629629373e-03 1.095085470085470011e-02
0.000000000000000000e+00 4.019764957264957417e-01 9.849091880341880323e-01 4.451566951566951653e-03 1.148504273504273587e-02
0.000000000000000000e+00 4.059829059829059839e-01 9.839743589743589203e-01 4.273504273504273934e-03 1.068376068376068397e-02
0.000000000000000000e+00 4.425747863247863068e-01 9.786324786324785974e-01 6.944444444444444059e-03 6.410256410256410034e-03
0.000000000000000000e+00 4.122150997150997309e-01 9.258814102564102422e-01 4.629629629629629373e-03 1.415598290598290600e-02
0.000000000000000000e+00 4.087428774928774655e-01 8.895566239316239354e-01 4.451566951566951653e-03 1.148504273504273587e-02
0.000000000000000000e+00 4.050035612535612395e-01 7.741720085470085166e-01 3.739316239316239476e-03 1.095085470085470011e-02
0.000000000000000000e+00 3.992165242165242045e-01 8.088942307692307265e-01 4.273504273504273934e-03 1.041666666666666609e-02
0.000000000000000000e+00 4.160434472934472772e-01 8.123664529914529364e-01 4.451566951566951653e-03 1.201923076923076990e-02
0.000000000000000000e+00 4.216524216524216717e-01 8.102297008547008073e-01 3.917378917378917629e-03 1.041666666666666609e-02
0.000000000000000000e+00 4.258368945868946098e-01 8.106303418803418870e-01 4.451566951566951653e-03 1.228632478632478604e-02
0.000000000000000000e+00 4.307336182336182206e-01 8.096955128205127750e-01 3.917378917378917629e-03 1.095085470085470011e-02
0.000000000000000000e+00 4.349180911680911588e-01 8.084935897435897578e-01 4.451566951566951653e-03 1.175213675213675202e-02
0.000000000000000000e+00 4.045584045584045829e-01 8.437500000000000000e-01 4.273504273504273934e-03 1.228632478632478604e-02
0.000000000000000000e+00 4.240562678062678170e-01 8.390758547008546619e-01 5.163817663817663398e-03 1.415598290598290600e-02
0.000000000000000000e+00 4.294871794871794601e-01 8.385416666666666297e-01 3.917378917378917629e-03 1.095085470085470011e-02
0.000000000000000000e+00 4.334935897435897578e-01 8.373397435897436125e-01 4.095441595441595348e-03 1.175213675213675202e-02
0.000000000000000000e+00 4.070512820512820484e-01 8.716613247863247427e-01 3.917378917378917629e-03 1.255341880341880392e-02
0.000000000000000000e+00 4.581552706552706744e-01 7.984775641025640969e-01 7.834757834757835257e-03 6.143162393162393022e-03
0.000000000000000000e+00 4.898504273504273310e-01 8.167735042735042583e-01 8.903133903133903307e-03 6.410256410256410034e-03
0.000000000000000000e+00 5.083689458689458762e-01 8.182425213675214026e-01 7.478632478632478951e-03 6.143162393162393022e-03
0.000000000000000000e+00 5.034722222222222099e-01 8.257211538461538547e-01 9.793447293447292770e-03 7.211538461538461939e-03
0.000000000000000000e+00 5.101495726495726135e-01 8.382745726495726135e-01 7.834757834757835257e-03 6.143162393162393022e-03
0.000000000000000000e+00 5.106837606837606458e-01 8.454861111111111605e-01 7.478632478632478951e-03 6.143162393162393022e-03
0.000000000000000000e+00 5.119301994301994618e-01 8.525641025641025328e-01 7.122507122507122646e-03 6.410256410256410034e-03
0.000000000000000000e+00 4.944800569800569812e-01 8.632478632478632896e-01 8.190883190883190695e-03 5.876068376068376009e-03
0.000000000000000000e+00 4.420405982905982745e-01 9.595352564102563875e-01 6.232193732193732315e-03 5.074786324786324972e-03
0.000000000000000000e+00 4.526353276353276556e-01 9.572649572649573058e-01 8.903133903133903307e-03 6.410256410256410034e-03
0.000000000000000000e+00 4.750712250712250673e-01 9.529914529914529364e-01 7.834757834757835257e-03 6.944444444444444059e-03
0.000000000000000000e+00 4.971509971509971426e-01 9.485844017094017255e-01 7.834757834757835257e-03 6.143162393162393022e-03
0.000000000000000000e+00 4.882478632478632341e-01 9.690170940170940161e-01 8.547008547008547868e-03 6.944444444444444059e-03
0.000000000000000000e+00 5.000890313390313757e-01 9.663461538461538547e-01 9.081196581196581893e-03 6.944444444444444059e-03
0.000000000000000000e+00 5.132656695156695426e-01 9.636752136752136932e-01 7.656695156695156670e-03 5.876068376068376009e-03
0.000000000000000000e+00 5.238603988603988126e-01 9.424412393162393542e-01 7.478632478632478951e-03 6.143162393162393022e-03
0.000000000000000000e+00 5.129985754985755264e-01 9.443108974358974672e-01 7.834757834757835257e-03 4.540598290598290947e-03
0.000000000000000000e+00 5.257300569800569257e-01 9.606036324786324521e-01 6.944444444444444059e-03 5.608974358974358997e-03
0.000000000000000000e+00 5.340990028490028019e-01 9.285523504273504036e-01 4.095441595441595348e-03 1.041666666666666609e-02
0.000000000000000000e+00 5.390847578347578439e-01 9.278846153846154188e-01 4.095441595441595348e-03 1.121794871794871799e-02
0.000000000000000000e+00 6.034544159544159569e-01 9.061164529914529364e-01 4.273504273504273934e-03 1.095085470085470011e-02
0.000000000000000000e+00 5.807514245014244736e-01 9.512553418803418870e-01 3.739316239316239476e-03 9.348290598290598039e-03
0.000000000000000000e+00 5.528846153846154188e-01 9.654113247863247427e-01 3.917378917378917629e-03 1.041666666666666609e-02
0.000000000000000000e+00 5.487001424501424252e-01 9.666132478632478708e-01 4.095441595441595348e-03 1.121794871794871799e-02
0.000000000000000000e+00 5.444266381766381668e-01 9.678151709401708880e-01 4.451566951566951653e-03 1.362179487179487197e-02
0.000000000000000000e+00 5.390847578347578439e-01 9.679487179487179516e-01 4.095441595441595348e-03 1.175213675213675202e-02
0.000000000000000000e+00 5.514601139601139623e-01 9.290865384615384359e-01 4.273504273504273934e-03 3.472222222222222029e-03
0.000000000000000000e+00 3.940527065527065775e-01 6.152510683760683552e-01 4.273504273504273934e-03 1.148504273504273587e-02
0.000000000000000000e+00 3.985042735042735318e-01 6.141826923076922906e-01 3.917378917378917629e-03 1.095085470085470011e-02
0.000000000000000000e+00 4.030448717948718063e-01 6.128472222222222099e-01 4.095441595441595348e-03 1.201923076923076990e-02
0.000000000000000000e+00 4.123041310541310511e-01 6.111111111111111605e-01 4.807692307692307959e-03 1.388888888888888812e-02
0.000000000000000000e+00 4.172898860398860377e-01 6.092414529914529364e-01 4.095441595441595348e-03 1.228632478632478604e-02
0.000000000000000000e+00 4.219195156695156879e-01 6.069711538461538547e-01 3.739316239316239476e-03 1.095085470085470011e-02
0.000000000000000000e+00 4.769408831908831803e-01 7.602831196581196771e-01 8.368945868945869282e-03 6.143162393162393022e-03
0.000000000000000000e+00 5.516381766381766028e-01 6.790865384615384359e-01 4.273504273504273934e-03 1.308760683760683795e-02
0.000000000000000000e+00 5.542200854700854995e-01 7.309027777777777901e-01 3.739316239316239476e-03 1.095085470085470011e-02
0.000000000000000000e+00 5.559116809116808611e-01 7.481303418803418870e-01 4.629629629629629373e-03 1.228632478632478604e-02
0.000000000000000000e+00 6.134259259259259300e-01 9.047809829059828557e-01 4.273504273504273934e-03 1.148504273504273587e-02
0.000000000000000000e+00 6.917735042735042583e-01 8.538995726495726135e-01 4.985754985754985678e-03 1.175213675213675202e-02
0.000000000000000000e+00 7.766203703703703498e-01 8.518963675213675479e-01 5.519943019943019703e-03 1.682692307692307612e-02
0.000000000000000000e+00 7.806267806267805920e-01 8.497596153846154188e-01 4.273504273504273934e-03 1.255341880341880392e-02
0.000000000000000000e+00 8.520299145299145005e-01 9.002403846153845812e-01 7.122507122507122646e-03 6.143162393162393022e-03
0.000000000000000000e+00 8.602207977207977363e-01 1.593215811965811857e-01 4.629629629629629373e-03 1.308760683760683795e-02
0.000000000000000000e+00 8.688568376068376287e-01 1.561164529914529919e-01 4.095441595441595348e-03 1.095085470085470011e-02
0.000000000000000000e+00 8.886217948717948234e-01 1.451655982905983022e-01 6.944444444444444059e-03 6.143162393162393022e-03
0.000000000000000000e+00 8.649394586894586512e-01 2.422542735042735040e-01 4.095441595441595348e-03 1.121794871794871799e-02
0.000000000000000000e+00 9.011752136752136932e-01 2.548076923076922906e-01 7.834757834757835257e-03 5.876068376068376009e-03
0.000000000000000000e+00 9.143518518518518601e-01 2.760416666666666852e-01 4.985754985754985678e-03 1.308760683760683795e-02
0.000000000000000000e+00 9.952813390313390851e-01 2.435897435897435848e-01 8.368945868945869282e-03 5.876068376068376009e-03
0.000000000000000000e+00 9.225427350427350959e-01 6.064369658119658224e-01 4.629629629629629373e-03 1.095085470085470011e-02
0.000000000000000000e+00 9.176460113960114295e-01 6.334134615384615641e-01 6.232193732193732315e-03 5.608974358974358997e-03
0.000000000000000000e+00 9.954594017094017255e-01 6.165865384615384359e-01 4.807692307692307959e-03 1.255341880341880392e-02
0.000000000000000000e+00 5.224358974358974672e-01 2.403846153846153980e-03 3.917378917378917629e-03 2.670940170940170992e-03
0.000000000000000000e+00 5.642806267806267373e-01 7.612179487179487024e-03 7.478632478632478951e-03 5.608974358974358997e-03
0.000000000000000000e+00 5.746082621082621023e-01 1.308760683760683795e-02 7.834757834757835257e-03 6.410256410256410034e-03
0.000000000000000000e+00 1.489494301994301884e-01 2.029914529914529989e-02 7.656695156695156670e-03 5.876068376068376009e-03
0.000000000000000000e+00 1.841168091168091103e-01 7.812500000000000000e-02 2.849002849002849145e-03 1.201923076923076990e-02
0.000000000000000000e+00 1.848290598290598385e-01 9.308226495726495964e-02 3.205128205128205017e-03 9.348290598290598039e-03
0.000000000000000000e+00 1.371082621082621127e-02 3.317307692307692180e-01 7.122507122507122646e-03 5.876068376068376009e-03
0.000000000000000000e+00 4.184472934472934641e-03 2.883279914529914278e-01 6.232193732193732315e-03 6.143162393162393022e-03
0.000000000000000000e+00 6.054131054131053728e-03 2.951388888888888951e-01 7.834757834757835257e-03 6.944444444444444059e-03
0.000000000000000000e+00 1.905270655270655325e-02 1.262019230769230727e-01 8.190883190883190695e-03 7.745726495726495964e-03
0.000000000000000000e+00 1.994301994301994271e-02 1.340811965811965767e-01 8.903133903133903307e-03 7.478632478632478951e-03
0.000000000000000000e+00 2.279202279202279316e-02 1.407585470085470081e-01 6.410256410256410034e-03 5.341880341880341984e-03
0.000000000000000000e+00 2.653133903133903307e-02 1.469017094017094072e-01 4.273504273504273934e-03 5.341880341880341984e-03
0.000000000000000000e+00 2.955840455840455863e-02 1.676014957264957139e-01 9.259259259259258745e-03 7.211538461538461939e-03
0.000000000000000000e+00 3.071581196581196424e-02 1.742788461538461453e-01 7.656695156695156670e-03 6.677350427350427046e-03
0.000000000000000000e+00 3.214031339031338946e-02 1.818910256410256332e-01 8.012820512820512109e-03 6.944444444444444059e-03
0.000000000000000000e+00 3.436609686609686659e-02 1.870993589743589758e-01 6.766381766381766340e-03 6.677350427350427046e-03
0.000000000000000000e+00 3.579059829059828834e-02 1.945779914529914556e-01 8.190883190883190695e-03 8.814102564102564014e-03
0.000000000000000000e+00 1.037215099715099731e-01 1.521100427350427220e-01 3.027065527065526864e-03 9.882478632478632063e-03
0.000000000000000000e+00 1.209935897435897439e-01 1.481036324786324798e-01 3.383190883190883170e-03 1.095085470085470011e-02
0.000000000000000000e+00 1.063034188034188005e-01 1.924412393162393264e-01 4.273504273504273934e-03 1.255341880341880392e-02
0.000000000000000000e+00 1.201032763532763475e-01 1.784188034188034233e-01 4.095441595441595348e-03 1.068376068376068397e-02
0.000000000000000000e+00 1.251780626780626682e-01 1.778846153846153910e-01 4.273504273504273934e-03 1.282051282051282007e-02
0.000000000000000000e+00 1.293625356125356063e-01 1.792200854700854717e-01 3.739316239316239476e-03 1.068376068376068397e-02
0.000000000000000000e+00 1.345263532763532888e-01 1.784188034188034233e-01 4.095441595441595348e-03 1.228632478632478604e-02
0.000000000000000000e+00 1.151175213675213610e-01 1.913728632478632341e-01 4.095441595441595348e-03 1.148504273504273587e-02
0.000000000000000000e+00 1.198361823361823314e-01 1.916399572649572780e-01 4.629629629629629373e-03 9.348290598290598039e-03
0.000000000000000000e+00 1.251780626780626682e-01 1.912393162393162260e-01 4.273504273504273934e-03 1.068376068376068397e-02
0.000000000000000000e+00 1.292735042735042861e-01 1.908386752136752018e-01 4.629629629629629373e-03 1.095085470085470011e-02
0.000000000000000000e+00 1.346153846153846090e-01 1.904380341880341776e-01 3.917378917378917629e-03 1.014957264957264994e-02
0.000000000000000000e+00 1.072827635327635309e-01 2.232905982905983022e-01 5.163817663817663398e-03 1.175213675213675202e-02
0.000000000000000000e+00 1.157407407407407413e-01 2.223557692307692180e-01 4.629629629629629373e-03 1.148504273504273587e-02
0.000000000000000000e+00 1.248219373219373179e-01 2.186164529914529919e-01 4.273504273504273934e-03 5.608974358974358997e-03
0.000000000000000000e+00 1.296296296296296224e-01 2.188835470085470081e-01 5.341880341880341984e-03 7.211538461538461939e-03
0.000000000000000000e+00 1.113782051282051350e-01 2.676282051282051211e-01 4.451566951566951653e-03 1.014957264957264994e-02
0.000000000000000000e+00 1.201923076923076955e-01 2.680288461538461453e-01 3.205128205128205017e-03 1.201923076923076990e-02
0.000000000000000000e+00 1.113782051282051350e-01 2.799145299145299193e-01 4.095441595441595348e-03 1.175213675213675202e-02
0.000000000000000000e+00 1.201032763532763475e-01 2.804487179487179516e-01 3.383190883190883170e-03 1.121794871794871799e-02
0.000000000000000000e+00 1.071047008547008489e-01 3.169070512820512664e-01 4.451566951566951653e-03 1.255341880341880392e-02
0.000000000000000000e+00 1.127136752136752157e-01 3.166399572649572502e-01 4.273504273504273934e-03 1.148504273504273587e-02
0.000000000000000000e+00 1.883012820512820484e-01 1.493055555555555525e-01 4.451566951566951653e-03 1.282051282051282007e-02
0.000000000000000000e+00 1.877670940170940161e-01 1.650641025641025605e-01 4.451566951566951653e-03 1.442307692307692388e-02
0.000000000000000000e+00 1.879451566951566843e-01 2.199519230769230727e-01 3.027065527065526864e-03 9.882478632478632063e-03
0.000000000000000000e+00 1.872329059829059839e-01 2.525373931623931534e-01 4.095441595441595348e-03 1.041666666666666609e-02
0.000000000000000000e+00 2.169693732193732072e-01 1.523771367521367659e-01 4.095441595441595348e-03 1.201923076923076990e-02
0.000000000000000000e+00 2.281873219373219408e-01 1.474358974358974395e-01 4.095441595441595348e-03 1.068376068376068397e-02
0.000000000000000000e+00 2.325498575498575471e-01 1.461004273504273587e-01 3.917378917378917629e-03 1.068376068376068397e-02
0.000000000000000000e+00 2.366452991452991372e-01 1.467681623931623991e-01 3.917378917378917629e-03 1.148504273504273587e-02
0.000000000000000000e+00 2.467058404558404583e-01 1.454326923076923184e-01 4.807692307692307959e-03 1.201923076923076990e-02
0.000000000000000000e+00 2.240028490028490027e-01 1.792200854700854717e-01 4.273504273504273934e-03 1.068376068376068397e-02
0.000000000000000000e+00 2.375356125356125336e-01 1.758814102564102699e-01 4.273504273504273934e-03 1.148504273504273587e-02
0.000000000000000000e+00 2.241809116809116709e-01 1.928418803418803507e-01 3.917378917378917629e-03 1.175213675213675202e-02
0.000000000000000000e+00 2.290776353276353372e-01 1.920405982905983022e-01 3.739316239316239476e-03 9.081196581196581893e-03
0.000000000000000000e+00 2.366452991452991372e-01 2.335737179487179516e-01 4.629629629629629373e-03 1.095085470085470011e-02
0.000000000000000000e+00 2.084223646723646628e-01 3.103632478632478708e-01 7.300569800569800365e-03 7.478632478632478951e-03
0.000000000000000000e+00 1.992521367521367659e-01 3.177083333333333148e-01 7.478632478632478951e-03 4.540598290598290947e-03
0.000000000000000000e+00 2.084223646723646628e-01 3.189102564102563875e-01 9.437321937321937332e-03 4.807692307692307959e-03
0.000000000000000000e+00 2.558760683760683552e-01 1.444978632478632341e-01 3.917378917378917629e-03 1.014957264957264994e-02
0.000000000000000000e+00 2.602386039886039892e-01 1.420940170940170888e-01 5.163817663817663398e-03 1.282051282051282007e-02
0.000000000000000000e+00 2.572115384615384359e-01 1.742788461538461453e-01 3.739316239316239476e-03 1.148504273504273587e-02
0.000000000000000000e+00 2.614850427350427498e-01 2.617521367521367659e-01 4.807692307692307959e-03 1.121794871794871799e-02
0.000000000000000000e+00 2.670049857549857686e-01 2.605502136752136932e-01 4.807692307692307959e-03 1.201923076923076990e-02
0.000000000000000000e+00 2.972756410256410242e-01 2.590811965811966044e-01 5.163817663817663398e-03 1.228632478632478604e-02
0.000000000000000000e+00 2.709223646723646906e-01 1.586538461538461453e-01 9.437321937321937332e-03 6.410256410256410034e-03
0.000000000000000000e+00 2.719017094017093794e-01 1.661324786324786251e-01 8.190883190883190695e-03 6.410256410256410034e-03
0.000000000000000000e+00 2.721688034188033956e-01 1.726762820512820484e-01 7.300569800569800365e-03 6.143162393162393022e-03
0.000000000000000000e+00 2.725249287749287874e-01 1.793536324786324798e-01 8.725071225071224720e-03 5.608974358974358997e-03
0.000000000000000000e+00 2.736823361823361722e-01 1.862980769230769273e-01 7.122507122507122646e-03 5.608974358974358997e-03
0.000000000000000000e+00 2.735042735042735318e-01 1.937767094017094072e-01 7.122507122507122646e-03 5.608974358974358997e-03
0.000000000000000000e+00 2.735933048433048520e-01 2.012553418803418870e-01 8.368945868945869282e-03 6.143162393162393022e-03
0.000000000000000000e+00 2.742165242165242045e-01 2.073985042735042861e-01 8.547008547008547868e-03 5.074786324786324972e-03
0.000000000000000000e+00 2.743945868945869004e-01 2.138087606837606736e-01 8.547008547008547868e-03 5.608974358974358997e-03
0.000000000000000000e+00 2.747507122507122368e-01 2.207532051282051211e-01 7.834757834757835257e-03 6.677350427350427046e-03
0.000000000000000000e+00 2.746616809116809166e-01 2.275641025641025605e-01 7.656695156695156670e-03 6.944444444444444059e-03
0.000000000000000000e+00 2.762642450142450135e-01 2.349091880341880323e-01 6.944444444444444059e-03 6.677350427350427046e-03
0.000000000000000000e+00 3.022613960113960108e-01 2.315705128205128305e-01 3.383190883190883170e-03 9.615384615384615918e-03
0.000000000000000000e+00 3.219373219373219408e-01 2.290331196581196493e-01 4.629629629629629373e-03 1.148504273504273587e-02
0.000000000000000000e+00 3.315527065527065775e-01 2.532051282051281937e-01 4.273504273504273934e-03 1.282051282051282007e-02
0.000000000000000000e+00 3.267450142450142314e-01 2.276976495726495686e-01 4.273504273504273934e-03 9.882478632478632063e-03
0.000000000000000000e+00 3.456196581196581130e-01 1.033653846153846090e-01 6.766381766381766340e-03 4.807692307692307959e-03
0.000000000000000000e+00 3.579950142450142314e-01 1.020299145299145283e-01 6.944444444444444059e-03 5.341880341880341984e-03
0.000000000000000000e+00 3.671652421652421561e-01 1.000267094017094072e-01 7.122507122507122646e-03 5.608974358974358997e-03
0.000000000000000000e+00 3.774038461538461453e-01 9.842414529914529642e-02 6.232193732193732315e-03 6.143162393162393022e-03
0.000000000000000000e+00 3.947649572649572502e-01 9.788995726495726413e-02 4.273504273504273934e-03 1.201923076923076990e-02
0.000000000000000000e+00 4.107905982905982745e-01 9.935897435897435293e-02 3.917378917378917629e-03 1.282051282051282007e-02
0.000000000000000000e+00 4.161324786324786529e-01 9.882478632478632063e-02 3.205128205128205017e-03 1.175213675213675202e-02
0.000000000000000000e+00 4.250356125356125614e-01 9.495192307692307265e-02 3.561253561253561323e-03 9.348290598290598039e-03
0.000000000000000000e+00 4.407051282051281937e-01 8.747329059829059283e-02 7.478632478632478951e-03 5.608974358974358997e-03
0.000000000000000000e+00 4.417735042735042583e-01 9.428418803418803229e-02 6.410256410256410034e-03 6.410256410256410034e-03
0.000000000000000000e+00 4.407941595441595695e-01 1.099091880341880323e-01 8.012820512820512109e-03 6.677350427350427046e-03
0.000000000000000000e+00 4.417735042735042583e-01 1.168536324786324798e-01 5.341880341880341984e-03 6.677350427350427046e-03
0.000000000000000000e+00 3.900462962962962798e-01 9.895833333333332871e-02 4.095441595441595348e-03 1.201923076923076990e-02
0.000000000000000000e+00 3.501602564102563875e-01 1.736111111111111049e-01 9.437321937321937332e-03 8.012820512820512109e-03
0.000000000000000000e+00 2.995014245014245291e-01 2.788461538461538547e-01 6.410256410256410034e-03 6.944444444444444059e-03
0.000000000000000000e+00 3.000356125356125614e-01 2.920673076923077094e-01 7.834757834757835257e-03 5.074786324786324972e-03
0.000000000000000000e+00 3.418803418803418870e-01 2.183493589743589758e-01 2.492877492877492839e-03 5.074786324786324972e-03
0.000000000000000000e+00 1.832264957264957139e-01 4.540598290598290426e-02 4.629629629629629373e-03 1.442307692307692388e-02
0.000000000000000000e+00 2.117165242165242045e-01 2.343750000000000000e-01 7.834757834757835257e-03 7.211538461538461939e-03
0.000000000000000000e+00 1.848290598290598385e-01 8.732638888888888395e-01 8.903133903133903307e-03 8.279914529914529989e-03
0.000000000000000000e+00 4.362535612535612534e-02 9.595352564102563875e-01 6.766381766381766340e-03 6.143162393162393022e-03
0.000000000000000000e+00 2.869480056980057148e-01 4.975961538461538547e-01 3.739316239316239476e-03 7.478632478632478951e-03
0.000000000000000000e+00 9.972400284900284628e-01 6.629273504273504036e-01 5.163817663817663398e-03 6.410256410256410034e-03
