0.000000000000000000e+00 4.513888888888888812e-02 1.088408119658119677e-01 4.095441595441595348e-03 1.469017094017094002e-02
0.000000000000000000e+00 3.881766381766382085e-02 1.368856837606837740e-01 8.190883190883190695e-03 1.522435897435897405e-02
0.000000000000000000e+00 5.395299145299145560e-02 1.573183760683760646e-01 6.054131054131053728e-03 1.335470085470085409e-02
0.000000000000000000e+00 5.484330484330484506e-02 1.709401709401709435e-01 6.054131054131053728e-03 1.175213675213675202e-02
0.000000000000000000e+00 2.768874643874643868e-02 2.642895299145299193e-01 1.014957264957264994e-02 7.745726495726495964e-03
0.000000000000000000e+00 7.603276353276353094e-02 2.264957264957264960e-01 9.971509971509971357e-03 8.547008547008547868e-03
0.000000000000000000e+00 8.805199430199429911e-02 2.284989316239316171e-01 7.300569800569800365e-03 7.211538461538461939e-03
0.000000000000000000e+00 9.846866096866097040e-02 2.303685897435897301e-01 9.971509971509971357e-03 8.279914529914529989e-03
0.000000000000000000e+00 1.120904558404558354e-01 2.333066239316239354e-01 8.368945868945869282e-03 7.745726495726495964e-03
0.000000000000000000e+00 1.339921652421652287e-01 2.387820512820512941e-01 1.050569800569800538e-02 8.547008547008547868e-03
0.000000000000000000e+00 1.450320512820512941e-01 2.417200854700854717e-01 1.086182336182336255e-02 9.615384615384615918e-03
0.000000000000000000e+00 1.128917378917378977e-01 2.761752136752136932e-01 1.032763532763532680e-02 9.081196581196581893e-03
0.000000000000000000e+00 1.244658119658119677e-01 2.792467948717948789e-01 8.190883190883190695e-03 7.745726495726495964e-03
0.000000000000000000e+00 1.546474358974359031e-01 1.522435897435897405e-02 5.519943019943019703e-03 1.655982905982905998e-02
0.000000000000000000e+00 1.563390313390313480e-01 2.991452991452991581e-02 4.629629629629629373e-03 1.228632478632478604e-02
0.000000000000000000e+00 1.577635327635327767e-01 4.967948717948717646e-02 4.273504273504273934e-03 1.121794871794871799e-02
0.000000000000000000e+00 1.614138176638176547e-01 9.014423076923076816e-02 6.232193732193732315e-03 1.896367521367521222e-02
0.000000000000000000e+00 1.404024216524216440e-01 1.197916666666666713e-01 7.656695156695156670e-03 7.745726495726495964e-03
0.000000000000000000e+00 1.697827635327635309e-01 1.657318376068376009e-01 5.519943019943019703e-03 1.255341880341880392e-02
0.000000000000000000e+00 1.729878917378917247e-01 2.068643162393162260e-01 4.807692307692307959e-03 1.415598290598290600e-02
0.000000000000000000e+00 1.713853276353276278e-01 1.887019230769230727e-01 4.451566951566951653e-03 1.095085470085470011e-02
0.000000000000000000e+00 2.053062678062678170e-01 2.474626068376068466e-01 5.341880341880341984e-03 1.629273504273504383e-02
0.000000000000000000e+00 2.118055555555555525e-01 2.924679487179487336e-01 9.793447293447292770e-03 8.547008547008547868e-03
0.000000000000000000e+00 1.558048433048433157e-01 2.888621794871794601e-01 9.971509971509971357e-03 8.279914529914529989e-03
0.000000000000000000e+00 2.950498575498575748e-01 1.095085470085470011e-02 9.615384615384615918e-03 9.615384615384615918e-03
0.000000000000000000e+00 2.951388888888888951e-01 2.096688034188034025e-02 1.264245014245014322e-02 9.348290598290598039e-03
0.000000000000000000e+00 2.982549857549857686e-01 3.632478632478632757e-02 9.259259259259258745e-03 8.012820512820512109e-03
0.000000000000000000e+00 2.990562678062678170e-01 4.353632478632478431e-02 9.437321937321937332e-03 6.410256410256410034e-03
0.000000000000000000e+00 3.003027065527065775e-01 5.582264957264957556e-02 9.437321937321937332e-03 8.547008547008547868e-03
0.000000000000000000e+00 3.014601139601139623e-01 6.343482905982905651e-02 9.259259259259258745e-03 8.279914529914529989e-03
0.000000000000000000e+00 3.024394586894587067e-01 7.598824786324785696e-02 8.725071225071224720e-03 7.211538461538461939e-03
0.000000000000000000e+00 3.785612535612535856e-01 1.762820512820512803e-02 5.698005698005698290e-03 1.282051282051282007e-02
0.000000000000000000e+00 3.715277777777777901e-01 6.824252136752136100e-02 5.519943019943019703e-03 1.255341880341880392e-02
0.000000000000000000e+00 3.135683760683760646e-01 1.618589743589743668e-01 4.985754985754985678e-03 1.495726495726495790e-02
0.000000000000000000e+00 3.182870370370370350e-01 1.634615384615384637e-01 4.095441595441595348e-03 1.282051282051282007e-02
0.000000000000000000e+00 3.231837606837607013e-01 1.634615384615384637e-01 4.629629629629629373e-03 1.282051282051282007e-02
0.000000000000000000e+00 3.281695156695156879e-01 1.634615384615384637e-01 4.629629629629629373e-03 1.602564102564102422e-02
0.000000000000000000e+00 3.677884615384615641e-01 1.591880341880341776e-01 4.807692307692307959e-03 1.335470085470085409e-02
0.000000000000000000e+00 3.690349002849002691e-01 1.845619658119658224e-01 4.451566951566951653e-03 9.615384615384615918e-03
0.000000000000000000e+00 3.710826210826210780e-01 2.084668803418803507e-01 4.273504273504273934e-03 9.882478632478632063e-03
0.000000000000000000e+00 3.506944444444444198e-01 2.561431623931623713e-01 4.451566951566951653e-03 1.228632478632478604e-02
0.000000000000000000e+00 3.449074074074073848e-01 2.569444444444444198e-01 4.273504273504273934e-03 1.068376068376068397e-02
0.000000000000000000e+00 3.447293447293447444e-01 2.995459401709401615e-01 9.259259259259258745e-03 6.143162393162393022e-03
0.000000000000000000e+00 4.549501424501424252e-01 9.001068376068376009e-02 7.834757834757835257e-03 9.081196581196581893e-03
0.000000000000000000e+00 4.642984330484330457e-01 2.087339743589743668e-01 5.519943019943019703e-03 1.255341880341880392e-02
0.000000000000000000e+00 4.701745014245014009e-01 2.060630341880341776e-01 6.588319088319088621e-03 1.415598290598290600e-02
0.000000000000000000e+00 4.245014245014245291e-01 2.839209401709401615e-01 9.259259259259258745e-03 7.478632478632478951e-03
0.000000000000000000e+00 4.180021367521367659e-01 3.174412393162392987e-01 1.050569800569800538e-02 9.882478632478632063e-03
0.000000000000000000e+00 4.272613960113960108e-01 3.146367521367521292e-01 7.300569800569800365e-03 6.410256410256410034e-03
0.000000000000000000e+00 4.570868945868946098e-01 3.036858974358974117e-01 1.032763532763532680e-02 8.547008547008547868e-03
0.000000000000000000e+00 4.690170940170940161e-01 2.999465811965811857e-01 7.478632478632478951e-03 7.478632478632478951e-03
0.000000000000000000e+00 4.902955840455840431e-01 3.185096153846153633e-01 5.519943019943019703e-03 1.469017094017094002e-02
0.000000000000000000e+00 4.491631054131053902e-01 3.345352564102563875e-01 5.163817663817663398e-03 1.415598290598290600e-02
0.000000000000000000e+00 5.266203703703703498e-01 1.542467948717948789e-01 5.876068376068376009e-03 1.415598290598290600e-02
0.000000000000000000e+00 5.202101139601139623e-01 2.796474358974359031e-01 7.300569800569800365e-03 8.012820512820512109e-03
0.000000000000000000e+00 5.879629629629629095e-01 2.471955128205128305e-01 7.122507122507122646e-03 6.143162393162393022e-03
0.000000000000000000e+00 6.038105413105413488e-01 3.708600427350427498e-01 9.615384615384615918e-03 1.201923076923076990e-02
0.000000000000000000e+00 6.078169515669515910e-01 3.782051282051281937e-01 8.368945868945869282e-03 1.388888888888888812e-02
0.000000000000000000e+00 6.795762108262107803e-01 2.290331196581196493e-01 1.050569800569800538e-02 8.814102564102564014e-03
0.000000000000000000e+00 7.798254985754985436e-01 2.848557692307692180e-01 8.725071225071224720e-03 9.348290598290598039e-03
0.000000000000000000e+00 7.605947293447293811e-01 2.895299145299145560e-01 7.656695156695156670e-03 8.012820512820512109e-03
0.000000000000000000e+00 7.743945868945868449e-01 2.962072649572649596e-01 7.834757834757835257e-03 8.547008547008547868e-03
0.000000000000000000e+00 7.899750712250712681e-01 3.026175213675213471e-01 1.228632478632478604e-02 1.228632478632478604e-02
0.000000000000000000e+00 8.118767806267805920e-01 3.138354700854700807e-01 8.725071225071224720e-03 9.615384615384615918e-03
0.000000000000000000e+00 8.220263532763533165e-01 3.201121794871794601e-01 9.437321937321937332e-03 9.348290598290598039e-03
0.000000000000000000e+00 7.963853276353276556e-01 1.885683760683760646e-01 6.232193732193732315e-03 1.388888888888888812e-02
0.000000000000000000e+00 7.940705128205127750e-01 2.051282051282051211e-01 6.944444444444444059e-03 1.549145299145299193e-02
0.000000000000000000e+00 7.829415954415954726e-01 2.081997863247863345e-01 6.766381766381766340e-03 1.575854700854700807e-02
0.000000000000000000e+00 9.539707977207977363e-01 1.179220085470085444e-01 8.368945868945869282e-03 8.814102564102564014e-03
0.000000000000000000e+00 9.073183760683760646e-01 3.035523504273504036e-01 1.050569800569800538e-02 1.095085470085470011e-02
0.000000000000000000e+00 8.715277777777777901e-01 3.497596153846153633e-01 6.944444444444444059e-03 8.279914529914529989e-03
0.000000000000000000e+00 9.138176638176638278e-01 3.625801282051281937e-01 1.068376068376068397e-02 1.201923076923076990e-02
0.000000000000000000e+00 9.480947293447293811e-01 3.534989316239316448e-01 1.086182336182336255e-02 1.041666666666666609e-02
0.000000000000000000e+00 9.975961538461538547e-01 4.388354700854700807e-01 4.451566951566951653e-03 8.547008547008547868e-03
0.000000000000000000e+00 9.047364672364672789e-01 2.733707264957264682e-01 6.054131054131053728e-03 1.148504273504273587e-02
0.000000000000000000e+00 8.714387464387464144e-01 2.557425213675213471e-01 7.122507122507122646e-03 1.522435897435897405e-02
0.000000000000000000e+00 7.093126780626780592e-01 3.935630341880341776e-01 5.519943019943019703e-03 1.148504273504273587e-02
0.000000000000000000e+00 7.240028490028490582e-01 4.650106837606837740e-01 5.698005698005698290e-03 1.228632478632478604e-02
0.000000000000000000e+00 7.309472934472934780e-01 4.957264957264957417e-01 6.410256410256410034e-03 1.388888888888888812e-02
0.000000000000000000e+00 7.465277777777777901e-01 5.598290598290598385e-01 6.232193732193732315e-03 1.388888888888888812e-02
0.000000000000000000e+00 7.625534188034187588e-01 6.173878205128204844e-01 6.588319088319088621e-03 1.415598290598290600e-02
0.000000000000000000e+00 7.663817663817663606e-01 6.308760683760683552e-01 6.054131054131053728e-03 1.388888888888888812e-02
0.000000000000000000e+00 8.363603988603988126e-01 6.380876068376067911e-01 8.903133903133903307e-03 9.081196581196581893e-03
0.000000000000000000e+00 8.371616809116808611e-01 6.469017094017094349e-01 7.300569800569800365e-03 7.478632478632478951e-03
0.000000000000000000e+00 8.354700854700854995e-01 6.626602564102563875e-01 8.190883190883190695e-03 8.547008547008547868e-03
0.000000000000000000e+00 7.859686609686609149e-01 6.980502136752136932e-01 7.122507122507122646e-03 1.362179487179487197e-02
0.000000000000000000e+00 7.955840455840456071e-01 7.290331196581196771e-01 7.122507122507122646e-03 1.362179487179487197e-02
0.000000000000000000e+00 7.663817663817663606e-01 7.063301282051281937e-01 7.122507122507122646e-03 1.469017094017094002e-02
0.000000000000000000e+00 7.574786324786324521e-01 7.276976495726495964e-01 8.547008547008547868e-03 7.211538461538461939e-03
0.000000000000000000e+00 7.490206552706553111e-01 7.398504273504273865e-01 9.793447293447292770e-03 8.547008547008547868e-03
0.000000000000000000e+00 7.504451566951566566e-01 7.466613247863247427e-01 1.050569800569800538e-02 8.814102564102564014e-03
0.000000000000000000e+00 7.616631054131054457e-01 7.494658119658119677e-01 8.012820512820512109e-03 7.478632478632478951e-03
0.000000000000000000e+00 8.073361823361823175e-01 7.958066239316239354e-01 7.834757834757835257e-03 8.814102564102564014e-03
0.000000000000000000e+00 7.759081196581196771e-01 8.179754273504273865e-01 7.656695156695156670e-03 1.415598290598290600e-02
0.000000000000000000e+00 7.637108262108261991e-01 8.453525641025640969e-01 6.766381766381766340e-03 1.175213675213675202e-02
0.000000000000000000e+00 7.562321937321937471e-01 8.641826923076922906e-01 6.766381766381766340e-03 1.201923076923076990e-02
0.000000000000000000e+00 7.223112535612535856e-01 8.826121794871795156e-01 9.081196581196581893e-03 1.095085470085470011e-02
0.000000000000000000e+00 7.288995726495726135e-01 8.884882478632478708e-01 6.944444444444444059e-03 1.201923076923076990e-02
0.000000000000000000e+00 7.330840455840456071e-01 8.916933760683760646e-01 6.410256410256410034e-03 1.201923076923076990e-02
0.000000000000000000e+00 7.464387464387464144e-01 8.823450854700854995e-01 7.478632478632478951e-03 1.415598290598290600e-02
0.000000000000000000e+00 7.232905982905982745e-01 9.867788461538461453e-01 7.834757834757835257e-03 1.095085470085470011e-02
0.000000000000000000e+00 7.161680911680912143e-01 9.797008547008546619e-01 8.190883190883190695e-03 1.014957264957264994e-02
0.000000000000000000e+00 7.069978632478632896e-01 9.706196581196581130e-01 8.368945868945869282e-03 1.014957264957264994e-02
0.000000000000000000e+00 6.890135327635327211e-01 9.759615384615384359e-01 8.012820512820512109e-03 9.615384615384615918e-03
0.000000000000000000e+00 6.922186609686609149e-01 9.565972222222222099e-01 9.437321937321937332e-03 1.255341880341880392e-02
0.000000000000000000e+00 6.829594017094017255e-01 9.475160256410256610e-01 9.081196581196581893e-03 1.201923076923076990e-02
0.000000000000000000e+00 6.684472934472934780e-01 9.557959401709401615e-01 8.903133903133903307e-03 1.095085470085470011e-02
0.000000000000000000e+00 6.498397435897436125e-01 9.360309829059828557e-01 7.656695156695156670e-03 9.882478632478632063e-03
0.000000000000000000e+00 6.567841880341880323e-01 9.210737179487179516e-01 1.014957264957264994e-02 1.362179487179487197e-02
0.000000000000000000e+00 6.469017094017094349e-01 9.106570512820513219e-01 8.547008547008547868e-03 1.201923076923076990e-02
0.000000000000000000e+00 6.424501424501424252e-01 9.281517094017094349e-01 7.834757834757835257e-03 1.014957264957264994e-02
0.000000000000000000e+00 6.328347578347578439e-01 9.206730769230768718e-01 8.547008547008547868e-03 1.175213675213675202e-02
0.000000000000000000e+00 6.746794871794872250e-01 9.843750000000000000e-01 7.122507122507122646e-03 1.255341880341880392e-02
0.000000000000000000e+00 6.357727920227920215e-01 8.993055555555555802e-01 7.300569800569800365e-03 9.615384615384615918e-03
0.000000000000000000e+00 6.258903133903134242e-01 8.894230769230768718e-01 8.547008547008547868e-03 1.175213675213675202e-02
0.000000000000000000e+00 6.158297720797720753e-01 8.791399572649573058e-01 7.300569800569800365e-03 9.882478632478632063e-03
0.000000000000000000e+00 5.933938746438746081e-01 8.810096153846154188e-01 9.437321937321937332e-03 1.255341880341880392e-02
0.000000000000000000e+00 5.839565527065526673e-01 8.700587606837606458e-01 9.437321937321937332e-03 1.201923076923076990e-02
0.000000000000000000e+00 5.737179487179486781e-01 8.601762820512820484e-01 7.478632478632478951e-03 9.348290598290598039e-03
0.000000000000000000e+00 5.780804843304843121e-01 8.420138888888888395e-01 7.656695156695156670e-03 9.882478632478632063e-03
0.000000000000000000e+00 5.499465811965812412e-01 8.130341880341880323e-01 8.368945868945869282e-03 1.068376068376068397e-02
0.000000000000000000e+00 5.685541310541311066e-01 8.321314102564102422e-01 7.478632478632478951e-03 1.041666666666666609e-02
0.000000000000000000e+00 5.197649572649573058e-01 8.325320512820513219e-01 7.478632478632478951e-03 1.442307692307692388e-02
0.000000000000000000e+00 5.188746438746438816e-01 8.867521367521367104e-01 6.410256410256410034e-03 1.121794871794871799e-02
0.000000000000000000e+00 5.125534188034187588e-01 9.003739316239316448e-01 7.656695156695156670e-03 1.335470085470085409e-02
0.000000000000000000e+00 5.028490028490028019e-01 9.141292735042735318e-01 6.766381766381766340e-03 1.148504273504273587e-02
0.000000000000000000e+00 5.005341880341880323e-01 7.694978632478632896e-01 7.834757834757835257e-03 9.615384615384615918e-03
0.000000000000000000e+00 4.761396011396011319e-01 7.725694444444444198e-01 9.971509971509971357e-03 1.148504273504273587e-02
0.000000000000000000e+00 4.767628205128205399e-01 7.521367521367521292e-01 1.014957264957264994e-02 1.068376068376068397e-02
0.000000000000000000e+00 4.545049857549857686e-01 7.549412393162393542e-01 8.012820512820512109e-03 1.041666666666666609e-02
0.000000000000000000e+00 4.414173789173789220e-01 7.232905982905982745e-01 8.547008547008547868e-03 1.014957264957264994e-02
0.000000000000000000e+00 4.431089743589743390e-01 7.463942307692307265e-01 9.793447293447292770e-03 1.095085470085470011e-02
0.000000000000000000e+00 4.331374643874643660e-01 7.385149572649573058e-01 1.050569800569800538e-02 1.121794871794871799e-02
0.000000000000000000e+00 4.273504273504273310e-01 7.124732905982905651e-01 9.259259259259258745e-03 1.095085470085470011e-02
0.000000000000000000e+00 4.209401709401709435e-01 7.295673076923077094e-01 1.032763532763532680e-02 1.201923076923076990e-02
0.000000000000000000e+00 4.117699430199430188e-01 7.211538461538461453e-01 8.012820512820512109e-03 1.068376068376068397e-02
0.000000000000000000e+00 4.124821937321937471e-01 7.003205128205127750e-01 7.656695156695156670e-03 9.081196581196581893e-03
0.000000000000000000e+00 4.008190883190883014e-01 7.130074786324785974e-01 8.190883190883190695e-03 1.041666666666666609e-02
0.000000000000000000e+00 3.746438746438746636e-01 6.929754273504273865e-01 7.834757834757835257e-03 9.348290598290598039e-03
0.000000000000000000e+00 3.687678062678062529e-01 6.663995726495726135e-01 8.903133903133903307e-03 1.014957264957264994e-02
0.000000000000000000e+00 3.535434472934472772e-01 6.756143162393162260e-01 1.050569800569800538e-02 1.148504273504273587e-02
0.000000000000000000e+00 2.931801994301994063e-01 5.889423076923077094e-01 7.300569800569800365e-03 1.282051282051282007e-02
0.000000000000000000e+00 3.162393162393162260e-01 6.255341880341880323e-01 9.615384615384615918e-03 1.014957264957264994e-02
0.000000000000000000e+00 3.131232193732193525e-01 6.442307692307692735e-01 8.368945868945869282e-03 1.014957264957264994e-02
0.000000000000000000e+00 3.076923076923077094e-01 7.156784188034187588e-01 7.478632478632478951e-03 8.279914529914529989e-03
0.000000000000000000e+00 3.031517094017093794e-01 7.495993589743589203e-01 1.014957264957264994e-02 1.362179487179487197e-02
0.000000000000000000e+00 2.635327635327635587e-01 6.619925213675214026e-01 6.054131054131053728e-03 1.148504273504273587e-02
0.000000000000000000e+00 2.589031339031339085e-01 6.762820512820513219e-01 6.766381766381766340e-03 1.388888888888888812e-02
0.000000000000000000e+00 2.264957264957264960e-01 7.832532051282051766e-01 4.629629629629629373e-03 1.415598290598290600e-02
0.000000000000000000e+00 2.256944444444444475e-01 8.011485042735042583e-01 5.876068376068376009e-03 1.362179487179487197e-02
0.000000000000000000e+00 2.139423076923076816e-01 8.453525641025640969e-01 5.163817663817663398e-03 1.282051282051282007e-02
0.000000000000000000e+00 2.075320512820512941e-01 8.774038461538461453e-01 6.944444444444444059e-03 1.228632478632478604e-02
0.000000000000000000e+00 1.906160968660968735e-01 9.572649572649573058e-01 5.519943019943019703e-03 1.388888888888888812e-02
0.000000000000000000e+00 1.929309116809116709e-01 9.732905982905982745e-01 5.519943019943019703e-03 1.228632478632478604e-02
0.000000000000000000e+00 5.827101139601139623e-01 7.184829059829059839e-01 6.588319088319088621e-03 1.175213675213675202e-02
0.000000000000000000e+00 5.761217948717948234e-01 7.122061965811965489e-01 7.300569800569800365e-03 1.362179487179487197e-02
0.000000000000000000e+00 5.710470085470085166e-01 7.075320512820513219e-01 6.766381766381766340e-03 1.335470085470085409e-02
0.000000000000000000e+00 5.642806267806267373e-01 7.001869658119658224e-01 7.478632478632478951e-03 1.415598290598290600e-02
0.000000000000000000e+00 5.508368945868945543e-01 6.861645299145299193e-01 7.300569800569800365e-03 1.335470085470085409e-02
0.000000000000000000e+00 5.450498575498575748e-01 6.826923076923077094e-01 7.834757834757835257e-03 1.442307692307692388e-02
0.000000000000000000e+00 5.292022792022792466e-01 6.677350427350426942e-01 6.410256410256410034e-03 1.175213675213675202e-02
0.000000000000000000e+00 5.221688034188034511e-01 6.615918803418803229e-01 6.588319088319088621e-03 1.228632478632478604e-02
0.000000000000000000e+00 4.947471509971509973e-01 6.339476495726495964e-01 6.232193732193732315e-03 1.148504273504273587e-02
0.000000000000000000e+00 5.145121082621082476e-01 6.526442307692307265e-01 6.944444444444444059e-03 1.362179487179487197e-02
0.000000000000000000e+00 3.913817663817663606e-01 3.516292735042735318e-01 5.341880341880341984e-03 1.736111111111111188e-02
0.000000000000000000e+00 3.788283475783476018e-01 3.584401709401709435e-01 5.519943019943019703e-03 1.602564102564102422e-02
0.000000000000000000e+00 3.781160968660968735e-01 3.741987179487179516e-01 4.451566951566951653e-03 1.228632478632478604e-02
0.000000000000000000e+00 3.835470085470085722e-01 4.013087606837607013e-01 6.766381766381766340e-03 1.362179487179487197e-02
0.000000000000000000e+00 6.616809116809116986e-01 4.803685897435897578e-01 9.259259259259258745e-03 8.279914529914529989e-03
0.000000000000000000e+00 6.617699430199430743e-01 4.875801282051281937e-01 7.300569800569800365e-03 7.745726495726495964e-03
0.000000000000000000e+00 2.123397435897435848e-01 4.797008547008547175e-01 5.519943019943019703e-03 1.495726495726495790e-02
0.000000000000000000e+00 2.183048433048433157e-01 4.771634615384615641e-01 6.054131054131053728e-03 1.522435897435897405e-02
0.000000000000000000e+00 2.275641025641025605e-01 4.752938034188033956e-01 5.341880341880341984e-03 1.469017094017094002e-02
0.000000000000000000e+00 3.383190883190883014e-01 4.798344017094017255e-01 6.410256410256410034e-03 1.201923076923076990e-02
0.000000000000000000e+00 3.328881766381766583e-01 4.930555555555555802e-01 6.944444444444444059e-03 1.282051282051282007e-02
0.000000000000000000e+00 3.337784900284900269e-01 5.202991452991453381e-01 6.232193732193732315e-03 1.335470085470085409e-02
0.000000000000000000e+00 3.581730769230769273e-01 4.619391025641025883e-01 6.588319088319088621e-03 1.201923076923076990e-02
0.000000000000000000e+00 3.458867521367521292e-01 4.915865384615384359e-01 5.519943019943019703e-03 1.095085470085470011e-02
0.000000000000000000e+00 3.600427350427350404e-01 4.273504273504273310e-01 7.122507122507122646e-03 1.388888888888888812e-02
0.000000000000000000e+00 1.740562678062678170e-01 3.386752136752136932e-01 5.519943019943019703e-03 1.388888888888888812e-02
0.000000000000000000e+00 1.753917378917378977e-01 3.567040598290598385e-01 5.341880341880341984e-03 1.415598290598290600e-02
0.000000000000000000e+00 1.785078347578347713e-01 3.779380341880341776e-01 5.163817663817663398e-03 1.282051282051282007e-02
0.000000000000000000e+00 1.813568376068376009e-01 4.101228632478632341e-01 5.876068376068376009e-03 1.575854700854700807e-02
0.000000000000000000e+00 2.134971509971509973e-01 6.335470085470085166e-01 4.985754985754985678e-03 1.495726495726495790e-02
0.000000000000000000e+00 2.198183760683760646e-01 6.943108974358974672e-01 5.876068376068376009e-03 1.415598290598290600e-02
0.000000000000000000e+00 2.119836182336182206e-01 7.048611111111111605e-01 5.876068376068376009e-03 1.495726495726495790e-02
0.000000000000000000e+00 2.144764957264957139e-01 6.555822649572649041e-01 8.725071225071224720e-03 2.377136752136752018e-02
0.000000000000000000e+00 1.892806267806267928e-01 6.499732905982905651e-01 4.629629629629629373e-03 1.095085470085470011e-02
0.000000000000000000e+00 1.941773504273504314e-01 6.509081196581196771e-01 4.451566951566951653e-03 1.282051282051282007e-02
0.000000000000000000e+00 1.843839031339031265e-01 6.526442307692307265e-01 5.163817663817663398e-03 1.255341880341880392e-02
0.000000000000000000e+00 2.040598290598290565e-01 5.498130341880341776e-01 5.341880341880341984e-03 1.362179487179487197e-02
0.000000000000000000e+00 5.368589743589743252e-02 9.453792735042735318e-01 8.725071225071224720e-03 8.814102564102564014e-03
0.000000000000000000e+00 6.152065527065526951e-02 9.397702991452991927e-01 7.300569800569800365e-03 8.279914529914529989e-03
0.000000000000000000e+00 7.024572649572649596e-02 9.330929487179486781e-01 9.437321937321937332e-03 9.882478632478632063e-03
0.000000000000000000e+00 9.953703703703703498e-02 9.444444444444444198e-01 5.698005698005698290e-03 1.228632478632478604e-02
0.000000000000000000e+00 1.075498575498575471e-01 9.138621794871795156e-01 9.615384615384615918e-03 9.348290598290598039e-03
0.000000000000000000e+00 1.264245014245014287e-01 9.063835470085470636e-01 8.547008547008547868e-03 8.814102564102564014e-03
0.000000000000000000e+00 1.099537037037037063e-01 9.392361111111111605e-01 6.944444444444444059e-03 1.308760683760683795e-02
0.000000000000000000e+00 1.185897435897435848e-01 9.368322649572649041e-01 6.054131054131053728e-03 1.362179487179487197e-02
0.000000000000000000e+00 1.263354700854700807e-01 9.344284188034187588e-01 5.876068376068376009e-03 1.308760683760683795e-02
0.000000000000000000e+00 1.427172364672364691e-01 7.644230769230768718e-01 5.876068376068376009e-03 1.495726495726495790e-02
0.000000000000000000e+00 1.555377492877492995e-01 7.780448717948718063e-01 5.519943019943019703e-03 1.549145299145299193e-02
0.000000000000000000e+00 1.461894586894586789e-01 8.084935897435897578e-01 7.834757834757835257e-03 1.976495726495726413e-02
0.000000000000000000e+00 1.510861823361823453e-01 8.245192307692307265e-01 5.163817663817663398e-03 1.175213675213675202e-02
0.000000000000000000e+00 7.478632478632478951e-03 9.201388888888888395e-01 8.903133903133903307e-03 1.442307692307692388e-02
0.000000000000000000e+00 1.424501424501424529e-02 9.383012820512820484e-01 7.122507122507122646e-03 1.282051282051282007e-02
0.000000000000000000e+00 6.276709401709401615e-02 7.148771367521367104e-01 7.656695156695156670e-03 1.629273504273504383e-02
0.000000000000000000e+00 7.380698005698005382e-02 7.314369658119658224e-01 5.519943019943019703e-03 1.469017094017094002e-02
0.000000000000000000e+00 6.383547008547008073e-02 7.487980769230768718e-01 9.793447293447292770e-03 9.348290598290598039e-03
0.000000000000000000e+00 8.751780626780626682e-02 7.419871794871795156e-01 9.437321937321937332e-03 8.547008547008547868e-03
0.000000000000000000e+00 1.087072649572649596e-01 7.335737179487179516e-01 8.012820512820512109e-03 8.279914529914529989e-03
0.000000000000000000e+00 2.394943019943019877e-02 6.661324786324785974e-01 1.228632478632478604e-02 1.121794871794871799e-02
0.000000000000000000e+00 1.887464387464387466e-02 6.903044871794872250e-01 7.478632478632478951e-03 7.211538461538461939e-03
0.000000000000000000e+00 2.822293447293447444e-02 6.858974358974359031e-01 1.264245014245014322e-02 1.175213675213675202e-02
0.000000000000000000e+00 1.344373219373219408e-01 6.862980769230768718e-01 5.698005698005698290e-03 7.211538461538461939e-03
0.000000000000000000e+00 1.355947293447293533e-01 6.937767094017094349e-01 6.232193732193732315e-03 6.143162393162393022e-03
0.000000000000000000e+00 1.364850427350427220e-01 7.011217948717948234e-01 6.944444444444444059e-03 6.944444444444444059e-03
0.000000000000000000e+00 1.372863247863247982e-01 7.079326923076922906e-01 7.122507122507122646e-03 6.677350427350427046e-03
0.000000000000000000e+00 1.115562678062678031e-01 6.395566239316239354e-01 5.519943019943019703e-03 1.255341880341880392e-02
0.000000000000000000e+00 1.264245014245014287e-01 6.406250000000000000e-01 5.698005698005698290e-03 6.143162393162393022e-03
0.000000000000000000e+00 1.274038461538461453e-01 6.481036324786324521e-01 5.876068376068376009e-03 7.745726495726495964e-03
0.000000000000000000e+00 1.286502849002849058e-01 6.551816239316239354e-01 8.725071225071224720e-03 6.944444444444444059e-03
0.000000000000000000e+00 1.298967236467236386e-01 6.618589743589743390e-01 6.232193732193732315e-03 6.410256410256410034e-03
0.000000000000000000e+00 1.044337606837606874e-01 5.568910256410256610e-01 6.588319088319088621e-03 1.228632478632478604e-02
0.000000000000000000e+00 1.075498575498575471e-01 5.733173076923077094e-01 6.410256410256410034e-03 1.469017094017094002e-02
0.000000000000000000e+00 1.106659544159544206e-01 5.902777777777777901e-01 6.232193732193732315e-03 1.549145299145299193e-02
0.000000000000000000e+00 1.231303418803418870e-01 5.990918803418803229e-01 6.232193732193732315e-03 1.335470085470085409e-02
0.000000000000000000e+00 1.080840455840455794e-01 5.271100427350426942e-01 7.478632478632478951e-03 1.629273504273504383e-02
0.000000000000000000e+00 1.013176638176638139e-01 5.381944444444444198e-01 6.410256410256410034e-03 1.335470085470085409e-02
0.000000000000000000e+00 9.748931623931623991e-02 5.158920940170940161e-01 5.876068376068376009e-03 1.308760683760683795e-02
0.000000000000000000e+00 9.419515669515669820e-02 4.983974358974359031e-01 6.054131054131053728e-03 1.335470085470085409e-02
0.000000000000000000e+00 9.214743589743590313e-02 4.823717948717948789e-01 6.944444444444444059e-03 1.388888888888888812e-02
0.000000000000000000e+00 8.769586894586894887e-02 4.563301282051281937e-01 5.876068376068376009e-03 1.362179487179487197e-02
0.000000000000000000e+00 8.253205128205128027e-02 4.172008547008547175e-01 6.232193732193732315e-03 1.495726495726495790e-02
0.000000000000000000e+00 8.564814814814815380e-02 4.416399572649572502e-01 6.410256410256410034e-03 1.629273504273504383e-02
0.000000000000000000e+00 7.184829059829059283e-02 3.890224358974359031e-01 8.368945868945869282e-03 1.255341880341880392e-02
0.000000000000000000e+00 7.069088319088319416e-02 3.835470085470085722e-01 7.122507122507122646e-03 1.014957264957264994e-02
0.000000000000000000e+00 6.988960113960114573e-02 3.747329059829059839e-01 7.656695156695156670e-03 1.282051282051282007e-02
0.000000000000000000e+00 3.703703703703703498e-02 4.264155982905982745e-01 4.985754985754985678e-03 1.255341880341880392e-02
0.000000000000000000e+00 4.077635327635327489e-02 4.253472222222222099e-01 4.629629629629629373e-03 1.148504273504273587e-02
0.000000000000000000e+00 4.496082621082621300e-02 4.242788461538461453e-01 4.451566951566951653e-03 1.308760683760683795e-02
0.000000000000000000e+00 4.852207977207977085e-02 4.234775641025640969e-01 4.095441595441595348e-03 1.201923076923076990e-02
0.000000000000000000e+00 5.226139601139601076e-02 4.218750000000000000e-01 5.519943019943019703e-03 1.362179487179487197e-02
0.000000000000000000e+00 1.219729344729344675e-02 4.349626068376068466e-01 4.807692307692307959e-03 1.308760683760683795e-02
0.000000000000000000e+00 1.682692307692307612e-02 4.342948717948718063e-01 5.163817663817663398e-03 1.228632478632478604e-02
0.000000000000000000e+00 2.136752136752136794e-02 4.325587606837607013e-01 6.054131054131053728e-03 1.415598290598290600e-02
0.000000000000000000e+00 5.430911680911680584e-02 3.282585470085470081e-01 9.259259259259258745e-03 8.012820512820512109e-03
0.000000000000000000e+00 5.626780626780626682e-02 3.465544871794871695e-01 9.615384615384615918e-03 9.348290598290598039e-03
0.000000000000000000e+00 5.742521367521367243e-02 3.547008547008547175e-01 8.725071225071224720e-03 6.944444444444444059e-03
0.000000000000000000e+00 6.686253561253560629e-02 3.593750000000000000e-01 6.944444444444444059e-03 1.362179487179487197e-02
0.000000000000000000e+00 6.846509971509971704e-02 3.688568376068376287e-01 7.656695156695156670e-03 1.175213675213675202e-02
0.000000000000000000e+00 2.493767806267806197e-01 3.026175213675213471e-01 1.014957264957264994e-02 8.012820512820512109e-03
0.000000000000000000e+00 2.408297720797720753e-01 3.127670940170940161e-01 9.793447293447292770e-03 9.081196581196581893e-03
0.000000000000000000e+00 6.199252136752136932e-01 7.608173076923077094e-01 7.300569800569800365e-03 1.255341880341880392e-02
0.000000000000000000e+00 3.205128205128205017e-03 2.417200854700854787e-02 5.698005698005698290e-03 6.677350427350427046e-03
0.000000000000000000e+00 9.245904558404558493e-01 4.058493589743589758e-01 7.656695156695156670e-03 1.415598290598290600e-02
