0.000000000000000000e+00 2.362001424501424529e-01 4.863782051282051211e-01 5.876068376068376009e-03 1.228632478632478604e-02
0.000000000000000000e+00 2.439458689458689489e-01 5.029380341880341776e-01 7.478632478632478951e-03 5.876068376068376009e-03
0.000000000000000000e+00 2.441239316239316171e-01 4.961271367521367659e-01 8.190883190883190695e-03 5.074786324786324972e-03
0.000000000000000000e+00 2.526709401709401615e-01 4.969284188034188143e-01 8.190883190883190695e-03 6.143162393162393022e-03
0.000000000000000000e+00 2.518696581196581130e-01 4.692841880341880323e-01 4.451566951566951653e-03 1.282051282051282007e-02
0.000000000000000000e+00 2.337072649572649596e-01 4.499198717948718063e-01 3.739316239316239476e-03 1.255341880341880392e-02
0.000000000000000000e+00 2.662927350427350404e-01 4.831730769230769273e-01 4.095441595441595348e-03 1.228632478632478604e-02
0.000000000000000000e+00 2.707443019943019946e-01 4.850427350427350404e-01 4.095441595441595348e-03 1.175213675213675202e-02
0.000000000000000000e+00 2.575676638176638278e-01 5.277777777777777901e-01 4.095441595441595348e-03 1.175213675213675202e-02
0.000000000000000000e+00 2.532051282051281937e-01 5.273771367521367104e-01 3.561253561253561323e-03 1.308760683760683795e-02
0.000000000000000000e+00 2.404736467236467112e-01 5.284455128205127750e-01 3.739316239316239476e-03 1.041666666666666609e-02
0.000000000000000000e+00 2.360220797720797847e-01 5.267094017094017255e-01 4.451566951566951653e-03 1.388888888888888812e-02
0.000000000000000000e+00 2.312143874643874664e-01 5.285790598290598385e-01 3.739316239316239476e-03 1.068376068376068397e-02
0.000000000000000000e+00 2.240918803418803507e-01 4.877136752136752018e-01 6.944444444444444059e-03 5.341880341880341984e-03
0.000000000000000000e+00 2.253383190883190834e-01 4.949252136752136932e-01 7.300569800569800365e-03 5.876068376068376009e-03
0.000000000000000000e+00 2.259615384615384637e-01 5.018696581196581130e-01 7.834757834757835257e-03 5.341880341880341984e-03
0.000000000000000000e+00 2.235576923076923184e-01 5.149572649572649041e-01 8.368945868945869282e-03 5.341880341880341984e-03
0.000000000000000000e+00 3.214031339031339085e-01 5.769230769230768718e-01 8.903133903133903307e-03 6.410256410256410034e-03
0.000000000000000000e+00 3.319978632478632341e-01 5.747863247863247427e-01 8.725071225071224720e-03 6.944444444444444059e-03
0.000000000000000000e+00 4.853988603988603767e-01 1.043002136752136794e-01 7.834757834757835257e-03 6.677350427350427046e-03
0.000000000000000000e+00 5.113960113960114295e-01 1.204594017094017117e-01 8.547008547008547868e-03 7.478632478632478951e-03
0.000000000000000000e+00 4.862001424501424252e-01 8.293269230769230449e-02 8.368945868945869282e-03 7.211538461538461939e-03
0.000000000000000000e+00 4.844195156695156879e-01 8.934294871794871973e-02 7.300569800569800365e-03 6.143162393162393022e-03
0.000000000000000000e+00 4.850427350427350404e-01 9.642094017094017533e-02 6.766381766381766340e-03 5.876068376068376009e-03
0.000000000000000000e+00 4.935007122507122368e-01 9.748931623931623991e-02 6.944444444444444059e-03 5.876068376068376009e-03
0.000000000000000000e+00 4.943019943019942852e-01 9.027777777777777624e-02 7.478632478632478951e-03 6.410256410256410034e-03
0.000000000000000000e+00 4.965277777777777901e-01 8.360042735042734485e-02 7.656695156695156670e-03 6.410256410256410034e-03
0.000000000000000000e+00 4.973290598290598385e-01 4.861111111111111188e-02 7.834757834757835257e-03 7.478632478632478951e-03
0.000000000000000000e+00 4.892272079772079785e-01 4.700854700854700807e-02 6.944444444444444059e-03 5.341880341880341984e-03
0.000000000000000000e+00 4.891381766381766583e-01 3.298611111111111188e-02 8.547008547008547868e-03 7.745726495726495964e-03
0.000000000000000000e+00 5.189636752136752573e-01 2.991452991452991581e-02 8.368945868945869282e-03 7.478632478632478951e-03
0.000000000000000000e+00 4.707977207977208089e-01 3.084935897435897578e-02 9.259259259259258745e-03 6.677350427350427046e-03
0.000000000000000000e+00 5.754095441595441507e-01 1.184561965811965767e-01 4.095441595441595348e-03 1.362179487179487197e-02
0.000000000000000000e+00 5.608084045584045274e-01 1.209935897435897439e-01 3.383190883190883170e-03 1.121794871794871799e-02
0.000000000000000000e+00 5.741631054131054457e-01 1.386217948717948789e-01 3.739316239316239476e-03 9.615384615384615918e-03
0.000000000000000000e+00 5.590277777777777901e-01 1.513087606837606736e-01 3.383190883190883170e-03 9.882478632478632063e-03
0.000000000000000000e+00 5.731837606837606458e-01 1.527777777777777901e-01 4.273504273504273934e-03 1.282051282051282007e-02
0.000000000000000000e+00 5.723824786324785974e-01 1.685363247863247982e-01 3.027065527065526864e-03 1.068376068376068397e-02
0.000000000000000000e+00 5.721153846153845812e-01 1.812232905982905928e-01 3.561253561253561323e-03 9.882478632478632063e-03
0.000000000000000000e+00 5.989138176638176825e-01 2.293002136752136655e-01 3.383190883190883170e-03 1.255341880341880392e-02
0.000000000000000000e+00 6.032763532763533165e-01 2.291666666666666574e-01 3.561253561253561323e-03 1.175213675213675202e-02
0.000000000000000000e+00 6.078169515669515910e-01 2.298344017094016978e-01 3.739316239316239476e-03 1.148504273504273587e-02
0.000000000000000000e+00 6.208155270655271174e-01 2.297008547008546897e-01 3.739316239316239476e-03 1.121794871794871799e-02
0.000000000000000000e+00 6.122685185185184897e-01 2.286324786324786251e-01 3.739316239316239476e-03 1.068376068376068397e-02
0.000000000000000000e+00 6.165420227920227481e-01 2.303685897435897301e-01 3.383190883190883170e-03 1.041666666666666609e-02
0.000000000000000000e+00 6.298076923076922906e-01 2.294337606837606736e-01 3.561253561253561323e-03 1.175213675213675202e-02
0.000000000000000000e+00 6.390669515669515910e-01 2.333066239316239354e-01 3.561253561253561323e-03 1.308760683760683795e-02
0.000000000000000000e+00 6.342592592592593004e-01 2.309027777777777901e-01 4.273504273504273934e-03 1.148504273504273587e-02
0.000000000000000000e+00 5.610754985754985436e-01 2.633547008547008628e-01 7.122507122507122646e-03 1.014957264957264994e-02
0.000000000000000000e+00 5.691773504273504036e-01 2.736378205128205399e-01 6.944444444444444059e-03 1.255341880341880392e-02
0.000000000000000000e+00 5.770121082621082476e-01 2.832532051282051211e-01 5.876068376068376009e-03 1.201923076923076990e-02
0.000000000000000000e+00 5.847578347578347158e-01 2.940705128205128305e-01 7.834757834757835257e-03 1.282051282051282007e-02
0.000000000000000000e+00 5.488782051282051766e-01 2.067307692307692180e-01 5.163817663817663398e-03 1.014957264957264994e-02
0.000000000000000000e+00 5.538639601139601076e-01 1.945779914529914556e-01 5.519943019943019703e-03 1.148504273504273587e-02
0.000000000000000000e+00 6.857193732193732627e-01 1.526442307692307820e-01 3.917378917378917629e-03 1.041666666666666609e-02
0.000000000000000000e+00 6.814458689458688934e-01 1.562500000000000000e-01 4.985754985754985678e-03 1.121794871794871799e-02
0.000000000000000000e+00 6.580306267806267373e-01 2.966079059829059839e-01 4.095441595441595348e-03 1.255341880341880392e-02
0.000000000000000000e+00 6.627492877492877632e-01 2.956730769230769273e-01 2.492877492877492839e-03 1.175213675213675202e-02
0.000000000000000000e+00 6.763710826210825866e-01 2.995459401709401615e-01 3.739316239316239476e-03 1.201923076923076990e-02
0.000000000000000000e+00 6.817129629629629095e-01 2.984775641025640969e-01 4.095441595441595348e-03 1.201923076923076990e-02
0.000000000000000000e+00 6.667556980056980054e-01 2.962072649572649596e-01 4.095441595441595348e-03 1.282051282051282007e-02
0.000000000000000000e+00 6.708511396011396233e-01 2.984775641025640969e-01 3.027065527065526864e-03 1.148504273504273587e-02
0.000000000000000000e+00 6.861645299145299193e-01 2.987446581196581130e-01 3.027065527065526864e-03 1.255341880341880392e-02
0.000000000000000000e+00 6.357727920227920215e-01 2.652243589743589758e-01 9.081196581196581893e-03 7.478632478632478951e-03
0.000000000000000000e+00 6.402243589743589203e-01 3.283920940170940161e-01 4.807692307692307959e-03 1.095085470085470011e-02
0.000000000000000000e+00 6.452101139601139623e-01 3.257211538461538547e-01 5.519943019943019703e-03 1.415598290598290600e-02
0.000000000000000000e+00 6.706730769230768718e-01 3.326655982905982745e-01 6.944444444444444059e-03 6.143162393162393022e-03
0.000000000000000000e+00 6.708511396011396233e-01 3.397435897435897578e-01 8.725071225071224720e-03 5.341880341880341984e-03
0.000000000000000000e+00 6.889245014245014564e-01 3.281250000000000000e-01 8.190883190883190695e-03 5.608974358974358997e-03
0.000000000000000000e+00 6.892806267806267373e-01 3.349358974358974117e-01 8.547008547008547868e-03 5.341880341880341984e-03
0.000000000000000000e+00 6.903490028490028019e-01 3.420138888888888951e-01 8.190883190883190695e-03 6.677350427350427046e-03
0.000000000000000000e+00 7.169693732193732627e-01 3.448183760683760646e-01 8.368945868945869282e-03 6.410256410256410034e-03
0.000000000000000000e+00 6.992521367521367104e-01 3.291933760683760646e-01 8.903133903133903307e-03 6.143162393162393022e-03
0.000000000000000000e+00 6.951566951566952035e-01 3.004807692307692180e-01 4.985754985754985678e-03 1.121794871794871799e-02
0.000000000000000000e+00 7.043269230769231282e-01 3.020833333333333148e-01 4.095441595441595348e-03 1.282051282051282007e-02
0.000000000000000000e+00 7.098468660968660915e-01 3.022168803418803229e-01 4.451566951566951653e-03 1.148504273504273587e-02
0.000000000000000000e+00 6.265135327635327211e-01 3.039529914529914278e-01 4.451566951566951653e-03 1.282051282051282007e-02
0.000000000000000000e+00 6.310541310541311066e-01 3.018162393162392987e-01 3.917378917378917629e-03 1.014957264957264994e-02
0.000000000000000000e+00 6.269586894586894887e-01 3.935630341880341776e-01 6.410256410256410034e-03 1.362179487179487197e-02
0.000000000000000000e+00 5.716702279202279247e-01 3.059561965811966044e-01 6.944444444444444059e-03 1.041666666666666609e-02
0.000000000000000000e+00 5.818198005698005382e-01 3.203792735042735318e-01 8.012820512820512109e-03 1.308760683760683795e-02
0.000000000000000000e+00 5.922364672364672789e-01 3.059561965811966044e-01 6.766381766381766340e-03 1.148504273504273587e-02
0.000000000000000000e+00 6.140491452991453381e-01 3.521634615384615641e-01 5.519943019943019703e-03 9.882478632478632063e-03
0.000000000000000000e+00 6.188568376068376287e-01 3.656517094017093794e-01 6.232193732193732315e-03 1.228632478632478604e-02
0.000000000000000000e+00 6.189458689458688934e-01 4.352297008547008628e-01 5.341880341880341984e-03 1.308760683760683795e-02
0.000000000000000000e+00 6.749465811965812412e-01 4.611378205128205399e-01 8.725071225071224720e-03 7.211538461538461939e-03
0.000000000000000000e+00 6.801994301994301884e-01 4.758279914529914278e-01 1.068376068376068397e-02 9.348290598290598039e-03
0.000000000000000000e+00 6.924857549857549310e-01 4.712873931623931534e-01 7.122507122507122646e-03 6.677350427350427046e-03
0.000000000000000000e+00 6.842948717948718063e-01 4.569978632478632341e-01 8.547008547008547868e-03 5.876068376068376009e-03
0.000000000000000000e+00 6.935541310541311066e-01 4.551282051282051211e-01 9.259259259259258745e-03 6.410256410256410034e-03
0.000000000000000000e+00 7.077101139601139623e-01 4.658119658119658224e-01 9.081196581196581893e-03 7.478632478632478951e-03
0.000000000000000000e+00 5.446937321937321830e-01 4.947916666666666852e-01 8.903133903133903307e-03 7.745726495726495964e-03
0.000000000000000000e+00 5.413995726495726135e-01 5.125534188034187588e-01 8.368945868945869282e-03 8.012820512820512109e-03
0.000000000000000000e+00 5.551103988603988126e-01 4.927884615384615641e-01 9.437321937321937332e-03 8.547008547008547868e-03
0.000000000000000000e+00 5.653490028490028019e-01 4.887820512820512664e-01 9.971509971509971357e-03 7.478632478632478951e-03
0.000000000000000000e+00 5.754095441595441507e-01 4.857104700854700807e-01 7.656695156695156670e-03 7.745726495726495964e-03
0.000000000000000000e+00 5.852920227920227481e-01 4.818376068376068466e-01 8.547008547008547868e-03 8.012820512820512109e-03
0.000000000000000000e+00 5.553774928774928288e-01 5.754540598290598385e-01 4.985754985754985678e-03 1.255341880341880392e-02
0.000000000000000000e+00 5.730056980056980054e-01 5.707799145299145005e-01 5.698005698005698290e-03 1.228632478632478604e-02
0.000000000000000000e+00 5.821759259259259300e-01 5.659722222222222099e-01 4.807692307692307959e-03 1.175213675213675202e-02
0.000000000000000000e+00 5.910790598290598385e-01 5.645032051282051766e-01 5.163817663817663398e-03 1.415598290598290600e-02
0.000000000000000000e+00 5.179843304843304574e-01 6.008279914529914834e-01 4.629629629629629373e-03 1.308760683760683795e-02
0.000000000000000000e+00 5.611645299145299193e-01 6.306089743589743390e-01 8.368945868945869282e-03 6.410256410256410034e-03
0.000000000000000000e+00 5.714031339031339085e-01 6.364850427350426942e-01 8.190883190883190695e-03 7.478632478632478951e-03
0.000000000000000000e+00 8.396545584045583821e-01 4.397702991452991372e-01 9.081196581196581893e-03 9.348290598290598039e-03
0.000000000000000000e+00 8.363603988603988126e-01 4.484508547008547175e-01 8.190883190883190695e-03 8.012820512820512109e-03
0.000000000000000000e+00 7.928240740740740700e-01 4.825053418803418870e-01 4.807692307692307959e-03 1.201923076923076990e-02
0.000000000000000000e+00 9.453347578347578439e-01 5.223023504273504036e-01 7.478632478632478951e-03 8.279914529914529989e-03
0.000000000000000000e+00 9.633190883190883014e-01 5.307158119658119677e-01 8.190883190883190695e-03 8.547008547008547868e-03
0.000000000000000000e+00 9.833511396011396233e-01 5.068108974358974672e-01 1.050569800569800538e-02 8.814102564102564014e-03
0.000000000000000000e+00 2.698539886039886260e-01 7.724358974358974672e-01 1.050569800569800538e-02 6.944444444444444059e-03
0.000000000000000000e+00 2.705662393162392987e-01 7.796474358974359031e-01 9.081196581196581893e-03 5.876068376068376009e-03
0.000000000000000000e+00 2.709223646723646906e-01 7.860576923076922906e-01 7.300569800569800365e-03 6.410256410256410034e-03
0.000000000000000000e+00 2.713675213675213471e-01 7.926014957264957417e-01 8.547008547008547868e-03 5.074786324786324972e-03
0.000000000000000000e+00 2.720797720797720753e-01 7.994123931623932089e-01 7.478632478632478951e-03 4.807692307692307959e-03
0.000000000000000000e+00 2.719017094017093794e-01 8.068910256410256610e-01 7.478632478632478951e-03 5.876068376068376009e-03
0.000000000000000000e+00 2.722578347578347713e-01 8.137019230769231282e-01 8.190883190883190695e-03 6.677350427350427046e-03
0.000000000000000000e+00 2.727920227920228036e-01 8.205128205128204844e-01 8.547008547008547868e-03 5.876068376068376009e-03
0.000000000000000000e+00 2.727920227920228036e-01 8.265224358974359031e-01 9.259259259259258745e-03 6.143162393162393022e-03
0.000000000000000000e+00 2.732371794871794601e-01 8.329326923076922906e-01 8.725071225071224720e-03 6.677350427350427046e-03
0.000000000000000000e+00 2.732371794871794601e-01 8.402777777777777901e-01 8.368945868945869282e-03 6.410256410256410034e-03
0.000000000000000000e+00 2.745726495726495964e-01 8.474893162393162260e-01 8.190883190883190695e-03 6.944444444444444059e-03
0.000000000000000000e+00 2.953169515669515910e-01 8.716613247863247427e-01 4.451566951566951653e-03 1.308760683760683795e-02
0.000000000000000000e+00 3.294159544159543929e-01 8.676549145299145005e-01 5.698005698005698290e-03 1.415598290598290600e-02
0.000000000000000000e+00 2.980769230769230727e-01 8.932959401709401615e-01 9.259259259259258745e-03 6.143162393162393022e-03
0.000000000000000000e+00 2.977207977207977363e-01 9.073183760683760646e-01 8.547008547008547868e-03 6.944444444444444059e-03
0.000000000000000000e+00 2.353988603988604045e-01 8.440170940170940161e-01 4.985754985754985678e-03 1.121794871794871799e-02
0.000000000000000000e+00 2.561431623931623713e-01 7.871260683760683552e-01 4.095441595441595348e-03 1.175213675213675202e-02
0.000000000000000000e+00 2.369123931623931534e-01 7.877938034188034511e-01 5.163817663817663398e-03 1.255341880341880392e-02
0.000000000000000000e+00 2.235576923076923184e-01 7.911324786324785974e-01 5.163817663817663398e-03 1.121794871794871799e-02
0.000000000000000000e+00 2.232015669515669543e-01 8.043536324786324521e-01 4.807692307692307959e-03 1.308760683760683795e-02
0.000000000000000000e+00 2.283653846153846090e-01 8.035523504273504036e-01 4.095441595441595348e-03 1.095085470085470011e-02
0.000000000000000000e+00 2.597044159544159569e-01 7.554754273504273865e-01 5.163817663817663398e-03 1.201923076923076990e-02
0.000000000000000000e+00 2.548076923076922906e-01 7.562767094017094349e-01 4.629629629629629373e-03 1.095085470085470011e-02
0.000000000000000000e+00 2.462606837606837740e-01 7.570779914529914834e-01 5.341880341880341984e-03 1.255341880341880392e-02
0.000000000000000000e+00 2.366452991452991372e-01 7.592147435897436125e-01 4.985754985754985678e-03 1.308760683760683795e-02
0.000000000000000000e+00 2.316595441595441507e-01 7.585470085470085166e-01 4.273504273504273934e-03 1.014957264957264994e-02
0.000000000000000000e+00 2.272079772079771964e-01 7.590811965811965489e-01 3.917378917378917629e-03 1.121794871794871799e-02
0.000000000000000000e+00 2.163461538461538547e-01 7.636217948717948234e-01 4.985754985754985678e-03 1.282051282051282007e-02
0.000000000000000000e+00 1.880341880341880323e-01 7.593482905982905651e-01 4.629629629629629373e-03 1.175213675213675202e-02
0.000000000000000000e+00 1.878561253561253641e-01 7.753739316239316448e-01 4.273504273504273934e-03 1.335470085470085409e-02
0.000000000000000000e+00 1.874109686609686520e-01 8.310630341880341776e-01 5.163817663817663398e-03 1.201923076923076990e-02
0.000000000000000000e+00 1.867877492877492995e-01 8.617788461538461453e-01 3.917378917378917629e-03 1.255341880341880392e-02
0.000000000000000000e+00 2.108262108262108359e-01 8.449519230769231282e-01 8.903133903133903307e-03 7.745726495726495964e-03
0.000000000000000000e+00 2.652243589743589758e-01 8.713942307692307265e-01 5.163817663817663398e-03 1.362179487179487197e-02
0.000000000000000000e+00 2.598824786324786529e-01 8.723290598290598385e-01 4.095441595441595348e-03 1.121794871794871799e-02
0.000000000000000000e+00 3.398326210826210780e-01 8.349358974358974672e-01 3.739316239316239476e-03 1.014957264957264994e-02
0.000000000000000000e+00 1.228632478632478570e-01 7.582799145299145005e-01 6.410256410256410034e-03 1.014957264957264994e-02
0.000000000000000000e+00 1.346153846153846090e-01 7.867254273504273865e-01 4.629629629629629373e-03 1.148504273504273587e-02
0.000000000000000000e+00 1.346153846153846090e-01 7.998130341880341776e-01 3.561253561253561323e-03 1.095085470085470011e-02
0.000000000000000000e+00 1.297186609686609704e-01 7.872596153846154188e-01 3.739316239316239476e-03 1.041666666666666609e-02
0.000000000000000000e+00 1.298967236467236386e-01 7.991452991452991927e-01 3.383190883190883170e-03 9.081196581196581893e-03
0.000000000000000000e+00 1.252670940170940161e-01 7.860576923076922906e-01 4.095441595441595348e-03 1.228632478632478604e-02
0.000000000000000000e+00 1.252670940170940161e-01 7.990117521367521292e-01 4.095441595441595348e-03 1.041666666666666609e-02
0.000000000000000000e+00 1.212606837606837601e-01 7.995459401709401615e-01 4.629629629629629373e-03 9.348290598290598039e-03
0.000000000000000000e+00 1.205484330484330457e-01 7.863247863247863068e-01 4.629629629629629373e-03 1.068376068376068397e-02
0.000000000000000000e+00 1.155626780626780592e-01 8.000801282051281937e-01 5.341880341880341984e-03 1.148504273504273587e-02
0.000000000000000000e+00 1.066595441595441646e-01 8.003472222222222099e-01 4.273504273504273934e-03 1.308760683760683795e-02
0.000000000000000000e+00 1.162749287749287735e-01 8.302617521367521292e-01 4.629629629629629373e-03 1.255341880341880392e-02
0.000000000000000000e+00 1.250890313390313480e-01 8.297275641025640969e-01 4.095441595441595348e-03 1.201923076923076990e-02
0.000000000000000000e+00 1.299857549857549865e-01 8.297275641025640969e-01 4.273504273504273934e-03 1.148504273504273587e-02
0.000000000000000000e+00 1.342592592592592726e-01 8.319978632478632896e-01 3.917378917378917629e-03 9.081196581196581893e-03
0.000000000000000000e+00 1.243767806267806336e-01 8.442841880341880323e-01 4.451566951566951653e-03 1.228632478632478604e-02
0.000000000000000000e+00 1.106659544159544206e-01 8.743322649572649041e-01 3.739316239316239476e-03 1.041666666666666609e-02
0.000000000000000000e+00 1.110220797720797709e-01 8.874198717948718063e-01 4.095441595441595348e-03 1.148504273504273587e-02
0.000000000000000000e+00 1.120014245014245013e-01 9.246794871794872250e-01 5.698005698005698290e-03 1.388888888888888812e-02
0.000000000000000000e+00 1.060363247863247843e-01 9.236111111111111605e-01 4.807692307692307959e-03 1.282051282051282007e-02
0.000000000000000000e+00 4.237891737891737870e-02 8.207799145299145005e-01 7.122507122507122646e-03 7.478632478632478951e-03
0.000000000000000000e+00 1.507300569800569812e-01 6.316773504273504036e-01 9.437321937321937332e-03 7.478632478632478951e-03
0.000000000000000000e+00 1.841168091168091103e-01 6.896367521367521292e-01 4.985754985754985678e-03 1.335470085470085409e-02
0.000000000000000000e+00 1.852742165242165229e-01 7.037927350427350959e-01 4.095441595441595348e-03 9.615384615384615918e-03
0.000000000000000000e+00 3.429487179487179516e-01 5.715811965811965489e-01 7.478632478632478951e-03 8.012820512820512109e-03
0.000000000000000000e+00 3.527421652421652287e-01 5.681089743589743390e-01 9.259259259259258745e-03 8.012820512820512109e-03
0.000000000000000000e+00 3.444622507122507282e-01 7.212873931623932089e-01 8.725071225071224720e-03 7.211538461538461939e-03
0.000000000000000000e+00 3.563034188034188143e-01 7.199519230769231282e-01 7.478632478632478951e-03 6.143162393162393022e-03
0.000000000000000000e+00 3.655626780626780592e-01 7.186164529914529364e-01 7.834757834757835257e-03 5.608974358974358997e-03
0.000000000000000000e+00 3.748219373219373041e-01 7.170138888888888395e-01 7.478632478632478951e-03 4.540598290598290947e-03
0.000000000000000000e+00 3.925391737891738009e-01 7.146100427350426942e-01 5.163817663817663398e-03 8.279914529914529989e-03
0.000000000000000000e+00 4.082086894586894332e-01 7.187500000000000000e-01 4.451566951566951653e-03 1.175213675213675202e-02
0.000000000000000000e+00 4.139957264957264682e-01 7.167467948717948234e-01 4.273504273504273934e-03 1.041666666666666609e-02
0.000000000000000000e+00 4.224537037037037202e-01 7.152777777777777901e-01 4.807692307692307959e-03 1.175213675213675202e-02
0.000000000000000000e+00 4.379451566951567121e-01 7.069978632478632896e-01 7.300569800569800365e-03 5.876068376068376009e-03
0.000000000000000000e+00 4.398148148148148251e-01 7.142094017094017255e-01 7.478632478632478951e-03 5.876068376068376009e-03
0.000000000000000000e+00 4.375890313390313202e-01 7.286324786324785974e-01 8.368945868945869282e-03 6.410256410256410034e-03
0.000000000000000000e+00 4.396367521367521292e-01 7.363782051282051766e-01 7.122507122507122646e-03 6.410256410256410034e-03
0.000000000000000000e+00 3.475783475783476018e-01 7.907318376068376287e-01 1.032763532763532680e-02 8.279914529914529989e-03
0.000000000000000000e+00 5.068554131054131551e-01 8.782051282051281937e-01 8.725071225071224720e-03 6.410256410256410034e-03
0.000000000000000000e+00 5.080128205128204844e-01 8.858173076923077094e-01 1.032763532763532680e-02 7.211538461538461939e-03
0.000000000000000000e+00 4.799679487179487336e-01 9.133279914529914834e-01 4.451566951566951653e-03 1.095085470085470011e-02
0.000000000000000000e+00 4.842414529914529919e-01 9.115918803418803229e-01 3.383190883190883170e-03 8.547008547008547868e-03
0.000000000000000000e+00 4.752492877492877632e-01 9.133279914529914834e-01 4.629629629629629373e-03 1.201923076923076990e-02
0.000000000000000000e+00 4.707977207977208089e-01 9.141292735042735318e-01 4.273504273504273934e-03 1.148504273504273587e-02
0.000000000000000000e+00 5.023148148148147696e-01 9.190705128205127750e-01 4.273504273504273934e-03 1.335470085470085409e-02
0.000000000000000000e+00 5.113960113960114295e-01 9.186698717948718063e-01 3.917378917378917629e-03 1.201923076923076990e-02
0.000000000000000000e+00 5.159366096866097040e-01 9.181356837606837740e-01 4.451566951566951653e-03 1.148504273504273587e-02
0.000000000000000000e+00 3.526531339031339085e-01 9.467147435897436125e-01 4.807692307692307959e-03 1.095085470085470011e-02
0.000000000000000000e+00 3.727742165242165506e-01 9.648771367521367104e-01 8.725071225071224720e-03 6.677350427350427046e-03
0.000000000000000000e+00 3.719729344729344467e-01 9.854433760683760646e-01 8.547008547008547868e-03 6.143162393162393022e-03
0.000000000000000000e+00 3.730413105413105668e-01 9.927884615384615641e-01 9.971509971509971357e-03 6.410256410256410034e-03
0.000000000000000000e+00 9.189814814814815103e-01 7.517361111111111605e-01 8.903133903133903307e-03 8.279914529914529989e-03
0.000000000000000000e+00 8.809650997150997309e-01 7.751068376068376287e-01 7.300569800569800365e-03 6.944444444444444059e-03
0.000000000000000000e+00 8.611111111111111605e-01 7.851228632478632896e-01 4.985754985754985678e-03 1.095085470085470011e-02
0.000000000000000000e+00 8.527421652421652842e-01 7.888621794871795156e-01 5.698005698005698290e-03 1.415598290598290600e-02
0.000000000000000000e+00 8.927172364672364413e-01 8.840811965811965489e-01 7.656695156695156670e-03 5.876068376068376009e-03
0.000000000000000000e+00 9.057158119658119677e-01 9.051816239316239354e-01 5.163817663817663398e-03 1.335470085470085409e-02
0.000000000000000000e+00 7.110042735042735318e-01 7.673611111111111605e-01 1.139601139601139658e-02 6.944444444444444059e-03
0.000000000000000000e+00 7.151887464387464144e-01 7.747061965811965489e-01 9.437321937321937332e-03 6.677350427350427046e-03
0.000000000000000000e+00 7.122507122507122646e-03 8.997061965811965489e-01 7.122507122507122646e-03 7.745726495726495964e-03
0.000000000000000000e+00 3.917378917378917629e-03 8.931623931623932089e-01 6.054131054131053728e-03 5.876068376068376009e-03
0.000000000000000000e+00 2.670940170940170992e-03 8.871527777777777901e-01 4.985754985754985678e-03 5.608974358974358997e-03
0.000000000000000000e+00 1.522435897435897405e-02 9.353632478632478708e-01 7.656695156695156670e-03 8.012820512820512109e-03
0.000000000000000000e+00 2.127849002849002691e-02 9.630074786324785974e-01 8.012820512820512109e-03 9.882478632478632063e-03
0.000000000000000000e+00 2.662037037037037063e-02 9.810363247863247427e-01 9.081196581196581893e-03 8.012820512820512109e-03
0.000000000000000000e+00 1.200142450142450135e-01 8.754006410256410797e-01 3.561253561253561323e-03 1.095085470085470011e-02
0.000000000000000000e+00 1.201032763532763475e-01 8.876869658119658224e-01 3.739316239316239476e-03 1.201923076923076990e-02
0.000000000000000000e+00 1.074608262108262130e-01 8.313301282051281937e-01 5.163817663817663398e-03 1.148504273504273587e-02
0.000000000000000000e+00 2.092236467236467320e-02 7.331730769230768718e-01 8.012820512820512109e-03 7.478632478632478951e-03
0.000000000000000000e+00 2.314814814814814686e-02 7.411858974358974672e-01 7.478632478632478951e-03 8.012820512820512109e-03
0.000000000000000000e+00 2.501780626780626682e-02 7.475961538461538547e-01 7.300569800569800365e-03 6.410256410256410034e-03
0.000000000000000000e+00 2.751068376068376009e-02 7.544070512820513219e-01 7.300569800569800365e-03 8.279914529914529989e-03
0.000000000000000000e+00 4.157763532763533026e-02 8.122329059829059839e-01 6.588319088319088621e-03 7.478632478632478951e-03
0.000000000000000000e+00 3.846153846153846367e-02 8.006143162393162260e-01 8.190883190883190695e-03 8.814102564102564014e-03
0.000000000000000000e+00 3.383190883190883430e-02 7.801816239316239354e-01 6.054131054131053728e-03 8.547008547008547868e-03
0.000000000000000000e+00 3.730413105413105113e-02 7.926014957264957417e-01 5.876068376068376009e-03 7.211538461538461939e-03
0.000000000000000000e+00 1.541132478632478708e-01 5.062767094017094349e-01 1.086182336182336255e-02 7.745726495726495964e-03
0.000000000000000000e+00 7.790242165242165784e-02 5.072115384615384359e-01 7.300569800569800365e-03 9.615384615384615918e-03
0.000000000000000000e+00 2.083333333333333426e-01 3.794070512820512664e-01 9.615384615384615918e-03 7.745726495726495964e-03
0.000000000000000000e+00 5.116631054131054457e-01 3.731303418803418870e-01 5.519943019943019703e-03 1.228632478632478604e-02
0.000000000000000000e+00 5.553774928774928288e-01 2.849893162393162260e-01 6.410256410256410034e-03 1.121794871794871799e-02
0.000000000000000000e+00 8.817663817663817794e-01 2.677617521367521292e-01 7.122507122507122646e-03 1.148504273504273587e-02
0.000000000000000000e+00 8.834579772079772519e-01 2.347756410256410242e-01 6.232193732193732315e-03 1.121794871794871799e-02
0.000000000000000000e+00 8.782941595441595695e-01 2.441239316239316171e-01 6.232193732193732315e-03 1.014957264957264994e-02
0.000000000000000000e+00 8.709935897435897578e-01 2.548076923076922906e-01 7.656695156695156670e-03 1.121794871794871799e-02
0.000000000000000000e+00 8.641381766381766028e-01 2.638888888888888951e-01 6.054131054131053728e-03 7.478632478632478951e-03
0.000000000000000000e+00 8.552350427350426942e-01 2.751068376068376287e-01 7.478632478632478951e-03 9.081196581196581893e-03
0.000000000000000000e+00 9.438212250712251228e-01 2.720352564102563875e-01 7.656695156695156670e-03 1.041666666666666609e-02
0.000000000000000000e+00 7.067307692307692735e-01 1.506410256410256332e-01 4.629629629629629373e-03 1.228632478632478604e-02
0.000000000000000000e+00 6.814458689458688934e-01 1.266025641025640969e-01 5.698005698005698290e-03 1.121794871794871799e-02
0.000000000000000000e+00 6.764601139601139623e-01 1.310096153846153910e-01 5.341880341880341984e-03 1.201923076923076990e-02
0.000000000000000000e+00 6.920405982905982745e-01 1.212606837606837601e-01 4.095441595441595348e-03 1.014957264957264994e-02
0.000000000000000000e+00 6.946225071225071712e-01 4.594017094017094349e-02 5.341880341880341984e-03 1.388888888888888812e-02
0.000000000000000000e+00 6.859864672364672789e-01 3.445512820512820762e-02 4.095441595441595348e-03 9.615384615384615918e-03
0.000000000000000000e+00 6.808226495726495964e-01 3.125000000000000000e-02 4.095441595441595348e-03 9.081196581196581893e-03
0.000000000000000000e+00 8.069800569800569257e-01 5.315170940170940023e-02 6.410256410256410034e-03 1.228632478632478604e-02
0.000000000000000000e+00 8.128561253561253919e-01 4.366987179487179238e-02 8.190883190883190695e-03 9.348290598290598039e-03
0.000000000000000000e+00 3.754451566951567121e-01 2.230235042735042791e-02 6.944444444444444059e-03 1.255341880341880392e-02
0.000000000000000000e+00 5.593839031339031820e-01 1.352831196581196493e-01 4.095441595441595348e-03 1.255341880341880392e-02
0.000000000000000000e+00 5.586716524216523982e-01 1.645299145299145283e-01 3.739316239316239476e-03 1.335470085470085409e-02
0.000000000000000000e+00 5.071225071225071712e-01 2.057959401709401615e-01 8.547008547008547868e-03 1.041666666666666609e-02
0.000000000000000000e+00 1.923076923076923184e-02 5.061431623931623713e-01 7.478632478632478951e-03 5.341880341880341984e-03
0.000000000000000000e+00 3.196225071225071435e-02 5.060096153846154188e-01 6.944444444444444059e-03 5.074786324786324972e-03
0.000000000000000000e+00 4.068732193732193386e-02 5.058760683760683552e-01 7.300569800569800365e-03 4.807692307692307959e-03
0.000000000000000000e+00 1.045227920227920215e-01 7.598824786324785974e-01 4.273504273504273934e-03 1.175213675213675202e-02
0.000000000000000000e+00 1.839387464387464421e-01 6.570512820512820484e-01 4.985754985754985678e-03 1.335470085470085409e-02
0.000000000000000000e+00 5.061431623931623713e-01 8.707264957264957417e-01 7.300569800569800365e-03 6.410256410256410034e-03
0.000000000000000000e+00 9.858440170940171443e-01 8.747329059829059839e-01 8.725071225071224720e-03 8.012820512820512109e-03
0.000000000000000000e+00 3.659188034188033956e-01 5.638354700854700807e-01 8.547008547008547868e-03 7.478632478632478951e-03
0.000000000000000000e+00 9.861111111111111605e-01 4.698183760683760646e-01 1.068376068376068397e-02 8.012820512820512109e-03
0.000000000000000000e+00 4.288639601139601076e-01 1.380876068376068466e-01 8.368945868945869282e-03 8.547008547008547868e-03
0.000000000000000000e+00 5.626780626780626404e-01 6.997863247863247982e-02 4.985754985754985678e-03 1.442307692307692388e-02
0.000000000000000000e+00 5.772792022792022637e-01 5.769230769230769551e-02 4.273504273504273934e-03 1.388888888888888812e-02
0.000000000000000000e+00 5.773682336182336394e-01 7.158119658119657669e-02 3.383190883190883170e-03 9.081196581196581893e-03
0.000000000000000000e+00 3.197115384615384359e-01 8.460202991452991927e-01 4.451566951566951653e-03 7.745726495726495964e-03
0.000000000000000000e+00 3.243411680911680861e-01 8.425480769230768718e-01 4.095441595441595348e-03 8.814102564102564014e-03
0.000000000000000000e+00 4.642094017094017255e-01 9.934561965811965489e-01 3.917378917378917629e-03 1.148504273504273587e-02
