0.000000000000000000e+00 2.083333333333333218e-02 4.994658119658119955e-02 6.054131054131053728e-03 5.876068376068376009e-03
0.000000000000000000e+00 2.938034188034188005e-02 5.128205128205128027e-02 8.190883190883190695e-03 6.944444444444444059e-03
0.000000000000000000e+00 6.027421652421652287e-02 5.622329059829059977e-02 7.656695156695156670e-03 6.143162393162393022e-03
0.000000000000000000e+00 8.253205128205128027e-02 3.365384615384615224e-02 9.081196581196581893e-03 6.944444444444444059e-03
0.000000000000000000e+00 6.285612535612535023e-02 7.505341880341880045e-02 6.766381766381766340e-03 6.410256410256410034e-03
0.000000000000000000e+00 6.187678062678062668e-02 9.428418803418803229e-02 6.232193732193732315e-03 5.341880341880341984e-03
0.000000000000000000e+00 6.160968660968661054e-02 1.008279914529914556e-01 5.698005698005698290e-03 4.540598290598290947e-03
0.000000000000000000e+00 1.168091168091168058e-01 6.543803418803419147e-02 8.190883190883190695e-03 6.410256410256410034e-03
0.000000000000000000e+00 7.380698005698005382e-02 2.660256410256410242e-01 8.368945868945869282e-03 6.410256410256410034e-03
0.000000000000000000e+00 7.852564102564102422e-02 2.781784188034188143e-01 6.766381766381766340e-03 1.255341880341880392e-02
0.000000000000000000e+00 8.271011396011396233e-02 2.804487179487179516e-01 5.519943019943019703e-03 1.175213675213675202e-02
0.000000000000000000e+00 9.045584045584045829e-02 2.879273504273504036e-01 4.985754985754985678e-03 1.068376068376068397e-02
0.000000000000000000e+00 9.472934472934473049e-02 2.900641025641025883e-01 7.122507122507122646e-03 1.335470085470085409e-02
0.000000000000000000e+00 1.064814814814814825e-01 2.983440170940170888e-01 5.698005698005698290e-03 1.228632478632478604e-02
0.000000000000000000e+00 4.184472934472934641e-02 3.393429487179487336e-01 9.259259259259258745e-03 6.677350427350427046e-03
0.000000000000000000e+00 1.233084045584045552e-01 2.439903846153846090e-01 4.095441595441595348e-03 1.041666666666666609e-02
0.000000000000000000e+00 6.463675213675214304e-02 4.312232905982906206e-01 3.917378917378917629e-03 1.041666666666666609e-02
0.000000000000000000e+00 6.000712250712250673e-02 4.330929487179487336e-01 3.917378917378917629e-03 5.608974358974358997e-03
0.000000000000000000e+00 4.834401709401709574e-02 4.610042735042735318e-01 4.095441595441595348e-03 1.068376068376068397e-02
0.000000000000000000e+00 4.496082621082621300e-02 4.676816239316239354e-01 4.095441595441595348e-03 1.121794871794871799e-02
0.000000000000000000e+00 4.122150997150997309e-02 4.746260683760683552e-01 4.451566951566951653e-03 1.121794871794871799e-02
0.000000000000000000e+00 3.694800569800570089e-02 4.821047008547008628e-01 4.095441595441595348e-03 9.615384615384615918e-03
0.000000000000000000e+00 2.884615384615384776e-02 4.961271367521367659e-01 4.629629629629629373e-03 1.148504273504273587e-02
0.000000000000000000e+00 1.269586894586894610e-01 4.581997863247863068e-01 7.122507122507122646e-03 6.143162393162393022e-03
0.000000000000000000e+00 1.253561253561253641e-01 4.651442307692307820e-01 6.766381766381766340e-03 5.608974358974358997e-03
0.000000000000000000e+00 1.223290598290598247e-01 4.780982905982906206e-01 6.766381766381766340e-03 5.341880341880341984e-03
0.000000000000000000e+00 1.204594017094017117e-01 4.865117521367521292e-01 7.656695156695156670e-03 5.608974358974358997e-03
0.000000000000000000e+00 1.168091168091168058e-01 4.995993589743589758e-01 6.766381766381766340e-03 4.540598290598290947e-03
0.000000000000000000e+00 1.154736467236467251e-01 5.068108974358974672e-01 7.300569800569800365e-03 5.074786324786324972e-03
0.000000000000000000e+00 1.144052706552706605e-01 5.130876068376067911e-01 8.725071225071224720e-03 5.876068376068376009e-03
0.000000000000000000e+00 1.131588319088319139e-01 5.201655982905982745e-01 9.081196581196581893e-03 7.211538461538461939e-03
0.000000000000000000e+00 1.411146723646723722e-01 4.747596153846153633e-01 6.232193732193732315e-03 9.348290598290598039e-03
0.000000000000000000e+00 1.390669515669515632e-01 4.811698717948718063e-01 7.478632478632478951e-03 9.882478632478632063e-03
0.000000000000000000e+00 1.366631054131054179e-01 4.886485042735042583e-01 6.588319088319088621e-03 9.348290598290598039e-03
0.000000000000000000e+00 1.613247863247863345e-01 4.897168803418803229e-01 6.410256410256410034e-03 9.882478632478632063e-03
0.000000000000000000e+00 1.753917378917378977e-01 5.185630341880341776e-01 6.054131054131053728e-03 9.882478632478632063e-03
0.000000000000000000e+00 1.424501424501424529e-01 5.403311965811965489e-01 7.834757834757835257e-03 7.478632478632478951e-03
0.000000000000000000e+00 1.613247863247863345e-01 5.452724358974359031e-01 6.410256410256410034e-03 1.148504273504273587e-02
0.000000000000000000e+00 1.490384615384615363e-01 5.669070512820513219e-01 6.054131054131053728e-03 1.041666666666666609e-02
0.000000000000000000e+00 8.137464387464386772e-02 3.891559829059829112e-01 6.054131054131053728e-03 9.081196581196581893e-03
0.000000000000000000e+00 2.019230769230769273e-01 4.397702991452991372e-01 4.985754985754985678e-03 9.348290598290598039e-03
0.000000000000000000e+00 1.969373219373219408e-01 4.264155982905982745e-01 5.698005698005698290e-03 9.348290598290598039e-03
0.000000000000000000e+00 1.448539886039885982e-01 3.095619658119658224e-01 4.807692307692307959e-03 1.282051282051282007e-02
0.000000000000000000e+00 2.583689458689458762e-01 3.589743589743589758e-01 6.054131054131053728e-03 8.012820512820512109e-03
0.000000000000000000e+00 2.889066951566951480e-01 3.266559829059829112e-01 7.656695156695156670e-03 9.615384615384615918e-03
0.000000000000000000e+00 3.007478632478632341e-01 3.170405982905982745e-01 8.903133903133903307e-03 7.478632478632478951e-03
0.000000000000000000e+00 3.265669515669515910e-01 3.261217948717948789e-01 3.917378917378917629e-03 1.068376068376068397e-02
0.000000000000000000e+00 3.384971509971509973e-01 3.187767094017093794e-01 3.917378917378917629e-03 1.041666666666666609e-02
0.000000000000000000e+00 3.520299145299145560e-01 3.023504273504273310e-01 7.478632478632478951e-03 6.944444444444444059e-03
0.000000000000000000e+00 3.619123931623931534e-01 3.055555555555555802e-01 3.739316239316239476e-03 1.121794871794871799e-02
0.000000000000000000e+00 3.676994301994301884e-01 2.895299145299145560e-01 6.766381766381766340e-03 9.615384615384615918e-03
0.000000000000000000e+00 2.921118233618233417e-01 2.848557692307692180e-01 8.725071225071224720e-03 5.608974358974358997e-03
0.000000000000000000e+00 2.917556980056980054e-01 2.791132478632478708e-01 8.012820512820512109e-03 5.876068376068376009e-03
0.000000000000000000e+00 2.917556980056980054e-01 2.729700854700854440e-01 8.012820512820512109e-03 5.876068376068376009e-03
0.000000000000000000e+00 2.915776353276353094e-01 2.668269230769230727e-01 7.656695156695156670e-03 6.410256410256410034e-03
0.000000000000000000e+00 2.916666666666666852e-01 2.601495726495726690e-01 7.834757834757835257e-03 6.410256410256410034e-03
0.000000000000000000e+00 2.993233618233618332e-01 2.504006410256410242e-01 3.917378917378917629e-03 1.148504273504273587e-02
0.000000000000000000e+00 3.181980056980057148e-01 5.383279914529914834e-01 1.032763532763532680e-02 1.255341880341880392e-02
0.000000000000000000e+00 3.195334757834757955e-01 1.704059829059829112e-01 6.944444444444444059e-03 1.121794871794871799e-02
0.000000000000000000e+00 3.163283475783476018e-01 1.745459401709401615e-01 6.588319088319088621e-03 9.882478632478632063e-03
0.000000000000000000e+00 3.220263532763532610e-01 1.638621794871794879e-01 5.163817663817663398e-03 8.279914529914529989e-03
0.000000000000000000e+00 3.400106837606837740e-01 1.494391025641025605e-01 5.163817663817663398e-03 1.148504273504273587e-02
0.000000000000000000e+00 3.475783475783476018e-01 1.554487179487179516e-01 8.190883190883190695e-03 5.876068376068376009e-03
0.000000000000000000e+00 3.453525641025640969e-01 1.730769230769230727e-01 5.163817663817663398e-03 1.175213675213675202e-02
0.000000000000000000e+00 3.564814814814814548e-01 1.817574786324786251e-01 8.547008547008547868e-03 6.143162393162393022e-03
0.000000000000000000e+00 3.422364672364672233e-01 1.330128205128205121e-01 7.834757834757835257e-03 7.478632478632478951e-03
0.000000000000000000e+00 3.256766381766381668e-01 8.400106837606838295e-02 6.410256410256410034e-03 9.882478632478632063e-03
0.000000000000000000e+00 3.964565527065527228e-01 1.022970085470085444e-01 6.588319088319088621e-03 1.228632478632478604e-02
0.000000000000000000e+00 4.121260683760683552e-01 1.334134615384615363e-01 1.014957264957264994e-02 1.789529914529914417e-02
0.000000000000000000e+00 4.199608262108261991e-01 1.471688034188034233e-01 5.519943019943019703e-03 9.081196581196581893e-03
0.000000000000000000e+00 3.523860398860398924e-01 5.689102564102564014e-02 8.190883190883190695e-03 8.012820512820512109e-03
0.000000000000000000e+00 3.617343304843304574e-01 3.779380341880341637e-02 4.095441595441595348e-03 1.308760683760683795e-02
0.000000000000000000e+00 3.427706552706552556e-01 5.822649572649572780e-02 6.054131054131053728e-03 5.341880341880341984e-03
0.000000000000000000e+00 5.119301994301994618e-02 6.505074786324785974e-01 9.437321937321937332e-03 1.041666666666666609e-02
0.000000000000000000e+00 8.493589743589743946e-02 6.709401709401708880e-01 7.122507122507122646e-03 8.547008547008547868e-03
0.000000000000000000e+00 8.155270655270654978e-02 6.879006410256410797e-01 8.903133903133903307e-03 9.348290598290598039e-03
0.000000000000000000e+00 9.045584045584045829e-02 6.965811965811965489e-01 8.190883190883190695e-03 9.615384615384615918e-03
0.000000000000000000e+00 1.030982905982905928e-01 6.891025641025640969e-01 8.547008547008547868e-03 9.615384615384615918e-03
0.000000000000000000e+00 1.196581196581196632e-01 7.056623931623932089e-01 7.478632478632478951e-03 8.547008547008547868e-03
0.000000000000000000e+00 1.263354700854700807e-01 7.128739316239316448e-01 7.656695156695156670e-03 8.547008547008547868e-03
0.000000000000000000e+00 1.342592592592592726e-01 7.187500000000000000e-01 7.834757834757835257e-03 9.081196581196581893e-03
0.000000000000000000e+00 1.131588319088319139e-01 7.199519230769231282e-01 9.793447293447292770e-03 1.148504273504273587e-02
0.000000000000000000e+00 1.225071225071225067e-01 7.286324786324785974e-01 7.834757834757835257e-03 9.081196581196581893e-03
0.000000000000000000e+00 1.327457264957264960e-01 7.383814102564102422e-01 7.300569800569800365e-03 8.814102564102564014e-03
0.000000000000000000e+00 1.412927350427350404e-01 7.474626068376067911e-01 8.368945868945869282e-03 9.882478632478632063e-03
0.000000000000000000e+00 1.503739316239316171e-01 7.561431623931623713e-01 6.944444444444444059e-03 9.081196581196581893e-03
0.000000000000000000e+00 1.702279202279202153e-01 7.542735042735042583e-01 9.259259259259258745e-03 1.068376068376068397e-02
0.000000000000000000e+00 1.785078347578347713e-01 7.632211538461538547e-01 9.437321937321937332e-03 9.882478632478632063e-03
0.000000000000000000e+00 1.883012820512820484e-01 7.724358974358974672e-01 8.012820512820512109e-03 9.615384615384615918e-03
0.000000000000000000e+00 1.839387464387464421e-01 7.884615384615384359e-01 7.834757834757835257e-03 9.615384615384615918e-03
0.000000000000000000e+00 1.924857549857549865e-01 7.966079059829059839e-01 6.766381766381766340e-03 8.279914529914529989e-03
0.000000000000000000e+00 2.094907407407407274e-01 8.135683760683760646e-01 8.368945868945869282e-03 9.615384615384615918e-03
0.000000000000000000e+00 1.956908831908831803e-01 8.235844017094017255e-01 6.410256410256410034e-03 9.348290598290598039e-03
0.000000000000000000e+00 2.359330484330484368e-01 7.960737179487179516e-01 7.122507122507122646e-03 1.308760683760683795e-02
0.000000000000000000e+00 2.357549857549857686e-01 7.471955128205127750e-01 6.054131054131053728e-03 9.882478632478632063e-03
0.000000000000000000e+00 2.416310541310541238e-01 7.351762820512820484e-01 8.190883190883190695e-03 1.201923076923076990e-02
0.000000000000000000e+00 2.495548433048433157e-01 7.219551282051281937e-01 6.944444444444444059e-03 1.228632478632478604e-02
0.000000000000000000e+00 2.697649572649572780e-02 7.729700854700854995e-01 5.876068376068376009e-03 9.615384615384615918e-03
0.000000000000000000e+00 2.029914529914529989e-02 7.900641025641025328e-01 5.698005698005698290e-03 1.014957264957264994e-02
0.000000000000000000e+00 9.882478632478632063e-03 8.149038461538461453e-01 6.588319088319088621e-03 1.228632478632478604e-02
0.000000000000000000e+00 2.386039886039886121e-02 8.750000000000000000e-01 7.478632478632478951e-03 6.410256410256410034e-03
0.000000000000000000e+00 3.365384615384615224e-02 8.776709401709401615e-01 1.032763532763532680e-02 8.012820512820512109e-03
0.000000000000000000e+00 3.472222222222222376e-02 8.838141025641025328e-01 8.903133903133903307e-03 7.478632478632478951e-03
0.000000000000000000e+00 2.777777777777777624e-02 8.944978632478632896e-01 7.478632478632478951e-03 6.410256410256410034e-03
0.000000000000000000e+00 1.994301994301994271e-02 9.139957264957264682e-01 6.766381766381766340e-03 1.175213675213675202e-02
0.000000000000000000e+00 4.006410256410256054e-03 9.193376068376067911e-01 5.876068376068376009e-03 1.068376068376068397e-02
0.000000000000000000e+00 2.492877492877492926e-02 9.911858974358974672e-01 6.410256410256410034e-03 1.121794871794871799e-02
0.000000000000000000e+00 1.179665242165242184e-01 8.605769230769231282e-01 8.725071225071224720e-03 8.547008547008547868e-03
0.000000000000000000e+00 1.477029914529914556e-01 8.624465811965812412e-01 6.588319088319088621e-03 1.175213675213675202e-02
0.000000000000000000e+00 1.812678062678062807e-01 9.005074786324785974e-01 6.054131054131053728e-03 9.882478632478632063e-03
0.000000000000000000e+00 1.861645299145299193e-01 9.063835470085470636e-01 4.451566951566951653e-03 8.814102564102564014e-03
0.000000000000000000e+00 1.907941595441595417e-01 9.105235042735042583e-01 4.095441595441595348e-03 8.547008547008547868e-03
0.000000000000000000e+00 1.969373219373219408e-01 9.163995726495726135e-01 5.341880341880341984e-03 1.014957264957264994e-02
0.000000000000000000e+00 2.096688034188034233e-01 9.284188034188034511e-01 4.807692307692307959e-03 9.081196581196581893e-03
0.000000000000000000e+00 2.139423076923076816e-01 9.324252136752136932e-01 4.807692307692307959e-03 9.081196581196581893e-03
0.000000000000000000e+00 2.288995726495726413e-01 9.448450854700854995e-01 4.807692307692307959e-03 8.279914529914529989e-03
0.000000000000000000e+00 2.346866096866096763e-01 9.501869658119658224e-01 3.917378917378917629e-03 7.745726495726495964e-03
0.000000000000000000e+00 2.416310541310541238e-01 9.588675213675214026e-01 6.054131054131053728e-03 1.068376068376068397e-02
0.000000000000000000e+00 2.596153846153846367e-01 9.742254273504273865e-01 4.629629629629629373e-03 8.279914529914529989e-03
0.000000000000000000e+00 2.536502849002849058e-01 8.516292735042735318e-01 6.588319088319088621e-03 7.745726495726495964e-03
0.000000000000000000e+00 2.751068376068376287e-01 8.672542735042735318e-01 8.903133903133903307e-03 8.547008547008547868e-03
0.000000000000000000e+00 2.749287749287749327e-01 8.482905982905982745e-01 7.834757834757835257e-03 9.081196581196581893e-03
0.000000000000000000e+00 3.047542735042735318e-01 8.724626068376067911e-01 7.656695156695156670e-03 6.677350427350427046e-03
0.000000000000000000e+00 3.072471509971509973e-01 8.918269230769231282e-01 8.368945868945869282e-03 9.081196581196581893e-03
0.000000000000000000e+00 3.142806267806267928e-01 8.779380341880341776e-01 8.903133903133903307e-03 9.081196581196581893e-03
0.000000000000000000e+00 3.198005698005698116e-01 9.014423076923077094e-01 8.547008547008547868e-03 9.081196581196581893e-03
0.000000000000000000e+00 3.336894586894587067e-01 9.115918803418803229e-01 7.478632478632478951e-03 8.012820512820512109e-03
0.000000000000000000e+00 3.725071225071225345e-01 9.409722222222222099e-01 7.122507122507122646e-03 9.615384615384615918e-03
0.000000000000000000e+00 4.205840455840456071e-01 9.760950854700854995e-01 7.834757834757835257e-03 9.348290598290598039e-03
0.000000000000000000e+00 4.684829059829059839e-01 9.409722222222222099e-01 5.341880341880341984e-03 1.175213675213675202e-02
0.000000000000000000e+00 4.727564102564102422e-01 9.276175213675214026e-01 6.054131054131053728e-03 1.175213675213675202e-02
0.000000000000000000e+00 4.272613960113960108e-01 8.946314102564102422e-01 6.588319088319088621e-03 7.745726495726495964e-03
0.000000000000000000e+00 4.306445868945869004e-01 8.647168803418803229e-01 8.725071225071224720e-03 1.255341880341880392e-02
0.000000000000000000e+00 4.794337606837607013e-01 8.627136752136752018e-02 5.876068376068376009e-03 1.335470085470085409e-02
0.000000000000000000e+00 4.749821937321937471e-01 1.117788461538461592e-01 5.876068376068376009e-03 1.362179487179487197e-02
0.000000000000000000e+00 4.813924501424501345e-01 1.314102564102564152e-01 6.232193732193732315e-03 1.228632478632478604e-02
0.000000000000000000e+00 4.594907407407407551e-01 1.853632478632478708e-01 6.232193732193732315e-03 1.228632478632478604e-02
0.000000000000000000e+00 5.007122507122506727e-01 2.405181623931623991e-01 4.273504273504273934e-03 1.201923076923076990e-02
0.000000000000000000e+00 5.057870370370370905e-01 2.391826923076923184e-01 5.163817663817663398e-03 1.201923076923076990e-02
0.000000000000000000e+00 5.102386039886039892e-01 2.362446581196581130e-01 5.519943019943019703e-03 1.148504273504273587e-02
0.000000000000000000e+00 4.995548433048432879e-01 2.706997863247863068e-01 4.451566951566951653e-03 1.255341880341880392e-02
0.000000000000000000e+00 5.043625356125356340e-01 2.686965811965811857e-01 4.451566951566951653e-03 1.121794871794871799e-02
0.000000000000000000e+00 5.137998575498575748e-01 2.660256410256410242e-01 5.163817663817663398e-03 1.014957264957264994e-02
0.000000000000000000e+00 4.908297720797720753e-01 2.829861111111111049e-01 4.095441595441595348e-03 1.095085470085470011e-02
0.000000000000000000e+00 4.811253561253561184e-01 2.845886752136752018e-01 4.273504273504273934e-03 1.095085470085470011e-02
0.000000000000000000e+00 4.821047008547008628e-01 2.978098290598290565e-01 4.095441595441595348e-03 1.282051282051282007e-02
0.000000000000000000e+00 4.838853276353276556e-01 3.150373931623931534e-01 4.095441595441595348e-03 1.255341880341880392e-02
0.000000000000000000e+00 4.934116809116809166e-01 3.110309829059829112e-01 3.561253561253561323e-03 9.348290598290598039e-03
0.000000000000000000e+00 4.966168091168091103e-01 3.448183760683760646e-01 3.561253561253561323e-03 1.014957264957264994e-02
0.000000000000000000e+00 4.993767806267806475e-01 3.733974358974359031e-01 4.451566951566951653e-03 1.121794871794871799e-02
0.000000000000000000e+00 5.005341880341880323e-01 3.871527777777777901e-01 3.917378917378917629e-03 1.148504273504273587e-02
0.000000000000000000e+00 5.024928774928775210e-01 4.222756410256410242e-01 4.273504273504273934e-03 1.228632478632478604e-02
0.000000000000000000e+00 5.066773504273504036e-01 4.670138888888888951e-01 4.451566951566951653e-03 1.148504273504273587e-02
0.000000000000000000e+00 5.097934472934473327e-01 4.991987179487179516e-01 3.917378917378917629e-03 1.121794871794871799e-02
0.000000000000000000e+00 5.112179487179486781e-01 5.134882478632478708e-01 3.917378917378917629e-03 1.095085470085470011e-02
0.000000000000000000e+00 5.125534188034187588e-01 5.263087606837606458e-01 4.451566951566951653e-03 1.201923076923076990e-02
0.000000000000000000e+00 5.069444444444444198e-01 5.674412393162393542e-01 5.698005698005698290e-03 7.211538461538461939e-03
0.000000000000000000e+00 5.256410256410256610e-01 5.754540598290598385e-01 5.698005698005698290e-03 5.608974358974358997e-03
0.000000000000000000e+00 5.284009971509971981e-01 5.813301282051281937e-01 8.368945868945869282e-03 5.608974358974358997e-03
0.000000000000000000e+00 5.282229344729344467e-01 5.873397435897436125e-01 8.012820512820512109e-03 5.876068376068376009e-03
0.000000000000000000e+00 5.540420227920227481e-01 5.770566239316239354e-01 3.739316239316239476e-03 1.362179487179487197e-02
0.000000000000000000e+00 5.405092592592593004e-01 6.036324786324785974e-01 7.656695156695156670e-03 5.876068376068376009e-03
0.000000000000000000e+00 5.307158119658119677e-01 6.056356837606837740e-01 7.300569800569800365e-03 5.074786324786324972e-03
0.000000000000000000e+00 5.284009971509971981e-01 6.129807692307692735e-01 4.095441595441595348e-03 5.876068376068376009e-03
0.000000000000000000e+00 5.357015669515668987e-01 6.319444444444444198e-01 7.656695156695156670e-03 6.410256410256410034e-03
0.000000000000000000e+00 5.427350427350426942e-01 6.290064102564102422e-01 6.410256410256410034e-03 5.876068376068376009e-03
0.000000000000000000e+00 5.299145299145299193e-01 6.550480769230768718e-01 4.629629629629629373e-03 1.041666666666666609e-02
0.000000000000000000e+00 5.323183760683760646e-01 6.693376068376067911e-01 4.807692307692307959e-03 1.068376068376068397e-02
0.000000000000000000e+00 5.178952991452991927e-01 7.434561965811965489e-01 5.163817663817663398e-03 1.095085470085470011e-02
0.000000000000000000e+00 5.116631054131054457e-01 7.725694444444444198e-01 4.095441595441595348e-03 1.095085470085470011e-02
0.000000000000000000e+00 5.013354700854700807e-01 8.129006410256410797e-01 4.451566951566951653e-03 1.095085470085470011e-02
0.000000000000000000e+00 5.007122507122506727e-01 8.299946581196581130e-01 3.917378917378917629e-03 1.308760683760683795e-02
0.000000000000000000e+00 5.080128205128204844e-01 9.101228632478632896e-01 4.273504273504273934e-03 1.201923076923076990e-02
0.000000000000000000e+00 5.113960113960114295e-01 9.464476495726495964e-01 6.410256410256410034e-03 2.056623931623931603e-02
0.000000000000000000e+00 5.142450142450142314e-01 9.654113247863247427e-01 4.985754985754985678e-03 1.308760683760683795e-02
0.000000000000000000e+00 5.339209401709401615e-01 9.217414529914529364e-01 4.451566951566951653e-03 1.014957264957264994e-02
0.000000000000000000e+00 5.315170940170940161e-01 9.493856837606837740e-01 4.273504273504273934e-03 1.201923076923076990e-02
0.000000000000000000e+00 5.404202279202279247e-01 9.480502136752136932e-01 4.629629629629629373e-03 1.201923076923076990e-02
0.000000000000000000e+00 5.172720797720797847e-01 9.973290598290598385e-01 4.273504273504273934e-03 4.807692307692307959e-03
0.000000000000000000e+00 5.966880341880341776e-01 9.942574786324785974e-01 5.698005698005698290e-03 1.095085470085470011e-02
0.000000000000000000e+00 6.076388888888888395e-01 9.975961538461538547e-01 4.451566951566951653e-03 4.273504273504273934e-03
0.000000000000000000e+00 6.072827635327635587e-01 9.576655982905982745e-01 4.807692307692307959e-03 1.148504273504273587e-02
0.000000000000000000e+00 5.921474358974359031e-01 9.576655982905982745e-01 6.232193732193732315e-03 6.143162393162393022e-03
0.000000000000000000e+00 5.916132478632478708e-01 9.515224358974359031e-01 6.944444444444444059e-03 7.745726495726495964e-03
0.000000000000000000e+00 5.903668091168091658e-01 9.451121794871795156e-01 6.944444444444444059e-03 6.143162393162393022e-03
0.000000000000000000e+00 5.822649572649573058e-01 8.966346153846154188e-01 7.834757834757835257e-03 7.478632478632478951e-03
0.000000000000000000e+00 5.830662393162393542e-01 9.033119658119658224e-01 8.012820512820512109e-03 8.012820512820512109e-03
0.000000000000000000e+00 5.843126780626780592e-01 9.095886752136752573e-01 8.012820512820512109e-03 7.745726495726495964e-03
0.000000000000000000e+00 5.849358974358974672e-01 9.166666666666666297e-01 7.122507122507122646e-03 6.410256410256410034e-03
0.000000000000000000e+00 5.348112535612535856e-01 9.602029914529915111e-02 9.081196581196581893e-03 8.279914529914529989e-03
0.000000000000000000e+00 5.487001424501424252e-01 2.637553418803418870e-01 8.012820512820512109e-03 7.211538461538461939e-03
0.000000000000000000e+00 5.613425925925925597e-01 2.538728632478632341e-01 8.368945868945869282e-03 6.677350427350427046e-03
0.000000000000000000e+00 5.725605413105413488e-01 2.509348290598290565e-01 7.300569800569800365e-03 5.608974358974358997e-03
0.000000000000000000e+00 5.900997150997151497e-01 2.469284188034188143e-01 6.410256410256410034e-03 6.143162393162393022e-03
0.000000000000000000e+00 6.000712250712251228e-01 2.438568376068376009e-01 8.903133903133903307e-03 6.944444444444444059e-03
0.000000000000000000e+00 5.574252136752136932e-01 7.861912393162393542e-01 4.451566951566951653e-03 1.041666666666666609e-02
0.000000000000000000e+00 5.698005698005698116e-01 7.896634615384615641e-01 4.273504273504273934e-03 9.882478632478632063e-03
0.000000000000000000e+00 5.735398860398860377e-01 8.055555555555555802e-01 6.054131054131053728e-03 1.602564102564102422e-02
0.000000000000000000e+00 5.610754985754985436e-01 8.056891025641025328e-01 5.341880341880341984e-03 1.308760683760683795e-02
0.000000000000000000e+00 5.654380341880341776e-01 8.318643162393162260e-01 5.163817663817663398e-03 1.362179487179487197e-02
0.000000000000000000e+00 5.701566951566952035e-01 8.548344017094017255e-01 4.273504273504273934e-03 9.882478632478632063e-03
0.000000000000000000e+00 5.776353276353276556e-01 8.442841880341880323e-01 4.985754985754985678e-03 1.282051282051282007e-02
0.000000000000000000e+00 6.091524216524216717e-01 8.723290598290598385e-01 6.766381766381766340e-03 7.478632478632478951e-03
0.000000000000000000e+00 6.284722222222222099e-01 8.640491452991453381e-01 8.012820512820512109e-03 8.012820512820512109e-03
0.000000000000000000e+00 6.407585470085470636e-01 8.724626068376067911e-01 5.163817663817663398e-03 1.255341880341880392e-02
0.000000000000000000e+00 6.500178062678062529e-01 8.572382478632478708e-01 8.725071225071224720e-03 8.279914529914529989e-03
0.000000000000000000e+00 6.863425925925925597e-01 9.322916666666666297e-01 9.793447293447292770e-03 9.882478632478632063e-03
0.000000000000000000e+00 6.826923076923077094e-01 9.139957264957264682e-01 1.032763532763532680e-02 1.068376068376068397e-02
0.000000000000000000e+00 6.915954415954416179e-01 9.090544871794872250e-01 6.766381766381766340e-03 6.143162393162393022e-03
0.000000000000000000e+00 7.250712250712251228e-01 9.083867521367521292e-01 6.766381766381766340e-03 8.012820512820512109e-03
0.000000000000000000e+00 5.914351851851852304e-01 7.142094017094017255e-01 7.300569800569800365e-03 6.944444444444444059e-03
0.000000000000000000e+00 6.082621082621082476e-01 7.071314102564102422e-01 7.834757834757835257e-03 7.745726495726495964e-03
0.000000000000000000e+00 5.911680911680912143e-01 6.885683760683760646e-01 5.341880341880341984e-03 1.228632478632478604e-02
0.000000000000000000e+00 5.981125356125356340e-01 6.864316239316239354e-01 4.629629629629629373e-03 1.175213675213675202e-02
0.000000000000000000e+00 6.056801994301994618e-01 6.836271367521367104e-01 5.163817663817663398e-03 1.095085470085470011e-02
0.000000000000000000e+00 6.428062678062678170e-01 6.881677350427350959e-01 8.190883190883190695e-03 9.348290598290598039e-03
0.000000000000000000e+00 6.509081196581196771e-01 6.813568376068376287e-01 6.232193732193732315e-03 7.478632478632478951e-03
0.000000000000000000e+00 6.579415954415954726e-01 6.760149572649573058e-01 7.122507122507122646e-03 8.012820512820512109e-03
0.000000000000000000e+00 6.837606837606837740e-01 6.838942307692307265e-01 5.341880341880341984e-03 1.095085470085470011e-02
0.000000000000000000e+00 6.890135327635327211e-01 6.996527777777777901e-01 5.519943019943019703e-03 1.095085470085470011e-02
0.000000000000000000e+00 6.944444444444444198e-01 6.809561965811965489e-01 6.054131054131053728e-03 1.201923076923076990e-02
0.000000000000000000e+00 7.001424501424501345e-01 6.980502136752136932e-01 6.410256410256410034e-03 1.255341880341880392e-02
0.000000000000000000e+00 7.102920227920227481e-01 7.283653846153845812e-01 5.341880341880341984e-03 1.068376068376068397e-02
0.000000000000000000e+00 6.971153846153845812e-01 7.231570512820513219e-01 3.917378917378917629e-03 8.814102564102564014e-03
0.000000000000000000e+00 7.030804843304843121e-01 7.418536324786324521e-01 6.232193732193732315e-03 1.255341880341880392e-02
0.000000000000000000e+00 7.082443019943019946e-01 7.585470085470085166e-01 5.519943019943019703e-03 1.068376068376068397e-02
0.000000000000000000e+00 7.134081196581196771e-01 7.732371794871795156e-01 6.232193732193732315e-03 1.282051282051282007e-02
0.000000000000000000e+00 7.211538461538461453e-01 7.979433760683760646e-01 6.410256410256410034e-03 1.308760683760683795e-02
0.000000000000000000e+00 7.303240740740740700e-01 8.245192307692307265e-01 6.588319088319088621e-03 1.335470085470085409e-02
0.000000000000000000e+00 7.179487179487179516e-01 7.520032051282051766e-01 6.766381766381766340e-03 1.362179487179487197e-02
0.000000000000000000e+00 7.262286324786324521e-01 7.771100427350426942e-01 6.588319088319088621e-03 1.362179487179487197e-02
0.000000000000000000e+00 7.303240740740740700e-01 7.912660256410256610e-01 6.232193732193732315e-03 1.308760683760683795e-02
0.000000000000000000e+00 7.432336182336182206e-01 8.297275641025640969e-01 6.054131054131053728e-03 1.255341880341880392e-02
0.000000000000000000e+00 7.342414529914529364e-01 8.388087606837606458e-01 5.163817663817663398e-03 1.041666666666666609e-02
0.000000000000000000e+00 7.386930199430199462e-01 8.533653846153845812e-01 6.588319088319088621e-03 1.335470085470085409e-02
0.000000000000000000e+00 7.341524216524216717e-01 8.997061965811965489e-01 8.547008547008547868e-03 7.745726495726495964e-03
0.000000000000000000e+00 7.435007122507122368e-01 8.951655982905982745e-01 8.012820512820512109e-03 7.211538461538461939e-03
0.000000000000000000e+00 7.463497150997151497e-01 8.870192307692307265e-01 7.300569800569800365e-03 6.410256410256410034e-03
0.000000000000000000e+00 7.658475783475783283e-01 9.051816239316239354e-01 7.834757834757835257e-03 1.602564102564102422e-02
0.000000000000000000e+00 7.567663817663817794e-01 9.159989316239316448e-01 5.698005698005698290e-03 1.148504273504273587e-02
0.000000000000000000e+00 7.721688034188034511e-01 9.305555555555555802e-01 5.876068376068376009e-03 1.282051282051282007e-02
0.000000000000000000e+00 7.753739316239316448e-01 9.443108974358974672e-01 6.232193732193732315e-03 1.362179487179487197e-02
0.000000000000000000e+00 7.674501424501424252e-01 9.561965811965812412e-01 5.698005698005698290e-03 1.175213675213675202e-02
0.000000000000000000e+00 7.716346153846154188e-01 9.704861111111111605e-01 5.876068376068376009e-03 1.201923076923076990e-02
0.000000000000000000e+00 7.868589743589743390e-01 9.858440170940171443e-01 6.054131054131053728e-03 1.282051282051282007e-02
0.000000000000000000e+00 7.897970085470085166e-01 9.967948717948718063e-01 4.807692307692307959e-03 6.410256410256410034e-03
0.000000000000000000e+00 6.382656695156695426e-01 5.694444444444444198e-01 8.012820512820512109e-03 1.388888888888888812e-02
0.000000000000000000e+00 6.464565527065526673e-01 5.881410256410256610e-01 6.944444444444444059e-03 1.282051282051282007e-02
0.000000000000000000e+00 6.603454415954416179e-01 5.900106837606837740e-01 6.232193732193732315e-03 1.121794871794871799e-02
0.000000000000000000e+00 6.652421652421652842e-01 6.016292735042735318e-01 6.054131054131053728e-03 1.041666666666666609e-02
0.000000000000000000e+00 6.704950142450142314e-01 6.140491452991453381e-01 6.944444444444444059e-03 1.228632478632478604e-02
0.000000000000000000e+00 6.861645299145299193e-01 5.377938034188034511e-01 8.368945868945869282e-03 6.677350427350427046e-03
0.000000000000000000e+00 6.553596866096865758e-01 5.408653846153845812e-01 6.944444444444444059e-03 5.876068376068376009e-03
0.000000000000000000e+00 5.827101139601139623e-01 4.373664529914529919e-01 5.519943019943019703e-03 1.148504273504273587e-02
0.000000000000000000e+00 5.929487179487179516e-01 4.305555555555555802e-01 6.766381766381766340e-03 1.442307692307692388e-02
0.000000000000000000e+00 5.876958689458688934e-01 4.141292735042735318e-01 6.232193732193732315e-03 1.255341880341880392e-02
0.000000000000000000e+00 5.787927350427350959e-01 4.244123931623931534e-01 4.807692307692307959e-03 1.014957264957264994e-02
0.000000000000000000e+00 5.687321937321937471e-01 3.916933760683760646e-01 5.698005698005698290e-03 1.201923076923076990e-02
0.000000000000000000e+00 5.378383190883191389e-01 2.913995726495726690e-01 6.588319088319088621e-03 1.228632478632478604e-02
0.000000000000000000e+00 6.119123931623932089e-01 7.451923076923076816e-02 7.300569800569800365e-03 5.876068376068376009e-03
0.000000000000000000e+00 6.381766381766381668e-01 6.797542735042734485e-02 6.766381766381766340e-03 5.608974358974358997e-03
0.000000000000000000e+00 6.470797720797720753e-01 6.717414529914529642e-02 7.834757834757835257e-03 6.677350427350427046e-03
0.000000000000000000e+00 6.740562678062678170e-01 7.558760683760683274e-02 4.451566951566951653e-03 1.121794871794871799e-02
0.000000000000000000e+00 6.875890313390313757e-01 7.331730769230769551e-02 4.451566951566951653e-03 1.041666666666666609e-02
0.000000000000000000e+00 6.917735042735042583e-01 7.224893162393161705e-02 3.917378917378917629e-03 1.041666666666666609e-02
0.000000000000000000e+00 6.686253561253561184e-01 4.046474358974359170e-02 4.629629629629629373e-03 1.362179487179487197e-02
0.000000000000000000e+00 6.884793447293446889e-01 3.285256410256410381e-02 4.451566951566951653e-03 1.282051282051282007e-02
0.000000000000000000e+00 6.972044159544159569e-01 1.722756410256410381e-02 4.807692307692307959e-03 1.522435897435897405e-02
0.000000000000000000e+00 6.833155270655271174e-01 1.745459401709401615e-01 6.232193732193732315e-03 6.143162393162393022e-03
0.000000000000000000e+00 6.850071225071224790e-01 1.804220085470085444e-01 7.122507122507122646e-03 6.677350427350427046e-03
0.000000000000000000e+00 6.856303418803418870e-01 1.919070512820512941e-01 9.081196581196581893e-03 7.745726495726495964e-03
0.000000000000000000e+00 6.868767806267805920e-01 2.055288461538461453e-01 7.300569800569800365e-03 6.143162393162393022e-03
0.000000000000000000e+00 6.848290598290598385e-01 2.248931623931623991e-01 6.410256410256410034e-03 6.944444444444444059e-03
0.000000000000000000e+00 6.768162393162393542e-01 2.271634615384615363e-01 7.122507122507122646e-03 6.677350427350427046e-03
0.000000000000000000e+00 6.079950142450142314e-01 2.419871794871794879e-01 7.656695156695156670e-03 5.876068376068376009e-03
0.000000000000000000e+00 6.137820512820513219e-01 2.546741452991452825e-01 9.259259259259258745e-03 4.006410256410256054e-03
0.000000000000000000e+00 6.225961538461538547e-01 2.529380341880341776e-01 6.944444444444444059e-03 4.807692307692307959e-03
0.000000000000000000e+00 6.330128205128204844e-01 2.504006410256410242e-01 8.547008547008547868e-03 5.608974358974358997e-03
0.000000000000000000e+00 6.408475783475783283e-01 2.482638888888888951e-01 5.698005698005698290e-03 4.540598290598290947e-03
0.000000000000000000e+00 6.479700854700854995e-01 2.465277777777777901e-01 6.766381766381766340e-03 5.341880341880341984e-03
0.000000000000000000e+00 6.578525641025640969e-01 2.438568376068376009e-01 8.368945868945869282e-03 6.410256410256410034e-03
0.000000000000000000e+00 6.668447293447293811e-01 2.414529914529914556e-01 7.122507122507122646e-03 4.273504273504273934e-03
0.000000000000000000e+00 6.321225071225071712e-01 2.371794871794871695e-01 7.122507122507122646e-03 5.876068376068376009e-03
0.000000000000000000e+00 6.472578347578347158e-01 2.335737179487179516e-01 8.547008547008547868e-03 6.143162393162393022e-03
0.000000000000000000e+00 6.556267806267805920e-01 2.319711538461538547e-01 6.410256410256410034e-03 5.608974358974358997e-03
0.000000000000000000e+00 6.638176638176638278e-01 2.290331196581196493e-01 6.766381766381766340e-03 6.143162393162393022e-03
0.000000000000000000e+00 6.801103988603988126e-01 2.391826923076923184e-01 8.012820512820512109e-03 6.143162393162393022e-03
0.000000000000000000e+00 6.894586894586894887e-01 2.366452991452991372e-01 9.615384615384615918e-03 6.410256410256410034e-03
0.000000000000000000e+00 7.054843304843304574e-01 2.327724358974359031e-01 7.834757834757835257e-03 6.143162393162393022e-03
0.000000000000000000e+00 7.134971509971509418e-01 2.180822649572649596e-01 7.478632478632478951e-03 5.608974358974358997e-03
0.000000000000000000e+00 7.387820512820513219e-01 2.120726495726495686e-01 7.478632478632478951e-03 6.410256410256410034e-03
0.000000000000000000e+00 7.472400284900284628e-01 2.103365384615384637e-01 9.081196581196581893e-03 7.211538461538461939e-03
0.000000000000000000e+00 7.704772079772079785e-01 2.051282051282051211e-01 8.190883190883190695e-03 5.876068376068376009e-03
0.000000000000000000e+00 7.820512820512820484e-01 2.012553418803418870e-01 8.547008547008547868e-03 6.677350427350427046e-03
0.000000000000000000e+00 7.613069800569800538e-01 2.208867521367521292e-01 6.588319088319088621e-03 5.341880341880341984e-03
0.000000000000000000e+00 7.939814814814815103e-01 2.130074786324786251e-01 6.410256410256410034e-03 5.074786324786324972e-03
0.000000000000000000e+00 8.034188034188034511e-01 2.106036324786324798e-01 8.190883190883190695e-03 7.211538461538461939e-03
0.000000000000000000e+00 8.547898860398860377e-01 1.988514957264957139e-01 9.437321937321937332e-03 7.745726495726495964e-03
0.000000000000000000e+00 7.254273504273504036e-01 4.834401709401709574e-02 6.410256410256410034e-03 5.876068376068376009e-03
0.000000000000000000e+00 7.265847578347578439e-01 6.677350427350427220e-02 6.588319088319088621e-03 6.410256410256410034e-03
0.000000000000000000e+00 7.361111111111111605e-01 4.607371794871795156e-02 8.547008547008547868e-03 6.143162393162393022e-03
0.000000000000000000e+00 7.575676638176638278e-01 4.113247863247863206e-02 8.012820512820512109e-03 6.410256410256410034e-03
0.000000000000000000e+00 7.704772079772079785e-01 5.635683760683760785e-02 8.903133903133903307e-03 7.478632478632478951e-03
0.000000000000000000e+00 7.791132478632478708e-01 3.672542735042735179e-02 8.012820512820512109e-03 6.677350427350427046e-03
0.000000000000000000e+00 7.814280626780626404e-01 5.422008547008547175e-02 8.368945868945869282e-03 6.410256410256410034e-03
0.000000000000000000e+00 7.940705128205127750e-01 5.101495726495726413e-02 8.012820512820512109e-03 6.410256410256410034e-03
0.000000000000000000e+00 8.058226495726495964e-01 4.821047008547008766e-02 6.588319088319088621e-03 6.143162393162393022e-03
0.000000000000000000e+00 7.940705128205127750e-01 3.338675213675213610e-02 8.012820512820512109e-03 8.012820512820512109e-03
0.000000000000000000e+00 8.044871794871795156e-01 3.031517094017094002e-02 8.190883190883190695e-03 6.677350427350427046e-03
0.000000000000000000e+00 8.190883190883191389e-01 5.555555555555555247e-02 4.273504273504273934e-03 1.282051282051282007e-02
0.000000000000000000e+00 8.243411680911680861e-01 5.462072649572649596e-02 4.807692307692307959e-03 1.308760683760683795e-02
0.000000000000000000e+00 8.284366096866097040e-01 5.408653846153846367e-02 4.095441595441595348e-03 1.041666666666666609e-02
0.000000000000000000e+00 8.318198005698005382e-01 5.221688034188034372e-02 3.739316239316239476e-03 9.882478632478632063e-03
0.000000000000000000e+00 8.143696581196581130e-01 1.762820512820512803e-02 4.451566951566951653e-03 1.175213675213675202e-02
0.000000000000000000e+00 8.190883190883191389e-01 1.682692307692307612e-02 4.273504273504273934e-03 1.228632478632478604e-02
0.000000000000000000e+00 8.240740740740740700e-01 1.682692307692307612e-02 4.629629629629629373e-03 1.335470085470085409e-02
0.000000000000000000e+00 8.309294871794872250e-01 1.362179487179487197e-02 4.451566951566951653e-03 1.175213675213675202e-02
0.000000000000000000e+00 8.356481481481481399e-01 1.201923076923076990e-02 3.917378917378917629e-03 1.121794871794871799e-02
0.000000000000000000e+00 8.925391737891738009e-01 3.356036324786324521e-01 4.807692307692307959e-03 1.095085470085470011e-02
0.000000000000000000e+00 8.953881766381766028e-01 3.592414529914529919e-01 4.095441595441595348e-03 1.121794871794871799e-02
0.000000000000000000e+00 8.971688034188034511e-01 3.748664529914529919e-01 5.519943019943019703e-03 1.255341880341880392e-02
0.000000000000000000e+00 9.272613960113960108e-01 3.844818376068376287e-01 4.807692307692307959e-03 1.148504273504273587e-02
0.000000000000000000e+00 9.355413105413105113e-01 3.803418803418803229e-01 4.985754985754985678e-03 1.068376068376068397e-02
0.000000000000000000e+00 9.399928774928775210e-01 3.798076923076922906e-01 4.985754985754985678e-03 7.478632478632478951e-03
0.000000000000000000e+00 9.560185185185184897e-01 3.478899572649572502e-01 5.341880341880341984e-03 1.201923076923076990e-02
0.000000000000000000e+00 9.618945868945868449e-01 3.465544871794871695e-01 7.122507122507122646e-03 1.308760683760683795e-02
0.000000000000000000e+00 9.744480056980057148e-01 3.748664529914529919e-01 7.300569800569800365e-03 1.041666666666666609e-02
0.000000000000000000e+00 9.775641025641025328e-01 3.839476495726495964e-01 4.273504273504273934e-03 8.279914529914529989e-03
0.000000000000000000e+00 9.790776353276353650e-01 3.956997863247863068e-01 5.163817663817663398e-03 9.882478632478632063e-03
0.000000000000000000e+00 9.810363247863247427e-01 4.057158119658119677e-01 6.944444444444444059e-03 1.121794871794871799e-02
0.000000000000000000e+00 9.030448717948718063e-01 4.449786324786324521e-01 4.095441595441595348e-03 1.121794871794871799e-02
0.000000000000000000e+00 9.068732193732194080e-01 4.847756410256410242e-01 4.273504273504273934e-03 1.388888888888888812e-02
0.000000000000000000e+00 9.862891737891738009e-01 4.286858974358974117e-01 5.698005698005698290e-03 1.282051282051282007e-02
0.000000000000000000e+00 9.904736467236466835e-01 4.276175213675213471e-01 4.807692307692307959e-03 1.228632478632478604e-02
0.000000000000000000e+00 9.843304843304843121e-01 4.437767094017093794e-01 4.985754985754985678e-03 1.201923076923076990e-02
0.000000000000000000e+00 9.888710826210825866e-01 4.411057692307692180e-01 4.807692307692307959e-03 1.148504273504273587e-02
0.000000000000000000e+00 9.926994301994301884e-01 4.393696581196581130e-01 4.985754985754985678e-03 1.228632478632478604e-02
0.000000000000000000e+00 9.968839031339031820e-01 4.377670940170940161e-01 4.451566951566951653e-03 1.282051282051282007e-02
0.000000000000000000e+00 9.880698005698005382e-01 4.670138888888888951e-01 6.054131054131053728e-03 1.308760683760683795e-02
0.000000000000000000e+00 9.957264957264957417e-01 4.646100427350427498e-01 5.698005698005698290e-03 1.201923076923076990e-02
0.000000000000000000e+00 9.167556980056980054e-01 5.918803418803418870e-01 4.451566951566951653e-03 6.944444444444444059e-03
0.000000000000000000e+00 9.791666666666666297e-01 5.926816239316239354e-01 7.478632478632478951e-03 8.012820512820512109e-03
0.000000000000000000e+00 9.899394586894586512e-01 5.882745726495726135e-01 8.368945868945869282e-03 7.211538461538461939e-03
0.000000000000000000e+00 8.603988603988603767e-01 5.380608974358974672e-01 6.054131054131053728e-03 1.469017094017094002e-02
0.000000000000000000e+00 8.647613960113960108e-01 5.669070512820513219e-01 4.451566951566951653e-03 1.201923076923076990e-02
0.000000000000000000e+00 8.737535612535612950e-01 5.657051282051281937e-01 4.273504273504273934e-03 1.228632478632478604e-02
0.000000000000000000e+00 8.743767806267805920e-01 5.905448717948718063e-01 7.300569800569800365e-03 6.410256410256410034e-03
0.000000000000000000e+00 8.649394586894586512e-01 6.018963675213675479e-01 4.451566951566951653e-03 1.095085470085470011e-02
0.000000000000000000e+00 7.301460113960114295e-01 6.514423076923077094e-01 9.793447293447292770e-03 6.944444444444444059e-03
0.000000000000000000e+00 7.405626780626780592e-01 6.535790598290598385e-01 7.122507122507122646e-03 5.876068376068376009e-03
0.000000000000000000e+00 7.530270655270655533e-01 6.471688034188034511e-01 7.478632478632478951e-03 6.410256410256410034e-03
0.000000000000000000e+00 7.647792022792022637e-01 6.749465811965812412e-01 4.629629629629629373e-03 1.282051282051282007e-02
0.000000000000000000e+00 7.716346153846154188e-01 6.850961538461538547e-01 5.876068376068376009e-03 1.549145299145299193e-02
0.000000000000000000e+00 7.782229344729344467e-01 6.637286324786324521e-01 6.944444444444444059e-03 6.410256410256410034e-03
0.000000000000000000e+00 7.877492877492877632e-01 6.653311965811965489e-01 6.766381766381766340e-03 5.876068376068376009e-03
0.000000000000000000e+00 7.958511396011396233e-01 6.535790598290598385e-01 7.300569800569800365e-03 6.410256410256410034e-03
0.000000000000000000e+00 7.978988603988603767e-01 6.666666666666666297e-01 9.259259259259258745e-03 6.410256410256410034e-03
0.000000000000000000e+00 8.050213675213675479e-01 6.619925213675214026e-01 7.122507122507122646e-03 5.608974358974358997e-03
0.000000000000000000e+00 8.072471509971509418e-01 6.678685897435897578e-01 7.300569800569800365e-03 6.143162393162393022e-03
0.000000000000000000e+00 8.133903133903134242e-01 6.637286324786324521e-01 9.259259259259258745e-03 7.478632478632478951e-03
0.000000000000000000e+00 8.333333333333333703e-01 6.712072649572649041e-01 8.190883190883190695e-03 6.410256410256410034e-03
0.000000000000000000e+00 8.461538461538461453e-01 6.737446581196581130e-01 6.766381766381766340e-03 6.677350427350427046e-03
0.000000000000000000e+00 8.641381766381766028e-01 6.754807692307692735e-01 7.478632478632478951e-03 6.410256410256410034e-03
0.000000000000000000e+00 8.806089743589743390e-01 6.782852564102563875e-01 6.944444444444444059e-03 6.143162393162393022e-03
0.000000000000000000e+00 8.901353276353276556e-01 6.794871794871795156e-01 6.766381766381766340e-03 5.876068376068376009e-03
0.000000000000000000e+00 9.372329059829059839e-01 7.912660256410256610e-01 6.232193732193732315e-03 1.789529914529914417e-02
0.000000000000000000e+00 9.009081196581196771e-01 8.446848290598291120e-01 5.519943019943019703e-03 1.255341880341880392e-02
0.000000000000000000e+00 9.049145299145299193e-01 8.432158119658119677e-01 4.985754985754985678e-03 1.335470085470085409e-02
0.000000000000000000e+00 9.165776353276353650e-01 8.692574786324785974e-01 4.807692307692307959e-03 1.095085470085470011e-02
0.000000000000000000e+00 9.117699430199430743e-01 8.711271367521367104e-01 4.451566951566951653e-03 1.255341880341880392e-02
0.000000000000000000e+00 9.077635327635327211e-01 8.725961538461538547e-01 4.985754985754985678e-03 1.495726495726495790e-02
0.000000000000000000e+00 9.065170940170940161e-01 8.870192307692307265e-01 4.273504273504273934e-03 1.068376068376068397e-02
0.000000000000000000e+00 9.105235042735042583e-01 8.860844017094017255e-01 4.095441595441595348e-03 1.041666666666666609e-02
0.000000000000000000e+00 9.058938746438746081e-01 9.168002136752136932e-01 6.232193732193732315e-03 1.362179487179487197e-02
0.000000000000000000e+00 9.101673789173788665e-01 9.174679487179486781e-01 4.451566951566951653e-03 1.014957264957264994e-02
0.000000000000000000e+00 9.146189458689458762e-01 9.151976495726495964e-01 4.095441595441595348e-03 1.095085470085470011e-02
0.000000000000000000e+00 9.189814814814815103e-01 9.129273504273504036e-01 4.273504273504273934e-03 1.014957264957264994e-02
0.000000000000000000e+00 9.023326210826211335e-01 9.634081196581196771e-01 8.012820512820512109e-03 6.944444444444444059e-03
0.000000000000000000e+00 9.038461538461538547e-01 9.782318376068376287e-01 6.410256410256410034e-03 6.143162393162393022e-03
0.000000000000000000e+00 9.188034188034187588e-01 9.873130341880341776e-01 4.985754985754985678e-03 1.095085470085470011e-02
0.000000000000000000e+00 9.252136752136752573e-01 9.861111111111111605e-01 4.629629629629629373e-03 1.121794871794871799e-02
0.000000000000000000e+00 9.303774928774928288e-01 9.851762820512820484e-01 4.273504273504273934e-03 1.041666666666666609e-02
0.000000000000000000e+00 9.375890313390313757e-01 9.822382478632478708e-01 4.095441595441595348e-03 9.882478632478632063e-03
0.000000000000000000e+00 2.092236467236467320e-02 5.122863247863247427e-01 5.163817663817663398e-03 1.282051282051282007e-02
0.000000000000000000e+00 1.998753561253561184e-01 2.831196581196581200e-02 3.739316239316239476e-03 1.228632478632478604e-02
0.000000000000000000e+00 2.753739316239316448e-01 4.226762820512820484e-01 5.163817663817663398e-03 8.814102564102564014e-03
0.000000000000000000e+00 4.366096866096866314e-01 1.542467948717948789e-01 5.341880341880341984e-03 9.348290598290598039e-03
0.000000000000000000e+00 5.635683760683760646e-01 3.754006410256410242e-01 5.341880341880341984e-03 1.095085470085470011e-02
0.000000000000000000e+00 5.575142450142450690e-01 3.543002136752136932e-01 2.849002849002849145e-03 4.540598290598290947e-03
0.000000000000000000e+00 4.753383190883190834e-01 9.970619658119658224e-01 4.095441595441595348e-03 5.341880341880341984e-03
0.000000000000000000e+00 5.358796296296296502e-01 9.504540598290598385e-01 3.027065527065526864e-03 9.348290598290598039e-03
0.000000000000000000e+00 5.726495726495726135e-01 2.636217948717948789e-01 8.190883190883190695e-03 5.341880341880341984e-03
0.000000000000000000e+00 7.510683760683760646e-01 4.377670940170940161e-01 1.246438746438746463e-02 7.478632478632478951e-03
0.000000000000000000e+00 8.230947293447293811e-01 4.103899572649572502e-01 1.050569800569800538e-02 6.677350427350427046e-03
0.000000000000000000e+00 7.777777777777777901e-01 7.445245726495726135e-01 5.341880341880341984e-03 1.362179487179487197e-02
0.000000000000000000e+00 7.856125356125356340e-01 7.453258547008546619e-01 1.032763532763532680e-02 9.882478632478632063e-03
0.000000000000000000e+00 7.962072649572649041e-01 7.479967948717948234e-01 1.014957264957264994e-02 8.279914529914529989e-03
0.000000000000000000e+00 8.073361823361823175e-01 7.489316239316239354e-01 1.246438746438746463e-02 7.478632478632478951e-03
0.000000000000000000e+00 8.123219373219373596e-01 7.626869658119658224e-01 5.698005698005698290e-03 1.415598290598290600e-02
0.000000000000000000e+00 9.263710826210825866e-01 3.059561965811966044e-01 6.232193732193732315e-03 5.074786324786324972e-03
0.000000000000000000e+00 9.277065527065526673e-01 3.265224358974359031e-01 7.478632478632478951e-03 5.608974358974358997e-03
0.000000000000000000e+00 9.315349002849002691e-01 3.474893162393162260e-01 6.944444444444444059e-03 5.876068376068376009e-03
0.000000000000000000e+00 9.972400284900284628e-01 3.384081196581196771e-01 3.739316239316239476e-03 4.807692307692307959e-03
0.000000000000000000e+00 9.150641025641025328e-01 8.253205128205127750e-01 4.985754985754985678e-03 9.081196581196581893e-03
0.000000000000000000e+00 9.216524216524216717e-01 8.251869658119658224e-01 7.122507122507122646e-03 1.095085470085470011e-02
0.000000000000000000e+00 4.318910256410256610e-01 1.399572649572649596e-01 8.725071225071224720e-03 1.014957264957264994e-02
