0.000000000000000000e+00 1.087072649572649596e-01 5.208333333333333044e-03 5.876068376068376009e-03 9.348290598290598039e-03
0.000000000000000000e+00 8.422364672364672511e-02 9.321581196581196771e-02 6.410256410256410034e-03 8.547008547008547868e-03
0.000000000000000000e+00 6.775284900284900269e-02 1.354166666666666574e-01 4.451566951566951653e-03 1.175213675213675202e-02
0.000000000000000000e+00 5.172720797720797847e-02 1.668002136752136655e-01 4.095441595441595348e-03 9.348290598290598039e-03
0.000000000000000000e+00 4.798789173789173856e-02 1.717414529914529919e-01 4.451566951566951653e-03 1.228632478632478604e-02
0.000000000000000000e+00 4.442663817663817377e-02 1.789529914529914556e-01 4.451566951566951653e-03 1.121794871794871799e-02
0.000000000000000000e+00 4.050925925925925875e-02 1.869658119658119677e-01 4.451566951566951653e-03 1.121794871794871799e-02
0.000000000000000000e+00 3.249643874643874664e-02 2.008547008547008628e-01 4.807692307692307959e-03 1.175213675213675202e-02
0.000000000000000000e+00 2.448361823361823453e-02 2.164797008547008628e-01 4.807692307692307959e-03 1.255341880341880392e-02
0.000000000000000000e+00 1.335470085470085409e-02 2.374465811965811857e-01 4.629629629629629373e-03 1.068376068376068397e-02
0.000000000000000000e+00 1.283831908831908897e-01 1.619925213675213749e-01 6.054131054131053728e-03 6.677350427350427046e-03
0.000000000000000000e+00 1.276709401709401615e-01 1.689369658119658224e-01 7.122507122507122646e-03 6.143162393162393022e-03
0.000000000000000000e+00 1.250890313390313480e-01 1.821581196581196493e-01 7.300569800569800365e-03 5.876068376068376009e-03
0.000000000000000000e+00 1.227742165242165229e-01 1.901709401709401615e-01 7.300569800569800365e-03 5.341880341880341984e-03
0.000000000000000000e+00 1.392450142450142314e-01 1.923076923076923184e-01 6.766381766381766340e-03 8.547008547008547868e-03
0.000000000000000000e+00 1.415598290598290565e-01 1.848290598290598385e-01 7.122507122507122646e-03 1.014957264957264994e-02
0.000000000000000000e+00 1.437856125356125336e-01 1.781517094017094072e-01 6.588319088319088621e-03 9.081196581196581893e-03
0.000000000000000000e+00 1.637286324786324798e-01 1.925747863247863345e-01 6.232193732193732315e-03 9.615384615384615918e-03
0.000000000000000000e+00 1.775284900284900269e-01 2.216880341880341776e-01 6.410256410256410034e-03 1.014957264957264994e-02
0.000000000000000000e+00 1.195690883190883153e-01 2.033920940170940161e-01 6.588319088319088621e-03 5.074786324786324972e-03
0.000000000000000000e+00 1.181445868945869004e-01 2.102029914529914556e-01 6.588319088319088621e-03 5.341880341880341984e-03
0.000000000000000000e+00 1.171652421652421699e-01 2.163461538461538547e-01 8.190883190883190695e-03 5.341880341880341984e-03
0.000000000000000000e+00 1.161858974358974395e-01 2.234241452991453103e-01 9.437321937321937332e-03 7.745726495726495964e-03
0.000000000000000000e+00 1.449430199430199462e-01 2.430555555555555525e-01 7.834757834757835257e-03 1.014957264957264994e-02
0.000000000000000000e+00 1.642628205128205121e-01 2.478632478632478708e-01 6.944444444444444059e-03 1.175213675213675202e-02
0.000000000000000000e+00 1.518874643874643937e-01 2.701655982905982745e-01 6.766381766381766340e-03 1.148504273504273587e-02
0.000000000000000000e+00 1.984508547008546897e-01 1.295405982905983022e-01 7.656695156695156670e-03 1.014957264957264994e-02
0.000000000000000000e+00 2.042378917378917247e-01 1.426282051282051211e-01 5.698005698005698290e-03 1.068376068376068397e-02
0.000000000000000000e+00 2.599715099715099731e-01 6.276709401709401615e-02 5.698005698005698290e-03 8.012820512820512109e-03
0.000000000000000000e+00 2.905982905982906206e-01 3.071581196581196424e-02 8.903133903133903307e-03 9.615384615384615918e-03
0.000000000000000000e+00 3.019943019943019946e-01 2.083333333333333218e-02 9.615384615384615918e-03 8.012820512820512109e-03
0.000000000000000000e+00 3.275462962962962798e-01 2.978098290598290426e-02 4.451566951566951653e-03 1.148504273504273587e-02
0.000000000000000000e+00 3.392984330484330457e-01 2.163461538461538408e-02 4.095441595441595348e-03 1.014957264957264994e-02
0.000000000000000000e+00 3.523860398860398924e-01 5.608974358974358997e-03 7.122507122507122646e-03 6.410256410256410034e-03
0.000000000000000000e+00 4.068732193732193386e-02 3.412126068376068466e-01 9.081196581196581893e-03 9.882478632478632063e-03
0.000000000000000000e+00 8.778490028490028296e-02 3.736645299145299193e-01 7.122507122507122646e-03 8.547008547008547868e-03
0.000000000000000000e+00 7.220441595441595695e-02 3.796741452991452825e-01 7.656695156695156670e-03 8.814102564102564014e-03
0.000000000000000000e+00 8.502492877492877354e-02 3.907585470085470081e-01 8.012820512820512109e-03 9.615384615384615918e-03
0.000000000000000000e+00 9.375000000000000000e-02 3.991720085470085722e-01 8.368945868945869282e-03 9.882478632478632063e-03
0.000000000000000000e+00 1.063034188034188005e-01 3.914262820512820484e-01 8.190883190883190695e-03 9.348290598290598039e-03
0.000000000000000000e+00 1.228632478632478570e-01 4.077190170940170888e-01 7.478632478632478951e-03 8.814102564102564014e-03
0.000000000000000000e+00 1.297186609686609704e-01 4.146634615384615641e-01 7.656695156695156670e-03 8.814102564102564014e-03
0.000000000000000000e+00 1.376424501424501345e-01 4.204059829059829112e-01 7.834757834757835257e-03 9.081196581196581893e-03
0.000000000000000000e+00 1.165420227920227897e-01 4.214743589743589758e-01 9.793447293447292770e-03 1.068376068376068397e-02
0.000000000000000000e+00 1.258012820512820484e-01 4.302884615384615641e-01 8.012820512820512109e-03 9.081196581196581893e-03
0.000000000000000000e+00 1.360398860398860377e-01 4.399038461538461453e-01 7.478632478632478951e-03 9.081196581196581893e-03
0.000000000000000000e+00 1.444088319088319139e-01 4.485844017094017255e-01 8.190883190883190695e-03 9.882478632478632063e-03
0.000000000000000000e+00 1.534009971509971426e-01 4.569978632478632341e-01 6.588319088319088621e-03 8.547008547008547868e-03
0.000000000000000000e+00 1.729878917378917247e-01 4.549946581196581130e-01 9.081196581196581893e-03 1.041666666666666609e-02
0.000000000000000000e+00 1.815349002849002968e-01 4.638087606837607013e-01 8.368945868945869282e-03 9.882478632478632063e-03
0.000000000000000000e+00 1.913283475783475740e-01 4.728899572649572502e-01 8.012820512820512109e-03 9.348290598290598039e-03
0.000000000000000000e+00 1.868767806267806197e-01 4.887820512820512664e-01 7.300569800569800365e-03 8.547008547008547868e-03
0.000000000000000000e+00 1.957799145299145283e-01 4.969284188034188143e-01 6.944444444444444059e-03 8.279914529914529989e-03
0.000000000000000000e+00 2.120726495726495686e-01 5.130876068376067911e-01 8.190883190883190695e-03 9.615384615384615918e-03
0.000000000000000000e+00 2.385149572649572780e-01 4.954594017094017255e-01 6.588319088319088621e-03 1.228632478632478604e-02
0.000000000000000000e+00 2.386039886039885982e-01 4.463141025641025883e-01 5.698005698005698290e-03 9.081196581196581893e-03
0.000000000000000000e+00 2.437678062678062807e-01 4.344284188034188143e-01 7.122507122507122646e-03 1.148504273504273587e-02
0.000000000000000000e+00 2.516915954415954171e-01 4.218750000000000000e-01 6.232193732193732315e-03 1.095085470085470011e-02
0.000000000000000000e+00 2.564992877492877632e-01 5.507478632478632896e-01 7.300569800569800365e-03 8.012820512820512109e-03
0.000000000000000000e+00 2.775997150997150942e-01 5.657051282051281937e-01 8.903133903133903307e-03 8.547008547008547868e-03
0.000000000000000000e+00 2.778668091168091103e-01 5.472756410256410797e-01 8.368945868945869282e-03 9.081196581196581893e-03
0.000000000000000000e+00 3.072471509971509973e-01 5.699786324786324521e-01 8.725071225071224720e-03 8.547008547008547868e-03
0.000000000000000000e+00 3.165954415954416179e-01 5.766559829059828557e-01 8.903133903133903307e-03 9.615384615384615918e-03
0.000000000000000000e+00 3.096509971509971426e-01 5.897435897435897578e-01 8.547008547008547868e-03 9.081196581196581893e-03
0.000000000000000000e+00 3.222044159544159569e-01 5.996260683760683552e-01 8.725071225071224720e-03 9.615384615384615918e-03
0.000000000000000000e+00 3.272792022792022637e-01 5.840010683760683552e-01 9.259259259259258745e-03 9.882478632478632063e-03
0.000000000000000000e+00 3.359152421652421561e-01 5.904113247863247427e-01 7.656695156695156670e-03 8.279914529914529989e-03
0.000000000000000000e+00 3.457086894586894332e-01 5.974893162393162260e-01 7.656695156695156670e-03 8.547008547008547868e-03
0.000000000000000000e+00 3.360933048433048520e-01 6.093750000000000000e-01 7.656695156695156670e-03 8.814102564102564014e-03
0.000000000000000000e+00 3.689458689458689489e-01 6.143162393162393542e-01 6.410256410256410034e-03 7.478632478632478951e-03
0.000000000000000000e+00 3.748219373219373041e-01 6.379540598290598385e-01 7.834757834757835257e-03 8.814102564102564014e-03
0.000000000000000000e+00 3.887108262108261991e-01 6.291399572649573058e-01 8.903133903133903307e-03 9.348290598290598039e-03
0.000000000000000000e+00 4.225427350427350404e-01 6.726762820512820484e-01 7.834757834757835257e-03 8.814102564102564014e-03
0.000000000000000000e+00 4.253917378917378977e-01 6.555822649572649041e-01 7.834757834757835257e-03 8.279914529914529989e-03
0.000000000000000000e+00 4.324252136752136932e-01 5.610309829059828557e-01 9.081196581196581893e-03 1.201923076923076990e-02
0.000000000000000000e+00 4.289529914529914278e-01 5.918803418803418870e-01 6.410256410256410034e-03 7.478632478632478951e-03
0.000000000000000000e+00 4.745370370370370350e-01 6.244658119658119677e-01 6.410256410256410034e-03 1.282051282051282007e-02
0.000000000000000000e+00 4.701745014245014009e-01 6.372863247863247427e-01 6.232193732193732315e-03 1.175213675213675202e-02
0.000000000000000000e+00 5.024038461538461453e-01 5.105502136752136932e-01 4.451566951566951653e-03 1.148504273504273587e-02
0.000000000000000000e+00 5.018696581196581130e-01 5.268429487179486781e-01 3.739316239316239476e-03 1.308760683760683795e-02
0.000000000000000000e+00 5.185185185185184897e-01 4.411057692307692180e-01 5.698005698005698290e-03 1.148504273504273587e-02
0.000000000000000000e+00 5.126424501424501345e-01 4.699519230769230727e-01 4.273504273504273934e-03 1.041666666666666609e-02
0.000000000000000000e+00 4.837962962962962798e-01 1.776175213675213610e-02 4.629629629629629373e-03 1.362179487179487197e-02
0.000000000000000000e+00 4.929665242165242045e-01 1.362179487179487197e-02 3.739316239316239476e-03 1.014957264957264994e-02
0.000000000000000000e+00 4.962606837606837740e-01 4.727564102564102422e-02 3.917378917378917629e-03 1.068376068376068397e-02
0.000000000000000000e+00 4.989316239316239354e-01 7.518696581196580853e-02 4.273504273504273934e-03 1.201923076923076990e-02
0.000000000000000000e+00 5.005341880341880323e-01 8.920940170940171166e-02 4.629629629629629373e-03 1.228632478632478604e-02
0.000000000000000000e+00 5.022257834757835049e-01 1.231303418803418870e-01 4.095441595441595348e-03 1.175213675213675202e-02
0.000000000000000000e+00 5.067663817663817794e-01 1.677350427350427220e-01 3.917378917378917629e-03 1.228632478632478604e-02
0.000000000000000000e+00 5.098824786324785974e-01 1.996527777777777901e-01 4.095441595441595348e-03 1.148504273504273587e-02
0.000000000000000000e+00 5.112179487179486781e-01 2.134081196581196493e-01 3.917378917378917629e-03 1.068376068376068397e-02
0.000000000000000000e+00 5.127314814814815103e-01 2.263621794871794879e-01 4.451566951566951653e-03 1.255341880341880392e-02
0.000000000000000000e+00 5.073896011396011874e-01 2.673611111111111049e-01 6.232193732193732315e-03 8.012820512820512109e-03
0.000000000000000000e+00 5.269764957264957417e-01 2.740384615384615641e-01 7.656695156695156670e-03 5.341880341880341984e-03
0.000000000000000000e+00 5.279558404558404305e-01 2.800480769230769273e-01 7.122507122507122646e-03 5.608974358974358997e-03
0.000000000000000000e+00 5.305377492877493273e-01 3.040865384615384359e-01 6.588319088319088621e-03 5.608974358974358997e-03
0.000000000000000000e+00 5.359686609686609149e-01 3.294604700854700807e-01 7.834757834757835257e-03 6.677350427350427046e-03
0.000000000000000000e+00 5.433582621082621023e-01 3.266559829059829112e-01 6.588319088319088621e-03 5.876068376068376009e-03
0.000000000000000000e+00 5.538639601139601076e-01 2.757745726495726690e-01 4.095441595441595348e-03 1.362179487179487197e-02
0.000000000000000000e+00 5.410434472934473327e-01 3.018162393162392987e-01 7.300569800569800365e-03 4.807692307692307959e-03
0.000000000000000000e+00 5.303596866096865758e-01 3.534989316239316448e-01 4.807692307692307959e-03 1.095085470085470011e-02
0.000000000000000000e+00 5.327635327635327211e-01 3.673878205128205399e-01 4.985754985754985678e-03 1.095085470085470011e-02
0.000000000000000000e+00 6.057692307692307265e-01 3.810096153846153633e-01 5.698005698005698290e-03 1.201923076923076990e-02
0.000000000000000000e+00 5.982015669515668987e-01 3.832799145299145560e-01 4.451566951566951653e-03 1.121794871794871799e-02
0.000000000000000000e+00 5.912571225071224790e-01 3.851495726495726690e-01 5.519943019943019703e-03 1.228632478632478604e-02
0.000000000000000000e+00 5.916132478632478708e-01 4.111912393162392987e-01 7.656695156695156670e-03 7.211538461538461939e-03
0.000000000000000000e+00 6.084401709401708880e-01 4.038461538461538547e-01 8.190883190883190695e-03 8.012820512820512109e-03
0.000000000000000000e+00 6.421830484330484090e-01 3.847489316239316448e-01 8.012820512820512109e-03 9.348290598290598039e-03
0.000000000000000000e+00 6.503739316239316448e-01 3.782051282051281937e-01 6.588319088319088621e-03 8.012820512820512109e-03
0.000000000000000000e+00 6.574074074074074403e-01 3.727297008547008628e-01 7.122507122507122646e-03 8.279914529914529989e-03
0.000000000000000000e+00 3.201566951566951480e-01 2.387820512820512941e-01 1.139601139601139658e-02 1.549145299145299193e-02
0.000000000000000000e+00 3.125000000000000000e-02 4.758279914529914278e-01 5.519943019943019703e-03 9.882478632478632063e-03
0.000000000000000000e+00 1.433404558404558458e-02 5.173611111111111605e-01 7.300569800569800365e-03 1.228632478632478604e-02
0.000000000000000000e+00 2.795584045584045482e-02 5.771901709401708880e-01 7.834757834757835257e-03 6.944444444444444059e-03
0.000000000000000000e+00 3.783831908831909036e-02 5.791933760683760646e-01 1.014957264957264994e-02 8.814102564102564014e-03
0.000000000000000000e+00 7.656695156695156670e-03 6.216613247863247427e-01 4.273504273504273934e-03 9.882478632478632063e-03
0.000000000000000000e+00 2.626424501424501345e-02 6.809561965811965489e-01 6.232193732193732315e-03 1.148504273504273587e-02
0.000000000000000000e+00 2.964743589743589619e-02 6.931089743589743390e-01 6.232193732193732315e-03 1.228632478632478604e-02
0.000000000000000000e+00 4.478276353276353094e-02 7.434561965811965489e-01 5.163817663817663398e-03 1.148504273504273587e-02
0.000000000000000000e+00 5.867165242165241906e-02 7.995459401709401615e-01 5.876068376068376009e-03 1.201923076923076990e-02
0.000000000000000000e+00 1.103988603988603941e-02 9.712873931623932089e-01 1.139601139601139658e-02 1.255341880341880392e-02
0.000000000000000000e+00 2.475071225071225067e-02 9.758279914529914834e-01 7.478632478632478951e-03 7.745726495726495964e-03
0.000000000000000000e+00 3.721509971509971704e-02 9.813034188034187588e-01 7.834757834757835257e-03 8.012820512820512109e-03
0.000000000000000000e+00 1.674679487179487059e-01 9.009081196581196771e-01 7.656695156695156670e-03 1.175213675213675202e-02
0.000000000000000000e+00 1.715633903133903237e-01 9.071848290598291120e-01 8.725071225071224720e-03 9.882478632478632063e-03
0.000000000000000000e+00 1.213497150997150942e-01 5.607638888888888395e-01 9.081196581196581893e-03 9.882478632478632063e-03
0.000000000000000000e+00 1.846509971509971426e-01 5.994925213675214026e-01 6.054131054131053728e-03 1.095085470085470011e-02
0.000000000000000000e+00 1.899928774928774933e-01 6.051014957264957417e-01 5.341880341880341984e-03 9.348290598290598039e-03
0.000000000000000000e+00 1.948005698005698116e-01 6.091079059829059839e-01 5.698005698005698290e-03 1.095085470085470011e-02
0.000000000000000000e+00 2.007656695156695148e-01 6.147168803418803229e-01 6.588319088319088621e-03 1.255341880341880392e-02
0.000000000000000000e+00 2.134971509971509973e-01 6.264690170940171443e-01 5.698005698005698290e-03 1.095085470085470011e-02
0.000000000000000000e+00 2.179487179487179516e-01 6.300747863247863068e-01 6.054131054131053728e-03 1.068376068376068397e-02
0.000000000000000000e+00 2.321047008547008628e-01 6.420940170940171443e-01 5.163817663817663398e-03 9.081196581196581893e-03
0.000000000000000000e+00 2.381588319088319139e-01 6.478365384615384359e-01 4.807692307692307959e-03 8.279914529914529989e-03
0.000000000000000000e+00 2.451032763532763614e-01 6.557158119658119677e-01 6.588319088319088621e-03 1.175213675213675202e-02
0.000000000000000000e+00 2.629985754985754709e-01 6.708066239316239354e-01 5.698005698005698290e-03 9.882478632478632063e-03
0.000000000000000000e+00 4.445334757834757955e-01 7.044604700854700807e-01 6.588319088319088621e-03 1.148504273504273587e-02
0.000000000000000000e+00 4.082977207977208089e-01 7.673611111111111605e-01 6.054131054131053728e-03 1.282051282051282007e-02
0.000000000000000000e+00 4.096331908831908897e-01 7.918002136752136932e-01 5.876068376068376009e-03 1.148504273504273587e-02
0.000000000000000000e+00 4.050035612535612395e-01 8.038194444444444198e-01 5.876068376068376009e-03 1.095085470085470011e-02
0.000000000000000000e+00 3.977029914529914278e-01 7.930021367521367104e-01 6.232193732193732315e-03 1.121794871794871799e-02
0.000000000000000000e+00 3.876424501424501345e-01 8.197115384615384359e-01 5.341880341880341984e-03 1.068376068376068397e-02
0.000000000000000000e+00 3.862179487179487336e-01 8.504273504273504036e-01 6.766381766381766340e-03 1.228632478632478604e-02
0.000000000000000000e+00 3.656517094017093794e-01 8.740651709401708880e-01 6.232193732193732315e-03 1.255341880341880392e-02
0.000000000000000000e+00 3.702813390313390296e-01 8.983707264957264682e-01 3.739316239316239476e-03 1.095085470085470011e-02
0.000000000000000000e+00 3.702813390313390296e-01 9.127938034188034511e-01 4.807692307692307959e-03 1.469017094017094002e-02
0.000000000000000000e+00 3.587072649572649596e-01 9.193376068376067911e-01 4.095441595441595348e-03 1.549145299145299193e-02
0.000000000000000000e+00 2.458155270655270619e-01 9.855769230769231282e-01 9.437321937321937332e-03 8.547008547008547868e-03
0.000000000000000000e+00 2.915776353276353094e-01 9.667467948717948234e-01 7.300569800569800365e-03 7.745726495726495964e-03
0.000000000000000000e+00 3.019943019943019946e-01 9.630074786324785974e-01 9.259259259259258745e-03 8.279914529914529989e-03
0.000000000000000000e+00 3.280804843304843121e-01 9.528579059829059839e-01 6.944444444444444059e-03 6.677350427350427046e-03
0.000000000000000000e+00 3.356481481481481399e-01 9.513888888888888395e-01 8.190883190883190695e-03 8.012820512820512109e-03
0.000000000000000000e+00 4.381232193732193525e-01 9.224091880341880323e-01 3.739316239316239476e-03 1.362179487179487197e-02
0.000000000000000000e+00 4.941239316239316448e-01 9.505876068376067911e-01 8.190883190883190695e-03 7.478632478632478951e-03
0.000000000000000000e+00 5.580484330484331013e-01 4.833066239316239354e-01 4.629629629629629373e-03 1.095085470085470011e-02
0.000000000000000000e+00 5.701566951566952035e-01 4.866452991452991372e-01 4.985754985754985678e-03 1.068376068376068397e-02
0.000000000000000000e+00 5.616987179487179516e-01 5.020032051282051766e-01 5.163817663817663398e-03 1.415598290598290600e-02
0.000000000000000000e+00 5.741631054131054457e-01 5.016025641025640969e-01 6.588319088319088621e-03 1.655982905982905998e-02
0.000000000000000000e+00 5.663283475783476018e-01 5.284455128205127750e-01 4.807692307692307959e-03 1.362179487179487197e-02
0.000000000000000000e+00 5.784366096866097040e-01 5.409989316239316448e-01 5.519943019943019703e-03 1.362179487179487197e-02
0.000000000000000000e+00 5.707799145299145005e-01 5.512820512820513219e-01 4.451566951566951653e-03 1.014957264957264994e-02
0.000000000000000000e+00 6.095975783475783283e-01 5.673076923076922906e-01 6.588319088319088621e-03 7.478632478632478951e-03
0.000000000000000000e+00 6.290064102564102422e-01 5.590277777777777901e-01 8.012820512820512109e-03 8.012820512820512109e-03
0.000000000000000000e+00 5.830662393162393542e-01 5.918803418803418870e-01 8.012820512820512109e-03 7.478632478632478951e-03
0.000000000000000000e+00 5.840455840455840431e-01 5.982905982905982745e-01 7.834757834757835257e-03 8.012820512820512109e-03
0.000000000000000000e+00 5.851139601139601076e-01 6.047008547008546619e-01 8.190883190883190695e-03 7.478632478632478951e-03
0.000000000000000000e+00 5.857371794871795156e-01 6.123130341880341776e-01 6.944444444444444059e-03 7.211538461538461939e-03
0.000000000000000000e+00 5.900997150997151497e-01 6.338141025641025328e-01 7.122507122507122646e-03 6.410256410256410034e-03
0.000000000000000000e+00 5.912571225071224790e-01 6.399572649572649041e-01 7.300569800569800365e-03 6.944444444444444059e-03
0.000000000000000000e+00 5.922364672364672789e-01 6.461004273504273865e-01 7.122507122507122646e-03 8.012820512820512109e-03
0.000000000000000000e+00 5.930377492877493273e-01 6.529113247863247427e-01 6.588319088319088621e-03 7.211538461538461939e-03
0.000000000000000000e+00 6.081730769230768718e-01 6.522435897435897578e-01 4.807692307692307959e-03 1.068376068376068397e-02
0.000000000000000000e+00 5.975783475783476018e-01 6.900373931623932089e-01 5.341880341880341984e-03 1.255341880341880392e-02
0.000000000000000000e+00 6.092414529914529364e-01 6.965811965811965489e-01 5.519943019943019703e-03 1.335470085470085409e-02
0.000000000000000000e+00 6.121794871794872250e-01 7.120726495726495964e-01 5.341880341880341984e-03 1.228632478632478604e-02
0.000000000000000000e+00 6.150284900284900269e-01 7.270299145299145005e-01 4.985754985754985678e-03 1.175213675213675202e-02
0.000000000000000000e+00 6.084401709401708880e-01 7.371794871794872250e-01 5.341880341880341984e-03 1.335470085470085409e-02
0.000000000000000000e+00 6.182336182336182206e-01 7.435897435897436125e-01 4.985754985754985678e-03 1.228632478632478604e-02
0.000000000000000000e+00 6.112891737891738009e-01 7.545405982905982745e-01 6.054131054131053728e-03 1.495726495726495790e-02
0.000000000000000000e+00 6.221509971509971981e-01 7.636217948717948234e-01 4.985754985754985678e-03 1.175213675213675202e-02
0.000000000000000000e+00 6.250890313390313757e-01 7.799145299145299193e-01 5.163817663817663398e-03 1.282051282051282007e-02
0.000000000000000000e+00 6.271367521367521292e-01 7.946047008547008073e-01 5.698005698005698290e-03 1.335470085470085409e-02
0.000000000000000000e+00 6.312321937321937471e-01 8.175747863247863068e-01 4.985754985754985678e-03 1.175213675213675202e-02
0.000000000000000000e+00 6.331018518518518601e-01 8.291933760683760646e-01 4.807692307692307959e-03 1.201923076923076990e-02
0.000000000000000000e+00 6.368411680911680861e-01 8.524305555555555802e-01 5.519943019943019703e-03 1.362179487179487197e-02
0.000000000000000000e+00 6.248219373219373596e-01 8.337339743589743390e-01 5.341880341880341984e-03 1.362179487179487197e-02
0.000000000000000000e+00 6.300747863247863068e-01 8.643162393162393542e-01 5.163817663817663398e-03 1.282051282051282007e-02
0.000000000000000000e+00 6.595441595441595695e-01 8.496260683760683552e-01 4.273504273504273934e-03 1.228632478632478604e-02
0.000000000000000000e+00 6.331908831908832358e-01 8.852831196581196771e-01 5.341880341880341984e-03 1.255341880341880392e-02
0.000000000000000000e+00 6.464565527065526673e-01 8.776709401709401615e-01 6.232193732193732315e-03 1.068376068376068397e-02
0.000000000000000000e+00 6.475249287749287319e-01 8.828792735042735318e-01 5.876068376068376009e-03 9.348290598290598039e-03
0.000000000000000000e+00 6.482371794871795156e-01 8.899572649572649041e-01 5.876068376068376009e-03 1.121794871794871799e-02
0.000000000000000000e+00 6.495726495726495964e-01 8.954326923076922906e-01 5.698005698005698290e-03 1.095085470085470011e-02
0.000000000000000000e+00 6.509971509971509418e-01 9.041132478632478708e-01 5.341880341880341984e-03 1.228632478632478604e-02
0.000000000000000000e+00 6.363069800569800538e-01 9.050480769230768718e-01 4.807692307692307959e-03 1.095085470085470011e-02
0.000000000000000000e+00 6.387998575498575748e-01 9.176014957264957417e-01 4.807692307692307959e-03 1.201923076923076990e-02
0.000000000000000000e+00 6.607905982905982745e-01 9.154647435897436125e-01 8.190883190883190695e-03 7.745726495726495964e-03
0.000000000000000000e+00 6.630163817663817794e-01 9.316239316239316448e-01 8.725071225071224720e-03 8.547008547008547868e-03
0.000000000000000000e+00 6.416488603988603767e-01 9.370993589743589203e-01 4.807692307692307959e-03 1.201923076923076990e-02
0.000000000000000000e+00 6.437856125356125059e-01 9.513888888888888395e-01 4.451566951566951653e-03 1.282051282051282007e-02
0.000000000000000000e+00 6.629273504273504036e-01 8.484241452991453381e-01 4.985754985754985678e-03 1.201923076923076990e-02
0.000000000000000000e+00 6.665776353276353650e-01 8.464209401709401615e-01 3.739316239316239476e-03 9.615384615384615918e-03
0.000000000000000000e+00 6.700498575498575748e-01 8.457532051282051766e-01 4.629629629629629373e-03 1.095085470085470011e-02
0.000000000000000000e+00 6.738782051282051766e-01 8.444177350427350959e-01 4.095441595441595348e-03 9.882478632478632063e-03
0.000000000000000000e+00 6.774394586894586512e-01 8.437500000000000000e-01 4.807692307692307959e-03 1.121794871794871799e-02
0.000000000000000000e+00 6.922186609686609149e-01 8.378739316239316448e-01 4.807692307692307959e-03 1.121794871794871799e-02
0.000000000000000000e+00 6.955128205128204844e-01 8.360042735042735318e-01 3.917378917378917629e-03 9.615384615384615918e-03
0.000000000000000000e+00 5.094373219373219408e-01 6.068376068376067911e-01 5.341880341880341984e-03 1.335470085470085409e-02
0.000000000000000000e+00 5.347222222222222099e-01 6.172542735042735318e-01 4.985754985754985678e-03 1.121794871794871799e-02
0.000000000000000000e+00 5.326745014245014564e-01 6.450320512820513219e-01 4.451566951566951653e-03 1.282051282051282007e-02
0.000000000000000000e+00 5.372150997150997309e-01 6.461004273504273865e-01 3.561253561253561323e-03 1.068376068376068397e-02
0.000000000000000000e+00 5.416666666666666297e-01 6.436965811965812412e-01 5.341880341880341984e-03 1.282051282051282007e-02
0.000000000000000000e+00 5.157585470085470636e-01 6.613247863247863068e-01 4.807692307692307959e-03 1.335470085470085409e-02
0.000000000000000000e+00 5.126424501424501345e-01 6.427617521367521292e-01 6.766381766381766340e-03 2.110042735042735179e-02
0.000000000000000000e+00 5.189636752136752573e-01 6.967147435897436125e-01 4.807692307692307959e-03 1.255341880341880392e-02
0.000000000000000000e+00 5.235042735042735318e-01 7.387820512820513219e-01 4.985754985754985678e-03 1.549145299145299193e-02
0.000000000000000000e+00 5.032051282051281937e-01 8.052884615384615641e-01 5.341880341880341984e-03 1.388888888888888812e-02
0.000000000000000000e+00 5.124643874643874941e-01 8.030181623931623713e-01 5.341880341880341984e-03 1.415598290598290600e-02
0.000000000000000000e+00 5.177172364672364413e-01 8.007478632478632896e-01 4.451566951566951653e-03 1.335470085470085409e-02
0.000000000000000000e+00 5.344551282051281937e-01 8.494925213675214026e-01 4.451566951566951653e-03 1.095085470085470011e-02
0.000000000000000000e+00 5.467414529914529364e-01 8.617788461538461453e-01 5.163817663817663398e-03 1.415598290598290600e-02
0.000000000000000000e+00 5.495904558404558493e-01 8.906250000000000000e-01 4.807692307692307959e-03 1.148504273504273587e-02
0.000000000000000000e+00 5.529736467236466835e-01 9.094551282051281937e-01 4.807692307692307959e-03 1.175213675213675202e-02
0.000000000000000000e+00 5.418447293447293811e-01 9.099893162393162260e-01 4.273504273504273934e-03 1.068376068376068397e-02
0.000000000000000000e+00 5.542200854700854995e-01 9.260149572649573058e-01 4.807692307692307959e-03 1.282051282051282007e-02
0.000000000000000000e+00 5.445156695156695426e-01 9.353632478632478708e-01 4.273504273504273934e-03 1.175213675213675202e-02
0.000000000000000000e+00 5.709579772079772519e-01 9.707532051282051766e-01 8.725071225071224720e-03 6.143162393162393022e-03
0.000000000000000000e+00 5.996260683760683552e-01 9.782318376068376287e-01 6.944444444444444059e-03 6.143162393162393022e-03
0.000000000000000000e+00 6.103988603988603767e-01 9.803685897435897578e-01 7.834757834757835257e-03 6.677350427350427046e-03
0.000000000000000000e+00 6.890135327635327211e-01 9.882478632478632896e-01 9.081196581196581893e-03 6.410256410256410034e-03
0.000000000000000000e+00 7.709223646723646350e-01 9.797008547008546619e-01 9.793447293447292770e-03 7.478632478632478951e-03
0.000000000000000000e+00 7.989672364672364413e-01 9.719551282051281937e-01 7.122507122507122646e-03 5.876068376068376009e-03
0.000000000000000000e+00 8.594195156695156879e-01 9.603365384615384359e-01 9.081196581196581893e-03 9.348290598290598039e-03
0.000000000000000000e+00 8.814992877492877632e-01 9.938568376068376287e-01 7.656695156695156670e-03 9.081196581196581893e-03
0.000000000000000000e+00 8.907585470085470636e-01 9.882478632478632896e-01 7.656695156695156670e-03 8.547008547008547868e-03
0.000000000000000000e+00 9.069622507122506727e-01 9.776976495726495964e-01 8.368945868945869282e-03 1.041666666666666609e-02
0.000000000000000000e+00 9.208511396011396233e-01 9.687500000000000000e-01 6.588319088319088621e-03 8.547008547008547868e-03
0.000000000000000000e+00 9.216524216524216717e-01 9.549946581196581130e-01 8.903133903133903307e-03 1.095085470085470011e-02
0.000000000000000000e+00 9.471153846153845812e-01 9.500534188034187588e-01 9.259259259259258745e-03 1.121794871794871799e-02
0.000000000000000000e+00 9.668803418803418870e-01 9.298878205128204844e-01 7.122507122507122646e-03 1.041666666666666609e-02
0.000000000000000000e+00 9.732015669515668987e-01 9.224091880341880323e-01 6.232193732193732315e-03 1.041666666666666609e-02
0.000000000000000000e+00 9.606481481481481399e-01 9.624732905982905651e-01 5.698005698005698290e-03 1.041666666666666609e-02
0.000000000000000000e+00 6.411146723646723444e-01 5.678418803418803229e-01 5.163817663817663398e-03 1.282051282051282007e-02
0.000000000000000000e+00 6.504629629629629095e-01 5.518162393162393542e-01 8.903133903133903307e-03 8.012820512820512109e-03
0.000000000000000000e+00 6.828703703703703498e-01 6.077724358974359031e-01 1.068376068376068397e-02 1.041666666666666609e-02
0.000000000000000000e+00 6.915064102564102422e-01 6.033653846153845812e-01 6.588319088319088621e-03 6.944444444444444059e-03
0.000000000000000000e+00 6.867877492877493273e-01 6.259348290598291120e-01 1.032763532763532680e-02 1.041666666666666609e-02
0.000000000000000000e+00 7.250712250712251228e-01 6.021634615384615641e-01 6.766381766381766340e-03 7.745726495726495964e-03
0.000000000000000000e+00 7.338853276353276556e-01 5.941506410256410797e-01 8.368945868945869282e-03 8.814102564102564014e-03
0.000000000000000000e+00 7.430555555555555802e-01 5.888087606837606458e-01 7.834757834757835257e-03 6.677350427350427046e-03
0.000000000000000000e+00 6.638176638176638278e-01 6.828258547008546619e-01 8.903133903133903307e-03 9.348290598290598039e-03
0.000000000000000000e+00 8.198005698005698116e-01 8.632478632478632896e-01 6.766381766381766340e-03 1.655982905982905998e-02
0.000000000000000000e+00 8.232727920227920215e-01 8.819444444444444198e-01 4.807692307692307959e-03 1.175213675213675202e-02
0.000000000000000000e+00 8.296830484330484090e-01 9.106570512820513219e-01 5.163817663817663398e-03 1.362179487179487197e-02
0.000000000000000000e+00 8.262998575498575748e-01 8.951655982905982745e-01 4.451566951566951653e-03 1.201923076923076990e-02
0.000000000000000000e+00 8.011039886039885705e-01 7.844551282051281937e-01 4.629629629629629373e-03 1.228632478632478604e-02
0.000000000000000000e+00 8.037749287749287319e-01 7.972756410256410797e-01 4.629629629629629373e-03 1.121794871794871799e-02
0.000000000000000000e+00 8.198896011396011874e-01 8.189102564102563875e-01 6.232193732193732315e-03 1.175213675213675202e-02
0.000000000000000000e+00 8.222044159544159569e-01 8.315972222222222099e-01 5.163817663817663398e-03 1.201923076923076990e-02
0.000000000000000000e+00 8.071581196581196771e-01 8.102297008547008073e-01 5.341880341880341984e-03 1.201923076923076990e-02
0.000000000000000000e+00 8.292378917378917524e-01 8.042200854700854995e-01 8.190883190883190695e-03 8.547008547008547868e-03
0.000000000000000000e+00 8.302172364672364413e-01 8.099626068376067911e-01 8.012820512820512109e-03 8.279914529914529989e-03
0.000000000000000000e+00 8.312856125356125059e-01 8.159722222222222099e-01 8.368945868945869282e-03 8.547008547008547868e-03
0.000000000000000000e+00 8.324430199430199462e-01 8.217147435897436125e-01 8.190883190883190695e-03 8.279914529914529989e-03
0.000000000000000000e+00 8.331552706552706189e-01 8.277243589743589203e-01 8.190883190883190695e-03 8.012820512820512109e-03
0.000000000000000000e+00 8.479344729344728826e-01 8.170405982905982745e-01 5.698005698005698290e-03 1.388888888888888812e-02
0.000000000000000000e+00 8.523860398860398924e-01 8.170405982905982745e-01 4.629629629629629373e-03 1.175213675213675202e-02
0.000000000000000000e+00 8.630698005698005382e-01 8.051549145299145005e-01 5.341880341880341984e-03 1.362179487179487197e-02
0.000000000000000000e+00 8.765135327635327211e-01 8.080929487179486781e-01 5.876068376068376009e-03 1.308760683760683795e-02
0.000000000000000000e+00 8.094729344729344467e-01 8.234508547008546619e-01 4.629629629629629373e-03 1.014957264957264994e-02
0.000000000000000000e+00 8.126780626780626404e-01 8.353365384615384359e-01 4.273504273504273934e-03 1.201923076923076990e-02
0.000000000000000000e+00 8.026175213675214026e-01 7.439903846153845812e-01 6.232193732193732315e-03 1.415598290598290600e-02
0.000000000000000000e+00 8.059116809116808611e-01 7.584134615384615641e-01 5.698005698005698290e-03 1.255341880341880392e-02
0.000000000000000000e+00 8.089387464387464144e-01 7.725694444444444198e-01 5.698005698005698290e-03 1.415598290598290600e-02
0.000000000000000000e+00 7.954059829059828557e-01 7.589476495726495964e-01 5.698005698005698290e-03 1.362179487179487197e-02
0.000000000000000000e+00 7.909544159544159569e-01 7.421207264957264682e-01 4.985754985754985678e-03 1.041666666666666609e-02
0.000000000000000000e+00 7.882834757834757955e-01 7.268963675213675479e-01 6.410256410256410034e-03 1.415598290598290600e-02
0.000000000000000000e+00 7.937143874643874941e-01 7.071314102564102422e-01 5.519943019943019703e-03 1.148504273504273587e-02
0.000000000000000000e+00 7.897970085470085166e-01 6.921741452991453381e-01 5.519943019943019703e-03 1.201923076923076990e-02
0.000000000000000000e+00 7.865028490028490582e-01 6.784188034188034511e-01 6.410256410256410034e-03 1.228632478632478604e-02
0.000000000000000000e+00 7.842770655270655533e-01 7.130074786324785974e-01 5.519943019943019703e-03 1.255341880341880392e-02
0.000000000000000000e+00 7.814280626780626404e-01 7.001869658119658224e-01 4.807692307692307959e-03 1.148504273504273587e-02
0.000000000000000000e+00 7.751068376068376287e-01 6.375534188034187588e-01 6.054131054131053728e-03 1.282051282051282007e-02
0.000000000000000000e+00 7.717236467236466835e-01 6.237980769230768718e-01 5.698005698005698290e-03 1.255341880341880392e-02
0.000000000000000000e+00 7.673611111111111605e-01 6.501068376068376287e-01 5.163817663817663398e-03 1.228632478632478604e-02
0.000000000000000000e+00 7.715455840455840431e-01 6.631944444444444198e-01 5.341880341880341984e-03 1.175213675213675202e-02
0.000000000000000000e+00 7.652243589743589203e-01 5.980235042735042583e-01 7.656695156695156670e-03 1.549145299145299193e-02
0.000000000000000000e+00 7.564992877492877632e-01 6.089743589743589203e-01 5.163817663817663398e-03 1.121794871794871799e-02
0.000000000000000000e+00 7.426103988603988126e-01 5.237713675213675479e-01 6.232193732193732315e-03 1.335470085470085409e-02
0.000000000000000000e+00 7.299679487179486781e-01 5.194978632478632896e-01 6.944444444444444059e-03 1.282051282051282007e-02
0.000000000000000000e+00 7.337072649572649041e-01 5.333867521367521292e-01 5.163817663817663398e-03 1.068376068376068397e-02
0.000000000000000000e+00 7.385149572649573058e-01 5.482104700854700807e-01 5.876068376068376009e-03 1.255341880341880392e-02
0.000000000000000000e+00 7.296118233618233972e-01 4.859775641025640969e-01 6.232193732193732315e-03 1.362179487179487197e-02
0.000000000000000000e+00 7.255163817663817794e-01 4.724893162393162260e-01 6.232193732193732315e-03 1.282051282051282007e-02
0.000000000000000000e+00 7.206196581196581130e-01 4.934561965811966044e-01 6.410256410256410034e-03 1.415598290598290600e-02
0.000000000000000000e+00 7.129629629629629095e-01 4.686164529914529919e-01 6.054131054131053728e-03 1.255341880341880392e-02
0.000000000000000000e+00 7.077101139601139623e-01 4.533920940170940161e-01 5.163817663817663398e-03 1.041666666666666609e-02
0.000000000000000000e+00 7.174145299145299193e-01 4.475160256410256610e-01 7.122507122507122646e-03 1.308760683760683795e-02
0.000000000000000000e+00 7.024572649572649041e-01 4.369658119658119677e-01 6.410256410256410034e-03 1.175213675213675202e-02
0.000000000000000000e+00 7.096688034188034511e-01 4.241452991452991372e-01 5.519943019943019703e-03 1.121794871794871799e-02
0.000000000000000000e+00 6.963141025641025328e-01 4.176014957264957417e-01 5.163817663817663398e-03 9.882478632478632063e-03
0.000000000000000000e+00 6.935541310541311066e-01 3.771367521367521292e-01 5.698005698005698290e-03 1.121794871794871799e-02
0.000000000000000000e+00 6.996082621082621023e-01 3.938301282051281937e-01 6.766381766381766340e-03 1.308760683760683795e-02
0.000000000000000000e+00 6.886574074074074403e-01 3.956997863247863068e-01 5.876068376068376009e-03 1.095085470085470011e-02
0.000000000000000000e+00 6.831374643874643660e-01 3.799412393162392987e-01 5.163817663817663398e-03 1.041666666666666609e-02
0.000000000000000000e+00 6.376424501424501345e-01 2.665598290598290565e-01 7.834757834757835257e-03 1.282051282051282007e-02
0.000000000000000000e+00 6.452991452991453381e-01 2.853899572649572502e-01 6.766381766381766340e-03 1.148504273504273587e-02
0.000000000000000000e+00 6.593660968660968180e-01 2.873931623931623713e-01 6.054131054131053728e-03 1.068376068376068397e-02
0.000000000000000000e+00 6.644408831908832358e-01 2.987446581196581130e-01 6.232193732193732315e-03 1.041666666666666609e-02
0.000000000000000000e+00 6.695156695156695426e-01 3.102297008547008628e-01 7.122507122507122646e-03 1.255341880341880392e-02
0.000000000000000000e+00 6.542022792022792466e-01 2.387820512820512941e-01 7.122507122507122646e-03 6.410256410256410034e-03
0.000000000000000000e+00 6.851851851851852304e-01 2.341079059829059839e-01 8.547008547008547868e-03 5.608974358974358997e-03
0.000000000000000000e+00 6.145833333333333703e-01 1.880341880341880323e-01 6.588319088319088621e-03 1.068376068376068397e-02
0.000000000000000000e+00 5.868055555555555802e-01 1.147168803418803368e-01 6.232193732193732315e-03 1.255341880341880392e-02
0.000000000000000000e+00 5.919693732193732627e-01 1.304754273504273587e-01 6.588319088319088621e-03 1.469017094017094002e-02
0.000000000000000000e+00 5.821759259259259300e-01 1.375534188034188143e-01 5.519943019943019703e-03 1.121794871794871799e-02
0.000000000000000000e+00 5.778133903133902960e-01 1.233974358974359031e-01 5.698005698005698290e-03 1.228632478632478604e-02
0.000000000000000000e+00 5.629451566951566566e-01 7.638888888888889506e-02 5.163817663817663398e-03 1.228632478632478604e-02
0.000000000000000000e+00 5.681980056980057148e-01 9.308226495726495964e-02 5.698005698005698290e-03 1.201923076923076990e-02
0.000000000000000000e+00 7.496438746438746081e-01 1.355502136752136655e-01 1.210826210826210746e-02 8.814102564102564014e-03
0.000000000000000000e+00 8.208689458689458762e-01 1.080395299145299193e-01 1.139601139601139658e-02 7.211538461538461939e-03
0.000000000000000000e+00 7.170584045584045274e-01 3.390758547008547175e-01 7.478632478632478951e-03 6.143162393162393022e-03
0.000000000000000000e+00 7.291666666666666297e-01 3.477564102564102422e-01 9.615384615384615918e-03 7.478632478632478951e-03
0.000000000000000000e+00 7.396723646723646350e-01 3.501602564102563875e-01 7.478632478632478951e-03 5.876068376068376009e-03
0.000000000000000000e+00 7.562321937321937471e-01 3.446848290598290565e-01 7.122507122507122646e-03 6.143162393162393022e-03
0.000000000000000000e+00 7.631766381766381668e-01 3.705929487179487336e-01 3.917378917378917629e-03 1.148504273504273587e-02
0.000000000000000000e+00 7.766203703703703498e-01 3.603098290598290565e-01 6.944444444444444059e-03 5.876068376068376009e-03
0.000000000000000000e+00 7.862357549857549310e-01 3.615117521367521292e-01 6.944444444444444059e-03 6.143162393162393022e-03
0.000000000000000000e+00 7.964743589743589203e-01 3.625801282051281937e-01 9.259259259259258745e-03 6.677350427350427046e-03
0.000000000000000000e+00 8.054665242165242045e-01 3.637820512820512664e-01 7.300569800569800365e-03 6.410256410256410034e-03
0.000000000000000000e+00 8.034188034188034511e-01 3.575053418803418870e-01 6.766381766381766340e-03 5.608974358974358997e-03
0.000000000000000000e+00 8.117877492877493273e-01 3.589743589743589758e-01 9.259259259259258745e-03 6.410256410256410034e-03
0.000000000000000000e+00 8.315527065527065220e-01 3.672542735042735318e-01 8.547008547008547868e-03 7.478632478632478951e-03
0.000000000000000000e+00 8.442841880341880323e-01 3.688568376068376287e-01 6.944444444444444059e-03 6.410256410256410034e-03
0.000000000000000000e+00 8.620014245014244736e-01 3.708600427350427498e-01 7.122507122507122646e-03 5.608974358974358997e-03
0.000000000000000000e+00 8.784722222222222099e-01 3.736645299145299193e-01 7.300569800569800365e-03 6.410256410256410034e-03
0.000000000000000000e+00 8.879985754985755264e-01 3.747329059829059839e-01 6.766381766381766340e-03 5.341880341880341984e-03
0.000000000000000000e+00 9.352742165242164951e-01 4.845085470085470081e-01 6.944444444444444059e-03 1.869658119658119608e-02
0.000000000000000000e+00 9.156873219373219408e-01 5.158920940170940161e-01 1.477920227920227932e-02 8.814102564102564014e-03
0.000000000000000000e+00 9.034900284900284628e-01 5.365918803418803229e-01 5.698005698005698290e-03 1.442307692307692388e-02
0.000000000000000000e+00 9.151531339031339085e-01 5.625000000000000000e-01 4.451566951566951653e-03 1.121794871794871799e-02
0.000000000000000000e+00 9.101673789173788665e-01 5.638354700854700807e-01 4.451566951566951653e-03 1.228632478632478604e-02
0.000000000000000000e+00 9.062500000000000000e-01 5.651709401709401615e-01 4.095441595441595348e-03 1.388888888888888812e-02
0.000000000000000000e+00 9.090099715099715372e-01 5.782585470085470636e-01 4.273504273504273934e-03 1.068376068376068397e-02
0.000000000000000000e+00 9.048254985754985436e-01 5.795940170940171443e-01 4.095441595441595348e-03 1.121794871794871799e-02
0.000000000000000000e+00 9.044693732193732627e-01 6.091079059829059839e-01 6.588319088319088621e-03 1.308760683760683795e-02
0.000000000000000000e+00 9.092770655270655533e-01 6.103098290598291120e-01 4.095441595441595348e-03 1.014957264957264994e-02
0.000000000000000000e+00 9.131944444444444198e-01 6.081730769230768718e-01 4.451566951566951653e-03 1.121794871794871799e-02
0.000000000000000000e+00 9.174679487179486781e-01 6.052350427350426942e-01 4.807692307692307959e-03 1.014957264957264994e-02
0.000000000000000000e+00 9.009081196581196771e-01 6.554487179487179516e-01 8.012820512820512109e-03 7.478632478632478951e-03
0.000000000000000000e+00 9.026887464387464144e-01 6.702724358974359031e-01 7.300569800569800365e-03 7.211538461538461939e-03
0.000000000000000000e+00 9.176460113960114295e-01 6.790865384615384359e-01 5.163817663817663398e-03 1.041666666666666609e-02
0.000000000000000000e+00 9.238782051282051766e-01 6.784188034188034511e-01 5.163817663817663398e-03 1.175213675213675202e-02
0.000000000000000000e+00 9.290420227920227481e-01 6.773504273504273865e-01 4.451566951566951653e-03 1.014957264957264994e-02
0.000000000000000000e+00 9.362535612535612950e-01 6.746794871794872250e-01 4.273504273504273934e-03 1.014957264957264994e-02
0.000000000000000000e+00 8.673433048433047965e-01 7.148771367521367104e-01 4.629629629629629373e-03 1.095085470085470011e-02
0.000000000000000000e+00 8.858618233618233972e-01 7.069978632478632896e-01 4.985754985754985678e-03 1.175213675213675202e-02
0.000000000000000000e+00 9.042022792022792466e-01 7.322382478632478708e-01 4.629629629629629373e-03 1.308760683760683795e-02
0.000000000000000000e+00 9.146189458689458762e-01 7.526709401709401615e-01 4.807692307692307959e-03 1.228632478632478604e-02
0.000000000000000000e+00 9.183582621082621023e-01 7.433226495726495964e-01 5.876068376068376009e-03 1.442307692307692388e-02
0.000000000000000000e+00 9.223646723646723444e-01 7.413194444444444198e-01 5.698005698005698290e-03 1.415598290598290600e-02
0.000000000000000000e+00 9.262820512820513219e-01 7.399839743589743390e-01 4.985754985754985678e-03 1.308760683760683795e-02
0.000000000000000000e+00 9.313568376068376287e-01 7.387820512820513219e-01 6.232193732193732315e-03 1.495726495726495790e-02
0.000000000000000000e+00 9.362535612535612950e-01 7.369123931623932089e-01 6.054131054131053728e-03 1.335470085470085409e-02
0.000000000000000000e+00 8.993945868945868449e-01 7.976762820512820484e-01 1.246438746438746463e-02 1.148504273504273587e-02
0.000000000000000000e+00 8.895121082621082476e-01 3.405448717948717646e-02 4.451566951566951653e-03 1.095085470085470011e-02
0.000000000000000000e+00 8.920940170940171443e-01 5.755876068376068050e-02 3.917378917378917629e-03 1.201923076923076990e-02
0.000000000000000000e+00 8.939636752136752573e-01 7.264957264957265515e-02 5.519943019943019703e-03 1.228632478632478604e-02
0.000000000000000000e+00 9.581552706552706189e-01 4.513888888888888812e-02 7.122507122507122646e-03 1.388888888888888812e-02
0.000000000000000000e+00 9.318019943019942852e-01 7.812500000000000000e-02 5.341880341880341984e-03 1.041666666666666609e-02
0.000000000000000000e+00 9.933226495726495964e-01 3.525641025641025605e-02 4.451566951566951653e-03 6.944444444444444059e-03
0.000000000000000000e+00 9.740918803418803229e-01 8.186431623931623991e-02 4.451566951566951653e-03 8.279914529914529989e-03
0.000000000000000000e+00 9.866452991452991927e-01 1.248664529914529919e-01 4.985754985754985678e-03 1.255341880341880392e-02
0.000000000000000000e+00 9.827279202279202153e-01 1.260683760683760646e-01 5.698005698005698290e-03 1.335470085470085409e-02
0.000000000000000000e+00 9.853988603988603767e-01 1.376869658119658224e-01 4.985754985754985678e-03 1.308760683760683795e-02
0.000000000000000000e+00 9.894943019943019946e-01 1.360844017094016978e-01 4.629629629629629373e-03 1.308760683760683795e-02
0.000000000000000000e+00 9.932336182336182206e-01 1.347489316239316171e-01 4.629629629629629373e-03 1.255341880341880392e-02
0.000000000000000000e+00 9.806801994301994618e-01 1.408920940170940161e-01 5.519943019943019703e-03 1.201923076923076990e-02
0.000000000000000000e+00 9.000178062678062529e-01 1.419604700854700807e-01 4.451566951566951653e-03 1.095085470085470011e-02
0.000000000000000000e+00 9.038461538461538547e-01 1.820245726495726413e-01 4.629629629629629373e-03 1.415598290598290600e-02
0.000000000000000000e+00 9.846866096866097040e-01 1.643963675213675202e-01 6.054131054131053728e-03 1.415598290598290600e-02
0.000000000000000000e+00 9.919871794871795156e-01 1.599893162393162260e-01 5.341880341880341984e-03 9.081196581196581893e-03
0.000000000000000000e+00 8.579059829059828557e-01 2.342414529914529919e-01 6.410256410256410034e-03 1.495726495726495790e-02
0.000000000000000000e+00 8.712606837606837740e-01 2.613514957264957417e-01 4.273504273504273934e-03 1.148504273504273587e-02
0.000000000000000000e+00 8.626246438746438816e-01 2.630876068376068466e-01 4.807692307692307959e-03 1.068376068376068397e-02
0.000000000000000000e+00 8.720619658119658224e-01 2.859241452991452825e-01 7.300569800569800365e-03 6.143162393162393022e-03
0.000000000000000000e+00 8.627136752136752573e-01 2.970085470085470081e-01 4.629629629629629373e-03 9.615384615384615918e-03
0.000000000000000000e+00 9.761396011396011874e-01 2.884615384615384359e-01 7.834757834757835257e-03 7.478632478632478951e-03
0.000000000000000000e+00 9.865562678062678170e-01 2.841880341880341776e-01 8.368945868945869282e-03 8.012820512820512109e-03
