0.000000000000000000e+00 6.997863247863247982e-02 8.854166666666667129e-02 4.273504273504273934e-03 9.348290598290598039e-03
0.000000000000000000e+00 7.416310541310541793e-02 8.827457264957265515e-02 3.383190883190883170e-03 7.745726495726495964e-03
0.000000000000000000e+00 9.428418803418803229e-02 8.840811965811966322e-02 3.383190883190883170e-03 9.615384615384615918e-03
0.000000000000000000e+00 1.131588319088319139e-01 8.934294871794871973e-02 4.095441595441595348e-03 1.095085470085470011e-02
0.000000000000000000e+00 1.228632478632478570e-01 8.974358974358974395e-02 3.917378917378917629e-03 1.121794871794871799e-02
0.000000000000000000e+00 1.126246438746438677e-01 1.180555555555555525e-01 2.314814814814814686e-03 1.068376068376068397e-02
0.000000000000000000e+00 1.618589743589743668e-01 8.680555555555555247e-02 3.917378917378917629e-03 1.121794871794871799e-02
0.000000000000000000e+00 1.810007122507122646e-01 8.814102564102564707e-02 4.095441595441595348e-03 1.282051282051282007e-02
0.000000000000000000e+00 1.852742165242165229e-01 8.800747863247863900e-02 4.451566951566951653e-03 1.201923076923076990e-02
0.000000000000000000e+00 2.093126780626780592e-01 8.920940170940171166e-02 4.095441595441595348e-03 1.335470085470085409e-02
0.000000000000000000e+00 2.277421652421652287e-01 8.760683760683760091e-02 3.561253561253561323e-03 1.175213675213675202e-02
0.000000000000000000e+00 2.373575498575498655e-01 9.094551282051281660e-02 3.205128205128205017e-03 8.279914529914529989e-03
0.000000000000000000e+00 2.470619658119658224e-01 8.774038461538460898e-02 3.739316239316239476e-03 1.041666666666666609e-02
0.000000000000000000e+00 3.089387464387464283e-02 1.344818376068376009e-01 9.437321937321937332e-03 6.677350427350427046e-03
0.000000000000000000e+00 4.255698005698005382e-02 1.415598290598290565e-01 6.410256410256410034e-03 4.807692307692307959e-03
0.000000000000000000e+00 2.813390313390313341e-02 1.519764957264957139e-01 7.122507122507122646e-03 5.341880341880341984e-03
0.000000000000000000e+00 4.264601139601139485e-02 1.474358974358974395e-01 5.876068376068376009e-03 4.807692307692307959e-03
0.000000000000000000e+00 4.131054131054130718e-02 1.543803418803418870e-01 4.985754985754985678e-03 4.807692307692307959e-03
0.000000000000000000e+00 4.193376068376068050e-02 1.678685897435897301e-01 8.012820512820512109e-03 6.143162393162393022e-03
0.000000000000000000e+00 2.938034188034188005e-02 1.737446581196581130e-01 8.547008547008547868e-03 6.143162393162393022e-03
0.000000000000000000e+00 2.849002849002849058e-02 1.797542735042735040e-01 7.122507122507122646e-03 5.341880341880341984e-03
0.000000000000000000e+00 4.166666666666666435e-02 1.738782051282051211e-01 8.190883190883190695e-03 5.876068376068376009e-03
0.000000000000000000e+00 4.291310541310541099e-02 1.805555555555555525e-01 6.054131054131053728e-03 5.876068376068376009e-03
0.000000000000000000e+00 4.300213675213675202e-02 1.940438034188034233e-01 5.876068376068376009e-03 5.074786324786324972e-03
0.000000000000000000e+00 2.893518518518518531e-02 2.001869658119658224e-01 7.300569800569800365e-03 5.608974358974358997e-03
0.000000000000000000e+00 4.237891737891737870e-02 2.075320512820512941e-01 6.410256410256410034e-03 5.341880341880341984e-03
0.000000000000000000e+00 2.964743589743589619e-02 2.198183760683760646e-01 7.300569800569800365e-03 5.341880341880341984e-03
0.000000000000000000e+00 2.955840455840455863e-02 2.322382478632478708e-01 6.766381766381766340e-03 5.074786324786324972e-03
0.000000000000000000e+00 4.300213675213675202e-02 2.334401709401709435e-01 7.300569800569800365e-03 5.341880341880341984e-03
0.000000000000000000e+00 2.929131054131054249e-02 2.524038461538461453e-01 7.300569800569800365e-03 5.341880341880341984e-03
0.000000000000000000e+00 4.335826210826210919e-02 2.394497863247863345e-01 7.300569800569800365e-03 5.608974358974358997e-03
0.000000000000000000e+00 4.344729344729345022e-02 2.462606837606837740e-01 6.766381766381766340e-03 5.341880341880341984e-03
0.000000000000000000e+00 4.318019943019942714e-02 2.524038461538461453e-01 7.300569800569800365e-03 5.341880341880341984e-03
0.000000000000000000e+00 4.291310541310541099e-02 2.597489316239316448e-01 8.190883190883190695e-03 5.608974358974358997e-03
0.000000000000000000e+00 9.348290598290598039e-03 3.493589743589743390e-01 7.300569800569800365e-03 6.410256410256410034e-03
0.000000000000000000e+00 1.869658119658119608e-02 3.508279914529914278e-01 8.903133903133903307e-03 6.677350427350427046e-03
0.000000000000000000e+00 4.994658119658119955e-02 3.556356837606837740e-01 8.725071225071224720e-03 6.143162393162393022e-03
0.000000000000000000e+00 5.226139601139601076e-02 3.751335470085470081e-01 6.944444444444444059e-03 5.074786324786324972e-03
0.000000000000000000e+00 5.154914529914529642e-02 3.943643162393162260e-01 6.944444444444444059e-03 5.608974358974358997e-03
0.000000000000000000e+00 5.137108262108262130e-02 4.010416666666666852e-01 6.588319088319088621e-03 5.074786324786324972e-03
0.000000000000000000e+00 7.175925925925925875e-02 3.326655982905982745e-01 9.615384615384615918e-03 6.677350427350427046e-03
0.000000000000000000e+00 1.068376068376068327e-01 3.644497863247863068e-01 8.190883190883190695e-03 6.677350427350427046e-03
0.000000000000000000e+00 1.485933048433048520e-01 3.187767094017093794e-01 3.739316239316239476e-03 9.882478632478632063e-03
0.000000000000000000e+00 1.904380341880341776e-01 3.267895299145299193e-01 4.095441595441595348e-03 1.255341880341880392e-02
0.000000000000000000e+00 2.127849002849002968e-01 3.336004273504273310e-01 4.985754985754985678e-03 1.121794871794871799e-02
0.000000000000000000e+00 6.436965811965811302e-02 5.690438034188034511e-01 9.081196581196581893e-03 6.143162393162393022e-03
0.000000000000000000e+00 6.899928774928774933e-02 5.806623931623932089e-01 6.588319088319088621e-03 1.228632478632478604e-02
0.000000000000000000e+00 7.318376068376068744e-02 5.829326923076922906e-01 6.054131054131053728e-03 1.201923076923076990e-02
0.000000000000000000e+00 8.092948717948718340e-02 5.905448717948718063e-01 5.163817663817663398e-03 1.014957264957264994e-02
0.000000000000000000e+00 8.547008547008547175e-02 5.926816239316239354e-01 6.766381766381766340e-03 1.388888888888888812e-02
0.000000000000000000e+00 9.713319088319088968e-02 6.014957264957264682e-01 5.163817663817663398e-03 1.282051282051282007e-02
0.000000000000000000e+00 1.143162393162393126e-01 5.459401709401708880e-01 4.273504273504273934e-03 1.014957264957264994e-02
0.000000000000000000e+00 7.211538461538460898e-02 6.935096153846154188e-01 6.410256410256410034e-03 9.882478632478632063e-03
0.000000000000000000e+00 1.250890313390313480e-01 6.391559829059828557e-01 6.232193732193732315e-03 8.547008547008547868e-03
0.000000000000000000e+00 5.555555555555555247e-02 7.363782051282051766e-01 4.273504273504273934e-03 1.014957264957264994e-02
0.000000000000000000e+00 5.154914529914529642e-02 7.398504273504273865e-01 4.807692307692307959e-03 8.547008547008547868e-03
0.000000000000000000e+00 3.917378917378917108e-02 7.661591880341880323e-01 4.273504273504273934e-03 1.041666666666666609e-02
0.000000000000000000e+00 3.543447293447293117e-02 7.717681623931623713e-01 4.273504273504273934e-03 1.308760683760683795e-02
0.000000000000000000e+00 3.205128205128204844e-02 7.792467948717948234e-01 4.985754985754985678e-03 1.201923076923076990e-02
0.000000000000000000e+00 2.759971509971510112e-02 7.868589743589743390e-01 4.629629629629629373e-03 8.012820512820512109e-03
0.000000000000000000e+00 1.958689458689458554e-02 8.018162393162393542e-01 4.985754985754985678e-03 1.121794871794871799e-02
0.000000000000000000e+00 7.888176638176638833e-02 7.751068376068376287e-01 9.971509971509971357e-03 1.442307692307692388e-02
0.000000000000000000e+00 1.184116809116809131e-02 8.175747863247863068e-01 4.807692307692307959e-03 1.175213675213675202e-02
0.000000000000000000e+00 1.185897435897435848e-01 7.626869658119658224e-01 7.834757834757835257e-03 6.143162393162393022e-03
0.000000000000000000e+00 1.172542735042735040e-01 7.697649572649573058e-01 7.656695156695156670e-03 6.410256410256410034e-03
0.000000000000000000e+00 1.141381766381766444e-01 7.823183760683760646e-01 7.478632478632478951e-03 6.410256410256410034e-03
0.000000000000000000e+00 1.122685185185185175e-01 7.908653846153845812e-01 8.368945868945869282e-03 5.876068376068376009e-03
0.000000000000000000e+00 1.086182336182336117e-01 8.047542735042735318e-01 7.122507122507122646e-03 5.341880341880341984e-03
0.000000000000000000e+00 1.072827635327635309e-01 8.116987179487179516e-01 7.300569800569800365e-03 5.876068376068376009e-03
0.000000000000000000e+00 1.063924501424501484e-01 8.179754273504273865e-01 8.368945868945869282e-03 6.143162393162393022e-03
0.000000000000000000e+00 1.050569800569800538e-01 8.254540598290598385e-01 9.259259259259258745e-03 7.745726495726495964e-03
0.000000000000000000e+00 1.290064102564102699e-01 7.936698717948718063e-01 7.656695156695156670e-03 9.882478632478632063e-03
0.000000000000000000e+00 1.311431623931623991e-01 7.857905982905982745e-01 8.012820512820512109e-03 1.068376068376068397e-02
0.000000000000000000e+00 1.330128205128205121e-01 7.792467948717948234e-01 6.410256410256410034e-03 8.814102564102564014e-03
0.000000000000000000e+00 1.535790598290598385e-01 7.940705128205127750e-01 7.300569800569800365e-03 1.014957264957264994e-02
0.000000000000000000e+00 1.679131054131054179e-01 8.231837606837606458e-01 6.410256410256410034e-03 1.014957264957264994e-02
0.000000000000000000e+00 4.638532763532763475e-02 9.692841880341880323e-01 8.368945868945869282e-03 9.081196581196581893e-03
0.000000000000000000e+00 5.119301994301994618e-02 9.731570512820513219e-01 4.095441595441595348e-03 4.540598290598290947e-03
0.000000000000000000e+00 5.724715099715099731e-02 9.700854700854700807e-01 5.876068376068376009e-03 6.410256410256410034e-03
0.000000000000000000e+00 7.683404558404557938e-02 9.779647435897436125e-01 6.944444444444444059e-03 8.814102564102564014e-03
0.000000000000000000e+00 7.380698005698005382e-02 9.945245726495726135e-01 8.725071225071224720e-03 9.882478632478632063e-03
0.000000000000000000e+00 9.526353276353276278e-02 9.954594017094017255e-01 8.190883190883190695e-03 9.081196581196581893e-03
0.000000000000000000e+00 8.894230769230769551e-02 9.700854700854700807e-01 6.588319088319088621e-03 1.068376068376068397e-02
0.000000000000000000e+00 1.418269230769230727e-01 8.720619658119658224e-01 6.944444444444444059e-03 1.068376068376068397e-02
0.000000000000000000e+00 1.538461538461538547e-01 8.504273504273504036e-01 6.766381766381766340e-03 1.175213675213675202e-02
0.000000000000000000e+00 2.784900284900284628e-01 1.335470085470085444e-01 4.985754985754985678e-03 1.068376068376068397e-02
0.000000000000000000e+00 2.666488603988603767e-01 1.647970085470085444e-01 5.876068376068376009e-03 1.175213675213675202e-02
0.000000000000000000e+00 2.618411680911680861e-01 1.773504273504273587e-01 4.451566951566951653e-03 1.175213675213675202e-02
0.000000000000000000e+00 2.950498575498575748e-01 1.428952991452991372e-01 4.985754985754985678e-03 1.014957264957264994e-02
0.000000000000000000e+00 2.905982905982906206e-01 1.557158119658119677e-01 5.698005698005698290e-03 1.282051282051282007e-02
0.000000000000000000e+00 3.178418803418803229e-01 3.823450854700854440e-01 6.410256410256410034e-03 9.882478632478632063e-03
0.000000000000000000e+00 3.141915954415954171e-01 4.635416666666666852e-01 4.807692307692307959e-03 7.745726495726495964e-03
0.000000000000000000e+00 3.118767806267806475e-01 4.698183760683760646e-01 6.944444444444444059e-03 1.121794871794871799e-02
0.000000000000000000e+00 3.078703703703703498e-01 4.736912393162392987e-01 7.834757834757835257e-03 1.148504273504273587e-02
0.000000000000000000e+00 2.918447293447293256e-01 5.502136752136752573e-01 3.917378917378917629e-03 1.175213675213675202e-02
0.000000000000000000e+00 2.840990028490028574e-01 5.604967948717948234e-01 7.656695156695156670e-03 5.074786324786324972e-03
0.000000000000000000e+00 2.842770655270655533e-01 5.670405982905982745e-01 7.300569800569800365e-03 5.341880341880341984e-03
0.000000000000000000e+00 2.844551282051281937e-01 5.738514957264957417e-01 8.012820512820512109e-03 5.608974358974358997e-03
0.000000000000000000e+00 2.844551282051281937e-01 5.807959401709401615e-01 7.656695156695156670e-03 5.608974358974358997e-03
0.000000000000000000e+00 2.848112535612535856e-01 5.866720085470085166e-01 8.368945868945869282e-03 6.677350427350427046e-03
0.000000000000000000e+00 2.507122507122507282e-01 6.617254273504273865e-01 6.054131054131053728e-03 8.279914529914529989e-03
0.000000000000000000e+00 2.818732193732193525e-01 6.283386752136752573e-01 7.834757834757835257e-03 8.814102564102564014e-03
0.000000000000000000e+00 2.934472934472934225e-01 6.191239316239316448e-01 8.903133903133903307e-03 7.478632478632478951e-03
0.000000000000000000e+00 1.890135327635327767e-01 7.299679487179486781e-01 5.519943019943019703e-03 8.012820512820512109e-03
0.000000000000000000e+00 1.947115384615384637e-01 7.441239316239316448e-01 5.876068376068376009e-03 1.014957264957264994e-02
0.000000000000000000e+00 2.681623931623931534e-01 7.263621794871795156e-01 4.273504273504273934e-03 7.745726495726495964e-03
0.000000000000000000e+00 3.124109686609686798e-01 8.433493589743589203e-01 1.086182336182336255e-02 1.362179487179487197e-02
0.000000000000000000e+00 3.365384615384615641e-01 3.525641025641025605e-02 6.766381766381766340e-03 7.478632478632478951e-03
0.000000000000000000e+00 3.230056980056980054e-01 4.994658119658119955e-02 6.410256410256410034e-03 1.014957264957264994e-02
0.000000000000000000e+00 3.769586894586894332e-01 5.702457264957264821e-02 4.985754985754985678e-03 1.041666666666666609e-02
0.000000000000000000e+00 3.545227920227920215e-01 7.932692307692307265e-02 3.917378917378917629e-03 1.121794871794871799e-02
0.000000000000000000e+00 3.595975783475783283e-01 1.085737179487179516e-01 3.383190883190883170e-03 9.882478632478632063e-03
0.000000000000000000e+00 3.752670940170940161e-01 1.461004273504273587e-01 5.163817663817663398e-03 1.388888888888888812e-02
0.000000000000000000e+00 3.538995726495726690e-01 3.354700854700854440e-01 4.095441595441595348e-03 1.175213675213675202e-02
0.000000000000000000e+00 3.447293447293447444e-01 3.552350427350427498e-01 8.547008547008547868e-03 6.944444444444444059e-03
0.000000000000000000e+00 3.351139601139601076e-01 3.567040598290598385e-01 6.766381766381766340e-03 5.074786324786324972e-03
0.000000000000000000e+00 3.893340455840456071e-01 4.009081196581196771e-01 6.944444444444444059e-03 1.282051282051282007e-02
0.000000000000000000e+00 4.051816239316239354e-01 4.320245726495726690e-01 1.050569800569800538e-02 1.789529914529914417e-02
0.000000000000000000e+00 4.132834757834757955e-01 4.460470085470085722e-01 6.054131054131053728e-03 9.081196581196581893e-03
0.000000000000000000e+00 3.344017094017093794e-01 4.324252136752136932e-01 7.478632478632478951e-03 6.410256410256410034e-03
0.000000000000000000e+00 3.325320512820512664e-01 4.485844017094017255e-01 5.163817663817663398e-03 1.148504273504273587e-02
0.000000000000000000e+00 3.402777777777777901e-01 4.556623931623931534e-01 8.190883190883190695e-03 5.876068376068376009e-03
0.000000000000000000e+00 3.378739316239316448e-01 4.720886752136752018e-01 5.163817663817663398e-03 1.095085470085470011e-02
0.000000000000000000e+00 3.493589743589743390e-01 4.819711538461538547e-01 8.903133903133903307e-03 6.143162393162393022e-03
0.000000000000000000e+00 3.043981481481481399e-01 6.392895299145299193e-01 4.451566951566951653e-03 1.255341880341880392e-02
0.000000000000000000e+00 3.199786324786324521e-01 6.280715811965812412e-01 4.273504273504273934e-03 1.095085470085470011e-02
0.000000000000000000e+00 3.317307692307692180e-01 6.199252136752136932e-01 3.917378917378917629e-03 1.068376068376068397e-02
0.000000000000000000e+00 3.455306267806267928e-01 6.033653846153845812e-01 7.300569800569800365e-03 8.012820512820512109e-03
0.000000000000000000e+00 3.553240740740740700e-01 6.060363247863247427e-01 4.095441595441595348e-03 1.014957264957264994e-02
0.000000000000000000e+00 3.612001424501424252e-01 5.902777777777777901e-01 6.944444444444444059e-03 9.081196581196581893e-03
0.000000000000000000e+00 4.434650997150997309e-01 1.356837606837606736e-01 7.656695156695156670e-03 6.944444444444444059e-03
0.000000000000000000e+00 4.620726495726495964e-01 2.048611111111111049e-01 6.766381766381766340e-03 5.341880341880341984e-03
0.000000000000000000e+00 5.227029914529914834e-01 6.864316239316239909e-02 8.725071225071224720e-03 5.876068376068376009e-03
0.000000000000000000e+00 5.335648148148147696e-01 6.623931623931623991e-02 8.012820512820512109e-03 5.876068376068376009e-03
0.000000000000000000e+00 5.556445868945868449e-01 6.450320512820513497e-02 6.588319088319088621e-03 6.677350427350427046e-03
0.000000000000000000e+00 5.646367521367521292e-01 6.290064102564102422e-02 7.834757834757835257e-03 6.677350427350427046e-03
0.000000000000000000e+00 5.852029914529914834e-01 1.038995726495726551e-01 4.451566951566951653e-03 1.228632478632478604e-02
0.000000000000000000e+00 4.136396011396011319e-01 3.931623931623931534e-01 4.273504273504273934e-03 5.341880341880341984e-03
0.000000000000000000e+00 4.728454415954416179e-01 3.834134615384615641e-01 5.876068376068376009e-03 1.255341880341880392e-02
0.000000000000000000e+00 4.684829059829059839e-01 4.098557692307692180e-01 6.054131054131053728e-03 1.255341880341880392e-02
0.000000000000000000e+00 4.751602564102563875e-01 4.300213675213675479e-01 5.876068376068376009e-03 1.335470085470085409e-02
0.000000000000000000e+00 4.252136752136752018e-01 4.387019230769230727e-01 8.190883190883190695e-03 8.814102564102564014e-03
0.000000000000000000e+00 4.530804843304843121e-01 4.842414529914529919e-01 5.876068376068376009e-03 1.228632478632478604e-02
0.000000000000000000e+00 4.296652421652421561e-01 4.539262820512820484e-01 5.698005698005698290e-03 9.348290598290598039e-03
0.000000000000000000e+00 5.046296296296296502e-01 5.351228632478632896e-01 5.341880341880341984e-03 1.201923076923076990e-02
0.000000000000000000e+00 4.949252136752136932e-01 5.395299145299145005e-01 4.095441595441595348e-03 1.282051282051282007e-02
0.000000000000000000e+00 5.001780626780626404e-01 5.381944444444444198e-01 4.985754985754985678e-03 1.175213675213675202e-02
0.000000000000000000e+00 4.938568376068376287e-01 5.706463675213675479e-01 4.451566951566951653e-03 1.201923076923076990e-02
0.000000000000000000e+00 4.988425925925926152e-01 5.682425213675214026e-01 4.451566951566951653e-03 1.148504273504273587e-02
0.000000000000000000e+00 5.083689458689458762e-01 5.657051282051281937e-01 4.985754985754985678e-03 1.014957264957264994e-02
0.000000000000000000e+00 4.851317663817663606e-01 5.825320512820513219e-01 4.095441595441595348e-03 1.068376068376068397e-02
0.000000000000000000e+00 4.754273504273504036e-01 5.840010683760683552e-01 4.273504273504273934e-03 9.882478632478632063e-03
0.000000000000000000e+00 4.764066951566951480e-01 5.976228632478632896e-01 3.739316239316239476e-03 1.255341880341880392e-02
0.000000000000000000e+00 4.878917378917378977e-01 6.111111111111111605e-01 3.561253561253561323e-03 9.615384615384615918e-03
0.000000000000000000e+00 5.327635327635327211e-01 5.914797008547008073e-01 4.985754985754985678e-03 9.348290598290598039e-03
0.000000000000000000e+00 4.782763532763532610e-01 6.148504273504273865e-01 4.629629629629629373e-03 1.228632478632478604e-02
0.000000000000000000e+00 5.384615384615384359e-01 6.096420940170940161e-01 4.273504273504273934e-03 8.279914529914529989e-03
0.000000000000000000e+00 5.534188034188034511e-01 6.565170940170940161e-01 4.629629629629629373e-03 7.478632478632478951e-03
0.000000000000000000e+00 4.913639601139601076e-01 6.454326923076922906e-01 4.095441595441595348e-03 9.348290598290598039e-03
0.000000000000000000e+00 4.939458689458689489e-01 6.740117521367521292e-01 4.273504273504273934e-03 1.148504273504273587e-02
0.000000000000000000e+00 4.954594017094017255e-01 6.879006410256410797e-01 4.451566951566951653e-03 1.148504273504273587e-02
0.000000000000000000e+00 4.975071225071225345e-01 7.230235042735042583e-01 4.629629629629629373e-03 1.175213675213675202e-02
0.000000000000000000e+00 5.017806267806267373e-01 7.686965811965812412e-01 3.917378917378917629e-03 1.175213675213675202e-02
0.000000000000000000e+00 5.053418803418803229e-01 8.008814102564102422e-01 4.273504273504273934e-03 1.041666666666666609e-02
0.000000000000000000e+00 5.066773504273504036e-01 8.151709401709401615e-01 4.095441595441595348e-03 1.068376068376068397e-02
0.000000000000000000e+00 5.079237891737892197e-01 8.282585470085470636e-01 4.451566951566951653e-03 1.175213675213675202e-02
0.000000000000000000e+00 5.024928774928775210e-01 8.704594017094017255e-01 6.054131054131053728e-03 8.012820512820512109e-03
0.000000000000000000e+00 5.210113960113960108e-01 8.780715811965812412e-01 4.985754985754985678e-03 5.608974358974358997e-03
0.000000000000000000e+00 5.224358974358974672e-01 8.843482905982905651e-01 5.341880341880341984e-03 5.341880341880341984e-03
0.000000000000000000e+00 5.240384615384615641e-01 8.902243589743589203e-01 8.547008547008547868e-03 6.410256410256410034e-03
0.000000000000000000e+00 5.365028490028490582e-01 9.063835470085470636e-01 8.190883190883190695e-03 6.143162393162393022e-03
0.000000000000000000e+00 5.265313390313390851e-01 9.155982905982905651e-01 8.903133903133903307e-03 6.944444444444444059e-03
0.000000000000000000e+00 5.498575498575498655e-01 8.798076923076922906e-01 3.917378917378917629e-03 1.442307692307692388e-02
0.000000000000000000e+00 5.308938746438746081e-01 9.352297008547008073e-01 6.232193732193732315e-03 5.608974358974358997e-03
0.000000000000000000e+00 5.259971509971509418e-01 9.577991452991453381e-01 4.629629629629629373e-03 1.121794871794871799e-02
0.000000000000000000e+00 5.284009971509971981e-01 9.718215811965812412e-01 4.807692307692307959e-03 1.095085470085470011e-02
0.000000000000000000e+00 5.287571225071224790e-01 3.931623931623931534e-01 8.368945868945869282e-03 7.478632478632478951e-03
0.000000000000000000e+00 5.772792022792022637e-01 3.798076923076922906e-01 8.190883190883190695e-03 7.478632478632478951e-03
0.000000000000000000e+00 6.063034188034187588e-01 3.723290598290598385e-01 8.190883190883190695e-03 6.944444444444444059e-03
0.000000000000000000e+00 6.327457264957264682e-01 3.651175213675213471e-01 7.300569800569800365e-03 5.876068376068376009e-03
0.000000000000000000e+00 6.412037037037037202e-01 3.637820512820512664e-01 7.834757834757835257e-03 6.410256410256410034e-03
0.000000000000000000e+00 6.575854700854700807e-01 3.599091880341880323e-01 8.547008547008547868e-03 7.211538461538461939e-03
0.000000000000000000e+00 6.688924501424501345e-01 3.728632478632478708e-01 4.451566951566951653e-03 1.121794871794871799e-02
0.000000000000000000e+00 6.824252136752136932e-01 3.711271367521367659e-01 4.095441595441595348e-03 1.201923076923076990e-02
0.000000000000000000e+00 6.866987179487179516e-01 3.699252136752136932e-01 4.095441595441595348e-03 1.068376068376068397e-02
0.000000000000000000e+00 6.632834757834757955e-01 3.380074786324786529e-01 4.273504273504273934e-03 1.255341880341880392e-02
0.000000000000000000e+00 5.560007122507122368e-01 5.527510683760683552e-01 8.012820512820512109e-03 6.143162393162393022e-03
0.000000000000000000e+00 5.673076923076922906e-01 5.500801282051281937e-01 7.478632478632478951e-03 5.608974358974358997e-03
0.000000000000000000e+00 5.737179487179486781e-01 5.551549145299145005e-01 7.478632478632478951e-03 6.143162393162393022e-03
0.000000000000000000e+00 5.679309116809116986e-01 5.633012820512820484e-01 8.368945868945869282e-03 6.410256410256410034e-03
0.000000000000000000e+00 5.852920227920227481e-01 5.456730769230768718e-01 7.122507122507122646e-03 5.876068376068376009e-03
0.000000000000000000e+00 5.951745014245014564e-01 5.432692307692307265e-01 9.437321937321937332e-03 6.944444444444444059e-03
0.000000000000000000e+00 6.031873219373219408e-01 5.408653846153845812e-01 7.656695156695156670e-03 5.876068376068376009e-03
0.000000000000000000e+00 6.089743589743589203e-01 5.552884615384615641e-01 9.259259259259258745e-03 7.478632478632478951e-03
0.000000000000000000e+00 5.597400284900284628e-01 6.773504273504273865e-01 4.095441595441595348e-03 9.081196581196581893e-03
0.000000000000000000e+00 5.640135327635327211e-01 6.923076923076922906e-01 5.519943019943019703e-03 1.175213675213675202e-02
0.000000000000000000e+00 5.830662393162393542e-01 7.143429487179486781e-01 6.232193732193732315e-03 1.201923076923076990e-02
0.000000000000000000e+00 5.882300569800569257e-01 7.318376068376067911e-01 6.944444444444444059e-03 1.495726495726495790e-02
0.000000000000000000e+00 5.747863247863247427e-01 7.266292735042735318e-01 3.561253561253561323e-03 6.143162393162393022e-03
0.000000000000000000e+00 5.784366096866097040e-01 7.379807692307692735e-01 5.519943019943019703e-03 1.121794871794871799e-02
0.000000000000000000e+00 6.080840455840456071e-01 7.775106837606837740e-01 8.190883190883190695e-03 1.282051282051282007e-02
0.000000000000000000e+00 6.347934472934473327e-01 8.715277777777777901e-01 8.547008547008547868e-03 1.549145299145299193e-02
0.000000000000000000e+00 6.429843304843304574e-01 8.900908119658119677e-01 7.122507122507122646e-03 1.255341880341880392e-02
0.000000000000000000e+00 6.569622507122506727e-01 8.918269230769231282e-01 6.588319088319088621e-03 1.121794871794871799e-02
0.000000000000000000e+00 6.620370370370370905e-01 9.033119658119658224e-01 6.766381766381766340e-03 1.068376068376068397e-02
0.000000000000000000e+00 6.672008547008546619e-01 9.157318376068376287e-01 7.478632478632478951e-03 1.308760683760683795e-02
0.000000000000000000e+00 6.396011396011396233e-01 9.907852564102563875e-01 8.190883190883190695e-03 9.348290598290598039e-03
0.000000000000000000e+00 6.476139601139601076e-01 9.845085470085470636e-01 6.410256410256410034e-03 8.547008547008547868e-03
0.000000000000000000e+00 6.550035612535612950e-01 9.784989316239316448e-01 7.656695156695156670e-03 7.745726495726495964e-03
0.000000000000000000e+00 6.811787749287748772e-01 9.861111111111111605e-01 5.519943019943019703e-03 1.121794871794871799e-02
0.000000000000000000e+00 6.918625356125356340e-01 9.834401709401708880e-01 6.232193732193732315e-03 1.121794871794871799e-02
0.000000000000000000e+00 6.964921652421652842e-01 9.965277777777777901e-01 5.163817663817663398e-03 6.410256410256410034e-03
0.000000000000000000e+00 6.852742165242164951e-01 9.978632478632478708e-01 4.095441595441595348e-03 3.739316239316239476e-03
0.000000000000000000e+00 6.149394586894586512e-01 2.897970085470085583e-02 4.807692307692307959e-03 1.148504273504273587e-02
0.000000000000000000e+00 6.247329059829059839e-01 2.644230769230769204e-02 4.095441595441595348e-03 1.014957264957264994e-02
0.000000000000000000e+00 6.329237891737892197e-01 2.337072649572649596e-02 4.095441595441595348e-03 9.348290598290598039e-03
0.000000000000000000e+00 6.301638176638176825e-01 4.927884615384615224e-02 9.259259259259258745e-03 7.745726495726495964e-03
0.000000000000000000e+00 6.712072649572649041e-01 1.736111111111111188e-02 4.807692307692307959e-03 1.228632478632478604e-02
0.000000000000000000e+00 6.753917378917378977e-01 1.602564102564102422e-02 4.629629629629629373e-03 1.228632478632478604e-02
0.000000000000000000e+00 6.799323361823361722e-01 1.482371794871794810e-02 4.807692307692307959e-03 1.415598290598290600e-02
0.000000000000000000e+00 6.889245014245014564e-01 1.308760683760683795e-02 5.341880341880341984e-03 1.495726495726495790e-02
0.000000000000000000e+00 6.935541310541311066e-01 1.135149572649572607e-02 4.273504273504273934e-03 1.415598290598290600e-02
0.000000000000000000e+00 6.980056980056980054e-01 8.680555555555555941e-03 3.917378917378917629e-03 1.148504273504273587e-02
0.000000000000000000e+00 7.150106837606837740e-01 2.163461538461538408e-02 6.944444444444444059e-03 4.807692307692307959e-03
0.000000000000000000e+00 6.843839031339031820e-01 1.684027777777777901e-01 4.807692307692307959e-03 1.201923076923076990e-02
0.000000000000000000e+00 6.804665242165242045e-01 1.865651709401709435e-01 4.451566951566951653e-03 5.608974358974358997e-03
0.000000000000000000e+00 6.785078347578347158e-01 2.019230769230769273e-01 4.807692307692307959e-03 1.121794871794871799e-02
0.000000000000000000e+00 6.840277777777777901e-01 2.357104700854700807e-01 4.451566951566951653e-03 1.255341880341880392e-02
0.000000000000000000e+00 6.949786324786324521e-01 2.047275641025640969e-01 4.629629629629629373e-03 1.148504273504273587e-02
0.000000000000000000e+00 7.000534188034187588e-01 2.031250000000000000e-01 4.095441595441595348e-03 1.148504273504273587e-02
0.000000000000000000e+00 7.045049857549857686e-01 2.024572649572649596e-01 4.451566951566951653e-03 1.282051282051282007e-02
0.000000000000000000e+00 7.090455840455840431e-01 2.013888888888888951e-01 3.917378917378917629e-03 1.228632478632478604e-02
0.000000000000000000e+00 7.130519943019942852e-01 2.008547008547008628e-01 4.451566951566951653e-03 1.175213675213675202e-02
0.000000000000000000e+00 7.031695156695156879e-01 2.293002136752136655e-01 5.341880341880341984e-03 1.469017094017094002e-02
0.000000000000000000e+00 7.077101139601139623e-01 2.297008547008546897e-01 4.451566951566951653e-03 1.175213675213675202e-02
0.000000000000000000e+00 7.118945868945868449e-01 2.279647435897435848e-01 3.917378917378917629e-03 1.041666666666666609e-02
0.000000000000000000e+00 7.529380341880341776e-01 1.531784188034188143e-01 8.012820512820512109e-03 7.745726495726495964e-03
0.000000000000000000e+00 7.664707977207977363e-01 2.071314102564102699e-01 7.656695156695156670e-03 7.211538461538461939e-03
0.000000000000000000e+00 7.840099715099715372e-01 2.076655982905983022e-01 7.478632478632478951e-03 6.677350427350427046e-03
0.000000000000000000e+00 7.857015669515668987e-01 2.272970085470085444e-01 8.012820512820512109e-03 8.012820512820512109e-03
0.000000000000000000e+00 7.862357549857549310e-01 2.338408119658119677e-01 7.656695156695156670e-03 6.677350427350427046e-03
0.000000000000000000e+00 7.873931623931623713e-01 2.406517094017094072e-01 7.122507122507122646e-03 6.944444444444444059e-03
0.000000000000000000e+00 7.708333333333333703e-01 2.521367521367521292e-01 7.122507122507122646e-03 5.876068376068376009e-03
0.000000000000000000e+00 7.217770655270655533e-01 3.453525641025640969e-01 4.451566951566951653e-03 5.341880341880341984e-03
0.000000000000000000e+00 7.312143874643874941e-01 3.432158119658119677e-01 8.368945868945869282e-03 5.876068376068376009e-03
0.000000000000000000e+00 7.527599715099715372e-01 3.380074786324786529e-01 8.012820512820512109e-03 6.143162393162393022e-03
0.000000000000000000e+00 7.655804843304843121e-01 3.532318376068376287e-01 8.368945868945869282e-03 6.143162393162393022e-03
0.000000000000000000e+00 7.768874643874643660e-01 3.509615384615384359e-01 8.547008547008547868e-03 6.410256410256410034e-03
0.000000000000000000e+00 7.896189458689458762e-01 3.476228632478632341e-01 7.656695156695156670e-03 6.143162393162393022e-03
0.000000000000000000e+00 8.014601139601139623e-01 3.449519230769230727e-01 6.766381766381766340e-03 6.143162393162393022e-03
0.000000000000000000e+00 7.741274928774928288e-01 3.330662393162392987e-01 8.012820512820512109e-03 6.410256410256410034e-03
0.000000000000000000e+00 7.998575498575498655e-01 3.269230769230769273e-01 8.190883190883190695e-03 6.410256410256410034e-03
0.000000000000000000e+00 7.894408831908832358e-01 3.294604700854700807e-01 8.012820512820512109e-03 6.143162393162393022e-03
0.000000000000000000e+00 8.097400284900284628e-01 3.131677350427350404e-01 4.095441595441595348e-03 1.095085470085470011e-02
0.000000000000000000e+00 8.142806267806267373e-01 3.126335470085470081e-01 4.629629629629629373e-03 1.255341880341880392e-02
0.000000000000000000e+00 8.194444444444444198e-01 3.129006410256410242e-01 4.629629629629629373e-03 1.362179487179487197e-02
0.000000000000000000e+00 8.262108262108261991e-01 3.094284188034188143e-01 4.629629629629629373e-03 1.201923076923076990e-02
0.000000000000000000e+00 8.312856125356125059e-01 3.078258547008547175e-01 4.095441595441595348e-03 1.201923076923076990e-02
0.000000000000000000e+00 8.145477207977207534e-01 3.525641025641025883e-01 4.451566951566951653e-03 1.282051282051282007e-02
0.000000000000000000e+00 8.198896011396011874e-01 3.516292735042735318e-01 4.451566951566951653e-03 1.308760683760683795e-02
0.000000000000000000e+00 8.241631054131054457e-01 3.506944444444444198e-01 3.739316239316239476e-03 1.068376068376068397e-02
0.000000000000000000e+00 8.279024216524216717e-01 3.493589743589743390e-01 4.095441595441595348e-03 1.068376068376068397e-02
0.000000000000000000e+00 6.787749287749287319e-01 4.730235042735042583e-01 6.766381766381766340e-03 5.876068376068376009e-03
0.000000000000000000e+00 6.802884615384615641e-01 4.786324786324786529e-01 7.656695156695156670e-03 6.410256410256410034e-03
0.000000000000000000e+00 6.811787749287748772e-01 4.910523504273504036e-01 9.081196581196581893e-03 8.279914529914529989e-03
0.000000000000000000e+00 6.823361823361823175e-01 5.042735042735042583e-01 8.190883190883190695e-03 6.410256410256410034e-03
0.000000000000000000e+00 6.176994301994301884e-01 5.523504273504273865e-01 6.766381766381766340e-03 5.876068376068376009e-03
0.000000000000000000e+00 6.276709401709401615e-01 5.360576923076922906e-01 7.122507122507122646e-03 5.876068376068376009e-03
0.000000000000000000e+00 6.282051282051281937e-01 5.495459401709401615e-01 8.903133903133903307e-03 6.143162393162393022e-03
0.000000000000000000e+00 6.423611111111111605e-01 5.321848290598291120e-01 9.081196581196581893e-03 6.143162393162393022e-03
0.000000000000000000e+00 6.433404558404558493e-01 5.452724358974359031e-01 6.766381766381766340e-03 5.608974358974358997e-03
0.000000000000000000e+00 6.510861823361823175e-01 5.303151709401708880e-01 6.232193732193732315e-03 5.608974358974358997e-03
0.000000000000000000e+00 6.531339031339031820e-01 5.428685897435897578e-01 8.190883190883190695e-03 6.677350427350427046e-03
0.000000000000000000e+00 6.590990028490028019e-01 5.279113247863247427e-01 7.300569800569800365e-03 5.074786324786324972e-03
0.000000000000000000e+00 6.621260683760683552e-01 5.412660256410256610e-01 6.588319088319088621e-03 6.143162393162393022e-03
0.000000000000000000e+00 6.726317663817663606e-01 5.253739316239316448e-01 6.588319088319088621e-03 6.410256410256410034e-03
0.000000000000000000e+00 6.801994301994301884e-01 5.233707264957264682e-01 6.410256410256410034e-03 6.143162393162393022e-03
0.000000000000000000e+00 6.758368945868945543e-01 5.368589743589743390e-01 8.012820512820512109e-03 5.341880341880341984e-03
0.000000000000000000e+00 6.851851851851852304e-01 5.352564102564102422e-01 8.903133903133903307e-03 5.876068376068376009e-03
0.000000000000000000e+00 7.012108262108261991e-01 5.315170940170940161e-01 7.834757834757835257e-03 6.410256410256410034e-03
0.000000000000000000e+00 8.235398860398860377e-01 7.451923076923076816e-02 4.273504273504273934e-03 1.228632478632478604e-02
0.000000000000000000e+00 8.266559829059828557e-01 1.231303418803418870e-01 4.095441595441595348e-03 1.068376068376068397e-02
0.000000000000000000e+00 8.283475783475783283e-01 1.403579059829059839e-01 4.629629629629629373e-03 1.308760683760683795e-02
0.000000000000000000e+00 9.597578347578347158e-01 2.386485042735042861e-01 4.985754985754985678e-03 1.201923076923076990e-02
0.000000000000000000e+00 8.511396011396011874e-01 4.965277777777777901e-01 9.615384615384615918e-03 6.944444444444444059e-03
0.000000000000000000e+00 7.998575498575498655e-01 5.082799145299145005e-01 7.834757834757835257e-03 6.944444444444444059e-03
0.000000000000000000e+00 7.087784900284900269e-01 5.164262820512820484e-01 6.588319088319088621e-03 5.608974358974358997e-03
0.000000000000000000e+00 7.345085470085470636e-01 5.104166666666666297e-01 7.122507122507122646e-03 5.876068376068376009e-03
0.000000000000000000e+00 7.430555555555555802e-01 5.086805555555555802e-01 8.903133903133903307e-03 6.677350427350427046e-03
0.000000000000000000e+00 7.664707977207977363e-01 5.029380341880341776e-01 8.368945868945869282e-03 5.876068376068376009e-03
0.000000000000000000e+00 7.573005698005698116e-01 5.188301282051281937e-01 7.122507122507122646e-03 6.143162393162393022e-03
0.000000000000000000e+00 7.784009971509971981e-01 4.989316239316239354e-01 8.012820512820512109e-03 6.410256410256410034e-03
0.000000000000000000e+00 7.902421652421652842e-01 5.110844017094017255e-01 6.766381766381766340e-03 5.608974358974358997e-03
0.000000000000000000e+00 7.477742165242164951e-01 7.387820512820513219e-01 1.228632478632478604e-02 8.547008547008547868e-03
0.000000000000000000e+00 8.200676638176638278e-01 7.102029914529914834e-01 1.086182336182336255e-02 6.944444444444444059e-03
0.000000000000000000e+00 8.580840455840456071e-01 8.389423076923077094e-01 6.054131054131053728e-03 1.709401709401709574e-02
0.000000000000000000e+00 8.629807692307692735e-01 8.672542735042735318e-01 4.095441595441595348e-03 1.068376068376068397e-02
0.000000000000000000e+00 8.717058404558404305e-01 8.655181623931623713e-01 3.739316239316239476e-03 1.201923076923076990e-02
0.000000000000000000e+00 8.628027065527065220e-01 9.018429487179486781e-01 4.807692307692307959e-03 1.201923076923076990e-02
0.000000000000000000e+00 8.723290598290598385e-01 8.903579059829059839e-01 7.122507122507122646e-03 6.143162393162393022e-03
0.000000000000000000e+00 9.153311965811965489e-01 8.930288461538461453e-01 4.451566951566951653e-03 1.095085470085470011e-02
0.000000000000000000e+00 7.275641025641025328e-01 9.541933760683760646e-01 9.971509971509971357e-03 8.814102564102564014e-03
0.000000000000000000e+00 7.380698005698005382e-01 9.553952991452991927e-01 7.478632478632478951e-03 6.410256410256410034e-03
0.000000000000000000e+00 7.622863247863247427e-01 9.762286324786324521e-01 4.273504273504273934e-03 1.282051282051282007e-02
0.000000000000000000e+00 7.759081196581196771e-01 9.652777777777777901e-01 6.944444444444444059e-03 6.944444444444444059e-03
0.000000000000000000e+00 7.855235042735042583e-01 9.664797008547008073e-01 6.944444444444444059e-03 6.677350427350427046e-03
0.000000000000000000e+00 7.906873219373219408e-01 9.541933760683760646e-01 7.300569800569800365e-03 6.677350427350427046e-03
0.000000000000000000e+00 7.957621082621082476e-01 9.675480769230768718e-01 8.903133903133903307e-03 7.211538461538461939e-03
0.000000000000000000e+00 8.050213675213675479e-01 9.687500000000000000e-01 7.478632478632478951e-03 5.876068376068376009e-03
0.000000000000000000e+00 8.028846153846154188e-01 9.627403846153845812e-01 6.766381766381766340e-03 6.143162393162393022e-03
0.000000000000000000e+00 8.114316239316239354e-01 9.642094017094017255e-01 9.259259259259258745e-03 8.012820512820512109e-03
0.000000000000000000e+00 8.320868945868945543e-01 9.614049145299145005e-01 6.766381766381766340e-03 7.211538461538461939e-03
0.000000000000000000e+00 8.315527065527065220e-01 9.718215811965812412e-01 8.547008547008547868e-03 7.211538461538461939e-03
0.000000000000000000e+00 8.440170940170940161e-01 9.739583333333333703e-01 6.766381766381766340e-03 6.677350427350427046e-03
0.000000000000000000e+00 8.621794871794872250e-01 9.756944444444444198e-01 7.478632478632478951e-03 6.944444444444444059e-03
0.000000000000000000e+00 8.789173789173788665e-01 9.784989316239316448e-01 6.766381766381766340e-03 6.677350427350427046e-03
0.000000000000000000e+00 8.887108262108261991e-01 9.798344017094017255e-01 7.122507122507122646e-03 6.677350427350427046e-03
0.000000000000000000e+00 9.775641025641025328e-01 8.906250000000000000e-01 7.834757834757835257e-03 7.745726495726495964e-03
0.000000000000000000e+00 9.883368945868945543e-01 8.864850427350426942e-01 8.368945868945869282e-03 7.478632478632478951e-03
0.000000000000000000e+00 9.003739316239316448e-01 7.433226495726495964e-01 4.451566951566951653e-03 1.068376068376068397e-02
0.000000000000000000e+00 9.043803418803418870e-01 7.832532051282051766e-01 4.629629629629629373e-03 1.415598290598290600e-02
0.000000000000000000e+00 9.862001424501424252e-01 7.648237179487179516e-01 4.807692307692307959e-03 1.362179487179487197e-02
0.000000000000000000e+00 9.940349002849002691e-01 7.625534188034187588e-01 5.519943019943019703e-03 1.228632478632478604e-02
0.000000000000000000e+00 9.822827635327635587e-01 7.411858974358974672e-01 4.807692307692307959e-03 1.175213675213675202e-02
0.000000000000000000e+00 9.865562678062678170e-01 7.382478632478632896e-01 4.807692307692307959e-03 1.228632478632478604e-02
0.000000000000000000e+00 9.905626780626780592e-01 7.367788461538461453e-01 4.629629629629629373e-03 1.201923076923076990e-02
0.000000000000000000e+00 9.950142450142450690e-01 7.346420940170940161e-01 4.629629629629629373e-03 1.201923076923076990e-02
0.000000000000000000e+00 9.840633903133902960e-01 7.262286324786324521e-01 5.163817663817663398e-03 1.282051282051282007e-02
0.000000000000000000e+00 9.879807692307692735e-01 7.251602564102563875e-01 4.807692307692307959e-03 1.175213675213675202e-02
0.000000000000000000e+00 9.781873219373219408e-01 7.027243589743589203e-01 8.012820512820512109e-03 1.014957264957264994e-02
0.000000000000000000e+00 9.764066951566952035e-01 6.932425213675214026e-01 5.876068376068376009e-03 9.348290598290598039e-03
0.000000000000000000e+00 9.740028490028490582e-01 6.810897435897436125e-01 6.766381766381766340e-03 8.547008547008547868e-03
0.000000000000000000e+00 8.895121082621082476e-01 6.332799145299145005e-01 4.451566951566951653e-03 1.121794871794871799e-02
0.000000000000000000e+00 8.925391737891738009e-01 6.570512820512820484e-01 4.095441595441595348e-03 1.121794871794871799e-02
0.000000000000000000e+00 8.944978632478632896e-01 6.738782051282051766e-01 5.519943019943019703e-03 1.335470085470085409e-02
0.000000000000000000e+00 9.721331908831908342e-01 6.721420940170940161e-01 7.300569800569800365e-03 9.348290598290598039e-03
0.000000000000000000e+00 9.243233618233618332e-01 6.826923076923077094e-01 4.985754985754985678e-03 1.335470085470085409e-02
0.000000000000000000e+00 9.326923076923077094e-01 6.782852564102563875e-01 5.698005698005698290e-03 1.148504273504273587e-02
0.000000000000000000e+00 9.371438746438746081e-01 6.782852564102563875e-01 4.985754985754985678e-03 9.348290598290598039e-03
0.000000000000000000e+00 9.592236467236466835e-01 6.436965811965812412e-01 6.766381766381766340e-03 1.388888888888888812e-02
0.000000000000000000e+00 9.542378917378917524e-01 6.447649572649573058e-01 5.698005698005698290e-03 1.175213675213675202e-02
0.000000000000000000e+00 9.493411680911680861e-01 6.452991452991453381e-01 5.519943019943019703e-03 1.175213675213675202e-02
0.000000000000000000e+00 9.422186609686609149e-01 6.456997863247863068e-01 4.807692307692307959e-03 7.745726495726495964e-03
0.000000000000000000e+00 9.259259259259259300e-01 6.498397435897436125e-01 4.273504273504273934e-03 7.478632478632478951e-03
0.000000000000000000e+00 9.239672364672364413e-01 6.038995726495726135e-01 7.122507122507122646e-03 6.944444444444444059e-03
0.000000000000000000e+00 3.294159544159544484e-02 6.423611111111111605e-01 1.068376068376068397e-02 6.944444444444444059e-03
0.000000000000000000e+00 1.249109686609686659e-01 8.362713675213675479e-01 8.012820512820512109e-03 1.068376068376068397e-02
0.000000000000000000e+00 3.578169515669515910e-01 4.015758547008547175e-01 3.739316239316239476e-03 1.095085470085470011e-02
0.000000000000000000e+00 4.800569800569800538e-01 9.599358974358974672e-01 8.190883190883190695e-03 1.228632478632478604e-02
0.000000000000000000e+00 4.156873219373219408e-01 9.970619658119658224e-01 5.519943019943019703e-03 5.341880341880341984e-03
0.000000000000000000e+00 6.863425925925925597e-01 2.622863247863247982e-01 4.451566951566951653e-03 1.282051282051282007e-02
0.000000000000000000e+00 6.883903133903134242e-01 2.784455128205128305e-01 4.273504273504273934e-03 1.095085470085470011e-02
0.000000000000000000e+00 6.922186609686609149e-01 3.145032051282051211e-01 5.163817663817663398e-03 1.469017094017094002e-02
0.000000000000000000e+00 6.832264957264957417e-01 3.307959401709401615e-01 4.273504273504273934e-03 1.201923076923076990e-02
0.000000000000000000e+00 6.515313390313390851e-01 8.430822649572649041e-01 7.122507122507122646e-03 4.540598290598290947e-03
0.000000000000000000e+00 6.827813390313390851e-01 8.389423076923077094e-01 8.012820512820512109e-03 6.410256410256410034e-03
0.000000000000000000e+00 4.943019943019942852e-01 7.131410256410256054e-02 1.175213675213675202e-02 9.615384615384615918e-03
0.000000000000000000e+00 6.363960113960114295e-01 5.474091880341880323e-01 6.054131054131053728e-03 5.608974358974358997e-03
