0.000000000000000000e+00 3.374287749287749327e-02 1.096420940170940161e-01 4.095441595441595348e-03 1.255341880341880392e-02
0.000000000000000000e+00 3.810541310541310650e-02 1.095085470085470081e-01 4.273504273504273934e-03 1.014957264957264994e-02
0.000000000000000000e+00 6.704059829059828834e-02 1.085737179487179516e-01 4.451566951566951653e-03 1.148504273504273587e-02
0.000000000000000000e+00 7.986111111111110494e-02 1.068376068376068327e-01 4.807692307692307959e-03 1.282051282051282007e-02
0.000000000000000000e+00 8.707264957264956862e-02 1.029647435897435848e-01 5.341880341880341984e-03 1.201923076923076990e-02
0.000000000000000000e+00 9.544159544159544484e-02 1.020299145299145283e-01 4.629629629629629373e-03 1.282051282051282007e-02
0.000000000000000000e+00 1.359508547008546897e-01 8.920940170940171166e-02 3.739316239316239476e-03 1.014957264957264994e-02
0.000000000000000000e+00 1.562500000000000000e-01 8.386752136752136100e-02 5.163817663817663398e-03 1.228632478632478604e-02
0.000000000000000000e+00 1.661324786324786251e-01 8.173076923076923184e-02 4.273504273504273934e-03 1.121794871794871799e-02
0.000000000000000000e+00 5.733618233618233834e-02 2.301014957264957139e-01 8.903133903133903307e-03 5.608974358974358997e-03
0.000000000000000000e+00 5.724715099715099731e-02 2.366452991452991372e-01 9.081196581196581893e-03 5.876068376068376009e-03
0.000000000000000000e+00 5.787037037037037063e-02 2.430555555555555525e-01 8.190883190883190695e-03 5.341880341880341984e-03
0.000000000000000000e+00 7.754629629629629373e-02 2.466613247863247982e-01 4.451566951566951653e-03 1.041666666666666609e-02
0.000000000000000000e+00 8.636039886039885427e-02 2.457264957264957139e-01 4.629629629629629373e-03 1.282051282051282007e-02
0.000000000000000000e+00 9.882478632478632063e-02 2.441239316239316171e-01 4.273504273504273934e-03 1.121794871794871799e-02
0.000000000000000000e+00 1.079059829059829112e-01 2.431891025641025605e-01 4.629629629629629373e-03 1.255341880341880392e-02
0.000000000000000000e+00 1.120904558404558354e-01 2.430555555555555525e-01 4.807692307692307959e-03 1.121794871794871799e-02
0.000000000000000000e+00 9.018874643874644215e-02 2.637553418803418870e-01 8.368945868945869282e-03 6.143162393162393022e-03
0.000000000000000000e+00 1.009615384615384637e-01 2.614850427350427498e-01 7.122507122507122646e-03 5.876068376068376009e-03
0.000000000000000000e+00 1.112001424501424529e-01 2.608173076923077094e-01 7.656695156695156670e-03 6.143162393162393022e-03
0.000000000000000000e+00 1.163639601139601076e-01 2.422542735042735040e-01 3.739316239316239476e-03 9.081196581196581893e-03
0.000000000000000000e+00 1.218839031339031403e-01 2.572115384615384359e-01 8.368945868945869282e-03 5.876068376068376009e-03
0.000000000000000000e+00 1.252670940170940161e-01 2.433226495726495686e-01 4.095441595441595348e-03 9.615384615384615918e-03
0.000000000000000000e+00 1.298967236467236386e-01 2.423878205128205121e-01 4.095441595441595348e-03 1.041666666666666609e-02
0.000000000000000000e+00 1.347044159544159569e-01 2.413194444444444475e-01 4.451566951566951653e-03 1.201923076923076990e-02
0.000000000000000000e+00 1.466346153846153910e-01 2.405181623931623991e-01 4.095441595441595348e-03 9.348290598290598039e-03
0.000000000000000000e+00 1.511752136752136655e-01 2.399839743589743668e-01 4.629629629629629373e-03 1.255341880341880392e-02
0.000000000000000000e+00 1.596331908831908897e-01 2.373130341880341776e-01 3.383190883190883170e-03 7.211538461538461939e-03
0.000000000000000000e+00 1.535790598290598385e-01 2.556089743589743390e-01 8.012820512820512109e-03 6.944444444444444059e-03
0.000000000000000000e+00 2.255163817663817794e-01 8.466880341880342331e-02 5.519943019943019703e-03 1.228632478632478604e-02
0.000000000000000000e+00 2.291666666666666574e-01 9.695512820512820762e-02 5.698005698005698290e-03 1.175213675213675202e-02
0.000000000000000000e+00 2.319266381766381668e-01 1.108440170940170888e-01 5.876068376068376009e-03 1.388888888888888812e-02
0.000000000000000000e+00 2.428774928774928843e-01 1.577190170940170888e-01 6.054131054131053728e-03 1.201923076923076990e-02
0.000000000000000000e+00 2.523148148148148251e-01 2.211538461538461453e-01 8.547008547008547868e-03 9.615384615384615918e-03
0.000000000000000000e+00 2.550747863247863068e-01 2.337072649572649596e-01 7.300569800569800365e-03 8.012820512820512109e-03
0.000000000000000000e+00 2.572115384615384359e-01 2.399839743589743668e-01 6.944444444444444059e-03 8.279914529914529989e-03
0.000000000000000000e+00 2.636217948717948789e-01 2.632211538461538547e-01 8.725071225071224720e-03 8.814102564102564014e-03
0.000000000000000000e+00 2.676282051282051211e-01 2.763087606837607013e-01 7.478632478632478951e-03 7.211538461538461939e-03
0.000000000000000000e+00 2.689636752136752018e-01 2.823183760683760646e-01 6.944444444444444059e-03 6.944444444444444059e-03
0.000000000000000000e+00 2.703881766381766583e-01 2.888621794871794601e-01 6.588319088319088621e-03 7.745726495726495964e-03
0.000000000000000000e+00 1.983618233618233695e-01 2.783119658119658224e-01 8.903133903133903307e-03 1.869658119658119608e-02
0.000000000000000000e+00 2.147435897435897301e-01 2.753739316239316448e-01 5.698005698005698290e-03 6.944444444444444059e-03
0.000000000000000000e+00 2.232015669515669543e-01 3.080929487179487336e-01 6.944444444444444059e-03 9.348290598290598039e-03
0.000000000000000000e+00 2.097578347578347713e-01 3.246527777777777901e-01 4.985754985754985678e-03 1.308760683760683795e-02
0.000000000000000000e+00 2.167913105413105390e-01 3.477564102564102422e-01 6.232193732193732315e-03 1.388888888888888812e-02
0.000000000000000000e+00 2.179487179487179516e-01 3.579059829059829112e-01 4.985754985754985678e-03 1.228632478632478604e-02
0.000000000000000000e+00 2.200854700854700807e-01 3.667200854700854440e-01 5.698005698005698290e-03 1.121794871794871799e-02
0.000000000000000000e+00 2.365562678062678170e-01 3.585737179487179516e-01 5.519943019943019703e-03 7.211538461538461939e-03
0.000000000000000000e+00 2.267628205128205121e-01 3.914262820512820484e-01 3.383190883190883170e-03 1.095085470085470011e-02
0.000000000000000000e+00 2.284544159544159569e-01 3.993055555555555802e-01 3.917378917378917629e-03 8.547008547008547868e-03
0.000000000000000000e+00 2.739494301994301884e-01 3.006143162393162260e-01 7.300569800569800365e-03 8.279914529914529989e-03
0.000000000000000000e+00 2.758190883190883014e-01 3.070245726495726690e-01 7.122507122507122646e-03 7.745726495726495964e-03
0.000000000000000000e+00 2.781339031339031265e-01 3.133012820512820484e-01 7.478632478632478951e-03 7.478632478632478951e-03
0.000000000000000000e+00 2.862357549857549865e-01 3.490918803418803229e-01 6.588319088319088621e-03 8.012820512820512109e-03
0.000000000000000000e+00 3.118767806267806475e-01 3.624465811965811857e-01 6.588319088319088621e-03 1.335470085470085409e-02
0.000000000000000000e+00 3.157941595441595695e-01 3.778044871794871695e-01 6.588319088319088621e-03 1.308760683760683795e-02
0.000000000000000000e+00 3.188212250712250673e-01 3.903579059829059839e-01 5.519943019943019703e-03 1.201923076923076990e-02
0.000000000000000000e+00 2.934472934472934225e-01 3.750000000000000000e-01 7.478632478632478951e-03 8.012820512820512109e-03
0.000000000000000000e+00 2.949608262108261991e-01 3.800747863247863068e-01 6.588319088319088621e-03 6.944444444444444059e-03
0.000000000000000000e+00 2.983440170940170888e-01 3.938301282051281937e-01 7.656695156695156670e-03 7.745726495726495964e-03
0.000000000000000000e+00 3.295940170940170888e-01 4.340277777777777901e-01 4.985754985754985678e-03 1.282051282051282007e-02
0.000000000000000000e+00 3.341346153846153633e-01 4.569978632478632341e-01 4.451566951566951653e-03 1.014957264957264994e-02
0.000000000000000000e+00 3.368055555555555802e-01 4.726228632478632341e-01 4.807692307692307959e-03 1.308760683760683795e-02
0.000000000000000000e+00 3.733084045584045829e-01 1.678685897435897301e-01 4.095441595441595348e-03 1.201923076923076990e-02
0.000000000000000000e+00 3.912037037037037202e-01 1.643963675213675202e-01 3.917378917378917629e-03 1.148504273504273587e-02
0.000000000000000000e+00 3.906695156695156879e-01 1.956463675213675202e-01 3.917378917378917629e-03 1.095085470085470011e-02
0.000000000000000000e+00 3.952991452991452825e-01 1.944444444444444475e-01 3.917378917378917629e-03 1.175213675213675202e-02
0.000000000000000000e+00 3.997507122507122368e-01 1.952457264957264960e-01 3.917378917378917629e-03 1.068376068376068397e-02
0.000000000000000000e+00 4.044693732193732072e-01 1.944444444444444475e-01 3.383190883190883170e-03 1.121794871794871799e-02
0.000000000000000000e+00 3.768696581196581130e-01 2.090010683760683829e-01 3.739316239316239476e-03 1.148504273504273587e-02
0.000000000000000000e+00 3.856837606837607013e-01 2.083333333333333426e-01 3.917378917378917629e-03 1.121794871794871799e-02
0.000000000000000000e+00 3.904914529914529919e-01 2.084668803418803507e-01 3.561253561253561323e-03 9.882478632478632063e-03
0.000000000000000000e+00 3.954772079772079785e-01 2.073985042735042861e-01 3.917378917378917629e-03 1.148504273504273587e-02
0.000000000000000000e+00 3.999287749287749327e-01 2.077991452991453103e-01 3.917378917378917629e-03 1.175213675213675202e-02
0.000000000000000000e+00 4.048254985754985991e-01 2.075320512820512941e-01 4.095441595441595348e-03 1.121794871794871799e-02
0.000000000000000000e+00 3.775819088319088412e-01 2.395833333333333426e-01 3.383190883190883170e-03 1.228632478632478604e-02
0.000000000000000000e+00 3.864850427350427498e-01 2.382478632478632341e-01 3.383190883190883170e-03 1.068376068376068397e-02
0.000000000000000000e+00 3.958333333333333148e-01 2.374465811965811857e-01 3.917378917378917629e-03 1.175213675213675202e-02
0.000000000000000000e+00 4.002849002849002691e-01 2.373130341880341776e-01 3.561253561253561323e-03 1.148504273504273587e-02
0.000000000000000000e+00 4.046474358974359031e-01 2.357104700854700807e-01 3.383190883190883170e-03 5.074786324786324972e-03
0.000000000000000000e+00 3.959223646723646906e-01 2.518696581196581130e-01 4.095441595441595348e-03 1.228632478632478604e-02
0.000000000000000000e+00 3.822115384615384359e-01 2.829861111111111049e-01 3.027065527065526864e-03 9.882478632478632063e-03
0.000000000000000000e+00 3.825676638176638278e-01 2.955395299145299193e-01 3.383190883190883170e-03 1.148504273504273587e-02
0.000000000000000000e+00 3.918269230769230727e-01 2.831196581196581130e-01 3.739316239316239476e-03 1.068376068376068397e-02
0.000000000000000000e+00 3.921830484330484090e-01 2.955395299145299193e-01 3.383190883190883170e-03 1.201923076923076990e-02
0.000000000000000000e+00 3.966346153846153633e-01 2.821848290598290565e-01 3.739316239316239476e-03 1.148504273504273587e-02
0.000000000000000000e+00 3.793625356125356340e-01 3.317307692307692180e-01 4.451566951566951653e-03 1.228632478632478604e-02
0.000000000000000000e+00 3.846153846153846367e-01 3.321314102564102422e-01 4.273504273504273934e-03 1.255341880341880392e-02
0.000000000000000000e+00 4.087428774928774655e-01 1.482371794871794810e-02 6.944444444444444059e-03 6.143162393162393022e-03
0.000000000000000000e+00 4.172008547008547175e-01 3.899572649572649596e-02 7.834757834757835257e-03 6.410256410256410034e-03
0.000000000000000000e+00 4.507656695156695426e-01 6.370192307692307265e-02 4.451566951566951653e-03 1.308760683760683795e-02
0.000000000000000000e+00 4.521011396011396233e-01 9.468482905982905651e-02 3.917378917378917629e-03 1.201923076923076990e-02
0.000000000000000000e+00 4.068732193732193386e-02 5.101495726495726135e-01 8.012820512820512109e-03 4.807692307692307959e-03
0.000000000000000000e+00 5.439814814814814686e-02 5.335202991452991927e-01 4.095441595441595348e-03 1.201923076923076990e-02
0.000000000000000000e+00 6.383547008547008073e-02 5.093482905982905651e-01 9.081196581196581893e-03 5.341880341880341984e-03
0.000000000000000000e+00 6.436965811965811302e-02 5.324519230769231282e-01 4.095441595441595348e-03 1.255341880341880392e-02
0.000000000000000000e+00 7.345085470085470358e-02 5.324519230769231282e-01 4.807692307692307959e-03 1.362179487179487197e-02
0.000000000000000000e+00 7.852564102564102422e-02 5.337873931623932089e-01 4.273504273504273934e-03 1.148504273504273587e-02
0.000000000000000000e+00 8.360042735042734485e-02 5.337873931623932089e-01 4.451566951566951653e-03 1.148504273504273587e-02
0.000000000000000000e+00 8.885327635327634754e-02 5.336538461538461453e-01 4.629629629629629373e-03 1.335470085470085409e-02
0.000000000000000000e+00 9.401709401709401615e-02 5.339209401709401615e-01 4.273504273504273934e-03 1.121794871794871799e-02
0.000000000000000000e+00 1.042556980056980054e-01 5.094818376068376287e-01 6.588319088319088621e-03 4.540598290598290947e-03
0.000000000000000000e+00 1.280270655270655256e-01 5.341880341880341776e-01 4.273504273504273934e-03 1.068376068376068397e-02
0.000000000000000000e+00 1.379985754985754987e-01 5.097489316239316448e-01 8.190883190883190695e-03 6.143162393162393022e-03
0.000000000000000000e+00 1.467236467236467112e-01 5.092147435897436125e-01 7.478632478632478951e-03 5.074786324786324972e-03
0.000000000000000000e+00 1.472578347578347713e-01 5.343215811965812412e-01 4.273504273504273934e-03 1.041666666666666609e-02
0.000000000000000000e+00 1.621260683760683829e-01 5.344551282051281937e-01 3.739316239316239476e-03 9.615384615384615918e-03
0.000000000000000000e+00 1.674679487179487059e-01 5.347222222222222099e-01 3.739316239316239476e-03 1.014957264957264994e-02
0.000000000000000000e+00 1.721866096866096763e-01 5.336538461538461453e-01 3.917378917378917629e-03 1.068376068376068397e-02
0.000000000000000000e+00 1.815349002849002968e-01 5.341880341880341776e-01 4.451566951566951653e-03 1.121794871794871799e-02
0.000000000000000000e+00 1.919515669515669543e-01 5.340544871794872250e-01 3.917378917378917629e-03 1.201923076923076990e-02
0.000000000000000000e+00 2.019230769230769273e-01 5.325854700854700807e-01 4.629629629629629373e-03 1.282051282051282007e-02
0.000000000000000000e+00 2.064636752136752018e-01 5.331196581196581130e-01 3.739316239316239476e-03 1.121794871794871799e-02
0.000000000000000000e+00 2.106481481481481399e-01 5.311164529914529364e-01 4.273504273504273934e-03 1.201923076923076990e-02
0.000000000000000000e+00 2.154558404558404583e-01 5.339209401709401615e-01 3.917378917378917629e-03 1.175213675213675202e-02
0.000000000000000000e+00 2.208867521367521292e-01 5.333867521367521292e-01 3.739316239316239476e-03 1.121794871794871799e-02
0.000000000000000000e+00 2.258725071225071157e-01 5.316506410256410797e-01 4.451566951566951653e-03 1.255341880341880392e-02
0.000000000000000000e+00 2.304131054131054179e-01 5.329861111111111605e-01 3.917378917378917629e-03 1.041666666666666609e-02
0.000000000000000000e+00 2.357549857549857686e-01 5.337873931623932089e-01 4.629629629629629373e-03 1.041666666666666609e-02
0.000000000000000000e+00 3.451745014245014009e-01 5.347222222222222099e-01 4.807692307692307959e-03 1.068376068376068397e-02
0.000000000000000000e+00 3.489138176638176825e-01 5.637019230769231282e-01 4.807692307692307959e-03 1.201923076923076990e-02
0.000000000000000000e+00 3.538105413105412933e-01 5.928151709401708880e-01 4.985754985754985678e-03 1.308760683760683795e-02
0.000000000000000000e+00 3.262108262108261991e-01 6.356837606837606458e-01 7.122507122507122646e-03 7.478632478632478951e-03
0.000000000000000000e+00 3.125000000000000000e-01 6.502403846153845812e-01 6.766381766381766340e-03 9.882478632478632063e-03
0.000000000000000000e+00 3.012820512820512664e-01 6.661324786324785974e-01 6.054131054131053728e-03 1.014957264957264994e-02
0.000000000000000000e+00 2.901531339031339085e-01 6.875000000000000000e-01 5.876068376068376009e-03 9.615384615384615918e-03
0.000000000000000000e+00 3.270121082621082476e-01 6.808226495726495964e-01 3.739316239316239476e-03 1.014957264957264994e-02
0.000000000000000000e+00 3.356481481481481399e-01 6.804220085470085166e-01 3.561253561253561323e-03 9.882478632478632063e-03
0.000000000000000000e+00 3.444622507122507282e-01 6.825587606837606458e-01 3.739316239316239476e-03 6.143162393162393022e-03
0.000000000000000000e+00 3.100961538461538547e-01 7.087339743589743390e-01 4.451566951566951653e-03 9.882478632478632063e-03
0.000000000000000000e+00 3.148148148148148251e-01 7.080662393162393542e-01 3.917378917378917629e-03 1.014957264957264994e-02
0.000000000000000000e+00 3.232727920227920215e-01 7.094017094017094349e-01 4.451566951566951653e-03 1.282051282051282007e-02
0.000000000000000000e+00 3.275462962962962798e-01 7.104700854700854995e-01 3.739316239316239476e-03 1.068376068376068397e-02
0.000000000000000000e+00 3.316417378917378977e-01 7.107371794871795156e-01 3.739316239316239476e-03 1.121794871794871799e-02
0.000000000000000000e+00 3.454415954415954171e-01 7.114049145299145005e-01 3.561253561253561323e-03 1.041666666666666609e-02
0.000000000000000000e+00 3.500712250712250673e-01 7.116720085470085166e-01 3.561253561253561323e-03 1.041666666666666609e-02
0.000000000000000000e+00 3.660078347578347713e-01 7.495993589743589203e-01 5.876068376068376009e-03 1.362179487179487197e-02
0.000000000000000000e+00 2.889957264957264682e-01 7.343750000000000000e-01 5.698005698005698290e-03 1.041666666666666609e-02
0.000000000000000000e+00 2.844551282051281937e-01 7.461271367521367104e-01 5.163817663817663398e-03 1.041666666666666609e-02
0.000000000000000000e+00 2.797364672364672233e-01 7.593482905982905651e-01 5.698005698005698290e-03 1.121794871794871799e-02
0.000000000000000000e+00 1.966702279202279247e-01 6.917735042735042583e-01 4.451566951566951653e-03 1.068376068376068397e-02
0.000000000000000000e+00 2.106481481481481399e-01 6.907051282051281937e-01 3.917378917378917629e-03 9.081196581196581893e-03
0.000000000000000000e+00 2.150997150997150942e-01 6.903044871794872250e-01 3.917378917378917629e-03 7.745726495726495964e-03
0.000000000000000000e+00 1.674679487179487059e-01 6.916399572649573058e-01 3.383190883190883170e-03 1.095085470085470011e-02
0.000000000000000000e+00 1.719195156695156601e-01 6.908386752136752573e-01 3.739316239316239476e-03 9.882478632478632063e-03
0.000000000000000000e+00 1.479700854700854717e-01 6.899038461538461453e-01 3.917378917378917629e-03 1.014957264957264994e-02
0.000000000000000000e+00 5.858262108262108497e-02 6.924412393162393542e-01 3.917378917378917629e-03 1.041666666666666609e-02
0.000000000000000000e+00 6.339031339031339640e-02 6.907051282051281937e-01 3.917378917378917629e-03 9.081196581196581893e-03
0.000000000000000000e+00 6.819800569800570089e-02 6.923076923076922906e-01 3.561253561253561323e-03 9.081196581196581893e-03
0.000000000000000000e+00 7.923789173789173856e-02 6.923076923076922906e-01 3.917378917378917629e-03 1.068376068376068397e-02
0.000000000000000000e+00 7.861467236467235831e-02 7.226228632478632896e-01 4.095441595441595348e-03 1.095085470085470011e-02
0.000000000000000000e+00 9.882478632478632063e-02 7.222222222222222099e-01 4.629629629629629373e-03 1.228632478632478604e-02
0.000000000000000000e+00 1.032763532763532749e-01 7.242254273504273865e-01 4.273504273504273934e-03 1.041666666666666609e-02
0.000000000000000000e+00 1.078169515669515632e-01 7.231570512820513219e-01 4.095441595441595348e-03 8.814102564102564014e-03
0.000000000000000000e+00 8.796296296296296502e-02 6.919070512820513219e-01 3.917378917378917629e-03 9.882478632478632063e-03
0.000000000000000000e+00 9.775641025641025605e-02 6.933760683760683552e-01 3.561253561253561323e-03 9.615384615384615918e-03
0.000000000000000000e+00 1.081730769230769273e-01 6.928418803418803229e-01 4.095441595441595348e-03 1.121794871794871799e-02
0.000000000000000000e+00 1.308760683760683795e-02 7.401175213675214026e-01 8.725071225071224720e-03 5.876068376068376009e-03
0.000000000000000000e+00 1.290954415954415936e-02 7.467948717948718063e-01 8.725071225071224720e-03 5.341880341880341984e-03
0.000000000000000000e+00 1.228632478632478604e-02 7.873931623931623713e-01 6.766381766381766340e-03 4.807692307692307959e-03
0.000000000000000000e+00 2.510683760683760785e-02 7.474626068376067911e-01 3.205128205128205017e-03 5.608974358974358997e-03
0.000000000000000000e+00 2.510683760683760785e-02 7.536057692307692735e-01 3.561253561253561323e-03 5.074786324786324972e-03
0.000000000000000000e+00 2.573005698005698116e-02 7.606837606837606458e-01 6.588319088319088621e-03 5.341880341880341984e-03
0.000000000000000000e+00 2.662037037037037063e-02 7.741720085470085166e-01 5.519943019943019703e-03 5.608974358974358997e-03
0.000000000000000000e+00 2.537393162393162399e-02 7.871260683760683552e-01 2.314814814814814686e-03 5.876068376068376009e-03
0.000000000000000000e+00 2.653133903133903307e-02 7.803151709401708880e-01 4.629629629629629373e-03 5.074786324786324972e-03
0.000000000000000000e+00 2.688746438746438677e-02 8.016826923076922906e-01 5.698005698005698290e-03 5.608974358974358997e-03
0.000000000000000000e+00 1.264245014245014322e-02 8.074252136752136932e-01 7.478632478632478951e-03 5.876068376068376009e-03
0.000000000000000000e+00 1.344373219373219339e-02 8.143696581196581130e-01 7.656695156695156670e-03 5.876068376068376009e-03
0.000000000000000000e+00 1.317663817663817724e-02 8.404113247863247427e-01 6.766381766381766340e-03 4.540598290598290947e-03
0.000000000000000000e+00 1.344373219373219339e-02 8.611111111111111605e-01 7.656695156695156670e-03 6.410256410256410034e-03
0.000000000000000000e+00 2.626424501424501345e-02 8.413461538461538547e-01 5.876068376068376009e-03 5.341880341880341984e-03
0.000000000000000000e+00 2.537393162393162399e-02 8.545673076923077094e-01 2.670940170940170992e-03 5.074786324786324972e-03
0.000000000000000000e+00 2.537393162393162399e-02 8.609775641025640969e-01 3.383190883190883170e-03 5.608974358974358997e-03
0.000000000000000000e+00 1.335470085470085409e-02 8.685897435897436125e-01 8.190883190883190695e-03 5.876068376068376009e-03
0.000000000000000000e+00 2.653133903133903307e-02 8.684561965811965489e-01 8.190883190883190695e-03 5.608974358974358997e-03
0.000000000000000000e+00 3.490028490028489888e-02 9.666132478632478708e-01 9.259259259259258745e-03 6.410256410256410034e-03
0.000000000000000000e+00 3.730413105413105113e-02 9.866452991452991927e-01 7.300569800569800365e-03 5.876068376068376009e-03
0.000000000000000000e+00 4.006410256410256054e-03 9.616720085470085166e-01 7.656695156695156670e-03 6.677350427350427046e-03
0.000000000000000000e+00 9.303774928774928565e-02 9.756944444444444198e-01 8.368945868945869282e-03 6.410256410256410034e-03
0.000000000000000000e+00 1.610576923076923184e-01 9.691506410256410797e-01 8.368945868945869282e-03 7.211538461538461939e-03
0.000000000000000000e+00 1.780626780626780592e-01 9.361645299145299193e-01 4.629629629629629373e-03 1.335470085470085409e-02
0.000000000000000000e+00 2.588141025641025883e-01 8.346688034188034511e-01 5.163817663817663398e-03 1.014957264957264994e-02
0.000000000000000000e+00 4.574430199430199462e-01 1.643963675213675202e-01 3.917378917378917629e-03 1.095085470085470011e-02
0.000000000000000000e+00 4.573539886039886260e-01 1.804220085470085444e-01 3.739316239316239476e-03 1.362179487179487197e-02
0.000000000000000000e+00 4.857549857549857686e-01 1.666666666666666574e-01 4.273504273504273934e-03 1.121794871794871799e-02
0.000000000000000000e+00 4.928774928774928843e-01 1.937767094017094072e-01 3.917378917378917629e-03 1.148504273504273587e-02
0.000000000000000000e+00 4.984864672364672233e-01 2.063301282051281937e-01 4.451566951566951653e-03 1.095085470085470011e-02
0.000000000000000000e+00 5.065883190883191389e-01 1.895032051282051211e-01 4.273504273504273934e-03 1.148504273504273587e-02
0.000000000000000000e+00 4.963497150997150942e-01 1.617254273504273587e-01 3.739316239316239476e-03 1.095085470085470011e-02
0.000000000000000000e+00 5.008012820512820484e-01 1.603899572649572780e-01 3.739316239316239476e-03 9.882478632478632063e-03
0.000000000000000000e+00 5.057870370370370905e-01 1.621260683760683829e-01 4.451566951566951653e-03 1.175213675213675202e-02
0.000000000000000000e+00 5.152243589743589203e-01 1.591880341880341776e-01 4.095441595441595348e-03 1.175213675213675202e-02
0.000000000000000000e+00 5.243945868945868449e-01 1.578525641025640969e-01 3.917378917378917629e-03 1.068376068376068397e-02
0.000000000000000000e+00 5.292022792022792466e-01 1.570512820512820484e-01 4.985754985754985678e-03 1.335470085470085409e-02
0.000000000000000000e+00 5.258190883190883014e-01 1.877670940170940161e-01 3.561253561253561323e-03 1.121794871794871799e-02
0.000000000000000000e+00 5.391737891737892197e-01 1.725427350427350404e-01 9.259259259259258745e-03 6.944444444444444059e-03
0.000000000000000000e+00 5.402421652421652842e-01 1.789529914529914556e-01 7.478632478632478951e-03 5.876068376068376009e-03
0.000000000000000000e+00 5.405982905982905651e-01 1.857638888888888951e-01 6.766381766381766340e-03 6.143162393162393022e-03
0.000000000000000000e+00 5.409544159544159569e-01 1.921741452991453103e-01 8.547008547008547868e-03 6.143162393162393022e-03
0.000000000000000000e+00 5.424679487179486781e-01 1.987179487179487059e-01 5.876068376068376009e-03 5.341880341880341984e-03
0.000000000000000000e+00 5.420227920227920215e-01 2.063301282051281937e-01 7.478632478632478951e-03 6.143162393162393022e-03
0.000000000000000000e+00 5.425569800569800538e-01 2.130074786324786251e-01 7.122507122507122646e-03 5.608974358974358997e-03
0.000000000000000000e+00 4.577101139601139623e-01 2.351762820512820484e-01 3.739316239316239476e-03 1.201923076923076990e-02
0.000000000000000000e+00 4.575320512820512664e-01 2.665598290598290565e-01 3.739316239316239476e-03 1.068376068376068397e-02
0.000000000000000000e+00 5.063212250712251228e-01 2.465277777777777901e-01 4.451566951566951653e-03 1.068376068376068397e-02
0.000000000000000000e+00 5.432692307692307265e-01 2.198183760683760646e-01 7.834757834757835257e-03 6.410256410256410034e-03
0.000000000000000000e+00 5.430911680911680861e-01 2.260950854700854717e-01 8.547008547008547868e-03 6.677350427350427046e-03
0.000000000000000000e+00 5.437143874643874941e-01 2.329059829059829112e-01 7.656695156695156670e-03 6.410256410256410034e-03
0.000000000000000000e+00 5.434472934472934780e-01 2.398504273504273587e-01 7.834757834757835257e-03 6.944444444444444059e-03
0.000000000000000000e+00 5.453169515669515910e-01 2.466613247863247982e-01 6.944444444444444059e-03 6.677350427350427046e-03
0.000000000000000000e+00 5.309829059829059839e-01 2.733707264957264682e-01 3.917378917378917629e-03 1.041666666666666609e-02
0.000000000000000000e+00 5.360576923076922906e-01 2.720352564102563875e-01 4.095441595441595348e-03 1.255341880341880392e-02
0.000000000000000000e+00 5.670405982905982745e-01 2.700320512820512664e-01 4.807692307692307959e-03 1.282051282051282007e-02
0.000000000000000000e+00 5.719373219373219408e-01 2.426549145299145283e-01 4.629629629629629373e-03 1.148504273504273587e-02
0.000000000000000000e+00 4.707086894586894332e-01 3.307959401709401615e-01 7.300569800569800365e-03 4.540598290598290947e-03
0.000000000000000000e+00 4.793447293447293256e-01 3.226495726495726690e-01 6.766381766381766340e-03 5.341880341880341984e-03
0.000000000000000000e+00 4.798789173789173579e-01 3.305288461538461453e-01 8.190883190883190695e-03 5.608974358974358997e-03
0.000000000000000000e+00 5.703347578347578439e-01 2.892628205128205399e-01 7.478632478632478951e-03 5.876068376068376009e-03
0.000000000000000000e+00 5.706908831908832358e-01 3.028846153846153633e-01 8.190883190883190695e-03 6.410256410256410034e-03
0.000000000000000000e+00 5.488782051282051766e-01 3.365384615384615641e-01 5.519943019943019703e-03 4.273504273504273934e-03
0.000000000000000000e+00 5.579594017094017255e-01 3.736645299145299193e-01 3.739316239316239476e-03 1.014957264957264994e-02
0.000000000000000000e+00 5.459401709401708880e-01 4.053151709401709435e-01 4.273504273504273934e-03 1.255341880341880392e-02
0.000000000000000000e+00 5.503917378917378977e-01 4.042467948717948789e-01 3.917378917378917629e-03 1.095085470085470011e-02
0.000000000000000000e+00 5.545762108262107803e-01 4.029113247863247982e-01 4.095441595441595348e-03 1.201923076923076990e-02
0.000000000000000000e+00 5.591168091168091658e-01 4.002403846153846367e-01 3.561253561253561323e-03 9.348290598290598039e-03
0.000000000000000000e+00 5.698896011396011874e-01 3.990384615384615641e-01 4.451566951566951653e-03 1.121794871794871799e-02
0.000000000000000000e+00 5.743411680911680861e-01 3.985042735042735318e-01 4.807692307692307959e-03 1.228632478632478604e-02
0.000000000000000000e+00 5.666844729344728826e-01 4.346955128205128305e-01 4.451566951566951653e-03 1.415598290598290600e-02
0.000000000000000000e+00 5.626780626780626404e-01 4.369658119658119677e-01 3.561253561253561323e-03 1.014957264957264994e-02
0.000000000000000000e+00 5.571581196581196771e-01 4.491185897435897578e-01 3.917378917378917629e-03 1.148504273504273587e-02
0.000000000000000000e+00 5.582264957264957417e-01 4.707532051282051211e-01 4.273504273504273934e-03 1.041666666666666609e-02
0.000000000000000000e+00 5.487001424501424252e-01 4.782318376068376287e-01 4.807692307692307959e-03 1.362179487179487197e-02
0.000000000000000000e+00 5.497685185185184897e-01 4.938568376068376287e-01 4.095441595441595348e-03 1.282051282051282007e-02
0.000000000000000000e+00 5.733618233618233972e-01 4.353632478632478708e-01 3.917378917378917629e-03 9.615384615384615918e-03
0.000000000000000000e+00 5.776353276353276556e-01 4.342948717948718063e-01 3.917378917378917629e-03 1.014957264957264994e-02
0.000000000000000000e+00 6.017628205128204844e-01 4.361645299145299193e-01 3.739316239316239476e-03 1.121794871794871799e-02
0.000000000000000000e+00 6.063924501424501345e-01 4.348290598290598385e-01 4.451566951566951653e-03 1.282051282051282007e-02
0.000000000000000000e+00 6.154736467236466835e-01 4.333600427350427498e-01 4.807692307692307959e-03 1.148504273504273587e-02
0.000000000000000000e+00 3.938746438746438816e-01 4.079861111111111049e-01 8.547008547008547868e-03 6.677350427350427046e-03
0.000000000000000000e+00 4.404380341880341776e-01 3.899572649572649596e-01 7.300569800569800365e-03 6.410256410256410034e-03
0.000000000000000000e+00 4.599358974358974117e-01 4.561965811965811857e-01 3.917378917378917629e-03 1.175213675213675202e-02
0.000000000000000000e+00 4.445334757834757955e-01 5.173611111111111605e-01 3.383190883190883170e-03 1.068376068376068397e-02
0.000000000000000000e+00 4.452457264957264682e-01 5.500801282051281937e-01 3.383190883190883170e-03 1.041666666666666609e-02
0.000000000000000000e+00 4.586894586894587067e-01 5.516826923076922906e-01 4.629629629629629373e-03 1.255341880341880392e-02
0.000000000000000000e+00 4.867343304843304574e-01 6.173878205128204844e-01 8.368945868945869282e-03 5.608974358974358997e-03
0.000000000000000000e+00 5.340990028490028019e-01 5.607638888888888395e-01 7.300569800569800365e-03 5.608974358974358997e-03
0.000000000000000000e+00 5.603632478632478708e-01 5.050747863247863068e-01 3.205128205128205017e-03 8.012820512820512109e-03
0.000000000000000000e+00 5.611645299145299193e-01 5.190972222222222099e-01 3.739316239316239476e-03 1.148504273504273587e-02
0.000000000000000000e+00 4.876246438746438816e-01 6.750801282051281937e-01 1.121794871794871799e-02 7.745726495726495964e-03
0.000000000000000000e+00 5.163817663817663606e-01 6.716079059829059839e-01 8.903133903133903307e-03 6.143162393162393022e-03
0.000000000000000000e+00 5.275997150997151497e-01 6.700053418803418870e-01 9.259259259259258745e-03 7.211538461538461939e-03
0.000000000000000000e+00 5.501246438746438816e-01 6.673344017094017255e-01 7.656695156695156670e-03 6.143162393162393022e-03
0.000000000000000000e+00 5.592058404558404305e-01 6.653311965811965489e-01 8.368945868945869282e-03 6.410256410256410034e-03
0.000000000000000000e+00 4.358974358974359031e-01 7.386485042735042583e-01 8.190883190883190695e-03 8.279914529914529989e-03
0.000000000000000000e+00 4.553062678062678170e-01 8.099626068376067911e-01 7.834757834757835257e-03 7.211538461538461939e-03
0.000000000000000000e+00 3.086716524216523982e-01 9.941239316239316448e-01 6.588319088319088621e-03 9.081196581196581893e-03
0.000000000000000000e+00 3.361823361823361722e-01 9.655448717948718063e-01 9.615384615384615918e-03 8.012820512820512109e-03
0.000000000000000000e+00 3.452635327635327767e-01 9.457799145299145005e-01 3.917378917378917629e-03 1.014957264957264994e-02
0.000000000000000000e+00 3.262108262108261991e-01 9.668803418803418870e-01 7.478632478632478951e-03 5.876068376068376009e-03
0.000000000000000000e+00 4.662571225071225345e-01 9.918536324786324521e-01 5.519943019943019703e-03 1.255341880341880392e-02
0.000000000000000000e+00 5.733618233618233972e-01 9.895833333333333703e-01 8.903133903133903307e-03 8.547008547008547868e-03
0.000000000000000000e+00 6.030092592592593004e-01 9.821047008547008073e-01 8.368945868945869282e-03 6.410256410256410034e-03
0.000000000000000000e+00 6.299857549857549310e-01 9.752938034188034511e-01 7.478632478632478951e-03 6.677350427350427046e-03
0.000000000000000000e+00 6.388888888888888395e-01 9.739583333333333703e-01 8.547008547008547868e-03 7.211538461538461939e-03
0.000000000000000000e+00 6.554487179487179516e-01 9.696848290598291120e-01 9.259259259259258745e-03 7.211538461538461939e-03
0.000000000000000000e+00 6.610576923076922906e-01 9.480502136752136932e-01 4.807692307692307959e-03 1.095085470085470011e-02
0.000000000000000000e+00 6.668447293447293811e-01 9.826388888888888395e-01 4.629629629629629373e-03 1.121794871794871799e-02
0.000000000000000000e+00 6.807336182336182206e-01 9.811698717948718063e-01 4.273504273504273934e-03 1.148504273504273587e-02
0.000000000000000000e+00 6.847400284900284628e-01 9.801014957264957417e-01 3.739316239316239476e-03 1.095085470085470011e-02
0.000000000000000000e+00 6.904380341880341776e-01 9.229433760683760646e-01 5.519943019943019703e-03 1.362179487179487197e-02
0.000000000000000000e+00 7.206196581196581130e-01 9.739583333333333703e-01 7.122507122507122646e-03 6.677350427350427046e-03
0.000000000000000000e+00 7.305911680911680861e-01 9.525908119658119677e-01 8.547008547008547868e-03 7.211538461538461939e-03
0.000000000000000000e+00 7.526709401709401615e-01 9.476495726495726135e-01 7.122507122507122646e-03 6.944444444444444059e-03
0.000000000000000000e+00 7.741274928774928288e-01 9.428418803418803229e-01 8.368945868945869282e-03 6.410256410256410034e-03
0.000000000000000000e+00 7.655804843304843121e-01 9.635416666666666297e-01 9.081196581196581893e-03 8.279914529914529989e-03
0.000000000000000000e+00 7.770655270655271174e-01 9.603365384615384359e-01 8.547008547008547868e-03 7.745726495726495964e-03
0.000000000000000000e+00 6.865206552706553111e-01 8.871527777777777901e-01 4.807692307692307959e-03 1.148504273504273587e-02
0.000000000000000000e+00 6.845619658119658224e-01 8.709935897435897578e-01 4.807692307692307959e-03 1.068376068376068397e-02
0.000000000000000000e+00 6.817129629629629095e-01 8.425480769230768718e-01 4.807692307692307959e-03 1.255341880341880392e-02
0.000000000000000000e+00 6.761039886039885705e-01 8.083600427350426942e-01 4.985754985754985678e-03 1.148504273504273587e-02
0.000000000000000000e+00 6.928418803418803229e-01 8.115651709401708880e-01 4.985754985754985678e-03 1.308760683760683795e-02
0.000000000000000000e+00 7.012998575498575748e-01 8.374732905982905651e-01 5.519943019943019703e-03 1.469017094017094002e-02
0.000000000000000000e+00 7.061075498575498655e-01 8.366720085470085166e-01 4.451566951566951653e-03 1.148504273504273587e-02
0.000000000000000000e+00 7.101139601139601076e-01 8.352029914529914834e-01 4.629629629629629373e-03 1.228632478632478604e-02
0.000000000000000000e+00 6.980056980056980054e-01 8.088942307692307265e-01 4.273504273504273934e-03 1.201923076923076990e-02
0.000000000000000000e+00 7.024572649572649041e-01 8.094284188034187588e-01 4.985754985754985678e-03 1.255341880341880392e-02
0.000000000000000000e+00 7.075320512820513219e-01 8.076923076923077094e-01 4.451566951566951653e-03 1.228632478632478604e-02
0.000000000000000000e+00 7.112713675213675479e-01 8.071581196581196771e-01 4.807692307692307959e-03 1.282051282051282007e-02
0.000000000000000000e+00 6.818019943019942852e-01 7.748397435897436125e-01 4.985754985754985678e-03 1.228632478632478604e-02
0.000000000000000000e+00 7.338853276353276556e-01 7.960737179487179516e-01 8.368945868945869282e-03 7.211538461538461939e-03
0.000000000000000000e+00 7.658475783475783283e-01 8.135683760683760646e-01 8.547008547008547868e-03 6.944444444444444059e-03
0.000000000000000000e+00 7.702991452991453381e-01 8.591079059829059839e-01 7.834757834757835257e-03 6.677350427350427046e-03
0.000000000000000000e+00 7.837428774928775210e-01 8.139690170940171443e-01 7.656695156695156670e-03 6.677350427350427046e-03
0.000000000000000000e+00 7.856125356125356340e-01 8.337339743589743390e-01 8.190883190883190695e-03 6.677350427350427046e-03
0.000000000000000000e+00 7.863247863247863068e-01 8.412126068376067911e-01 8.190883190883190695e-03 6.677350427350427046e-03
0.000000000000000000e+00 7.877492877492877632e-01 8.476228632478632896e-01 7.478632478632478951e-03 7.211538461538461939e-03
0.000000000000000000e+00 7.516025641025640969e-01 7.582799145299145005e-01 8.903133903133903307e-03 8.012820512820512109e-03
0.000000000000000000e+00 8.270121082621082476e-01 7.264957264957264682e-01 4.095441595441595348e-03 1.068376068376068397e-02
0.000000000000000000e+00 8.287037037037037202e-01 7.441239316239316448e-01 4.629629629629629373e-03 1.388888888888888812e-02
0.000000000000000000e+00 7.900641025641025328e-01 9.576655982905982745e-01 7.834757834757835257e-03 7.745726495726495964e-03
0.000000000000000000e+00 8.019943019943019946e-01 9.541933760683760646e-01 7.122507122507122646e-03 7.211538461538461939e-03
0.000000000000000000e+00 7.893518518518518601e-01 9.392361111111111605e-01 7.834757834757835257e-03 6.143162393162393022e-03
0.000000000000000000e+00 8.003917378917378977e-01 9.369658119658119677e-01 7.834757834757835257e-03 5.876068376068376009e-03
0.000000000000000000e+00 8.209579772079772519e-01 9.602029914529914834e-01 4.451566951566951653e-03 1.335470085470085409e-02
0.000000000000000000e+00 8.247863247863247427e-01 9.591346153846154188e-01 4.273504273504273934e-03 1.121794871794871799e-02
0.000000000000000000e+00 8.288817663817663606e-01 9.576655982905982745e-01 4.273504273504273934e-03 1.041666666666666609e-02
0.000000000000000000e+00 8.107193732193732627e-01 9.224091880341880323e-01 4.273504273504273934e-03 9.882478632478632063e-03
0.000000000000000000e+00 8.153490028490028019e-01 9.217414529914529364e-01 4.629629629629629373e-03 1.175213675213675202e-02
0.000000000000000000e+00 8.205128205128204844e-01 9.213408119658119677e-01 4.985754985754985678e-03 1.201923076923076990e-02
0.000000000000000000e+00 8.779380341880341776e-01 8.977029914529914834e-01 4.807692307692307959e-03 1.121794871794871799e-02
0.000000000000000000e+00 8.873753561253561184e-01 8.961004273504273865e-01 4.807692307692307959e-03 1.175213675213675202e-02
0.000000000000000000e+00 9.631410256410256610e-01 8.438835470085470636e-01 4.629629629629629373e-03 1.148504273504273587e-02
0.000000000000000000e+00 6.262464387464387050e-01 6.523771367521367104e-01 9.971509971509971357e-03 7.211538461538461939e-03
0.000000000000000000e+00 6.107549857549857686e-01 6.308760683760683552e-01 4.629629629629629373e-03 1.175213675213675202e-02
0.000000000000000000e+00 6.205484330484331013e-01 6.282051282051281937e-01 4.985754985754985678e-03 1.175213675213675202e-02
0.000000000000000000e+00 6.290064102564102422e-01 6.247329059829059839e-01 4.807692307692307959e-03 1.121794871794871799e-02
0.000000000000000000e+00 6.680021367521367104e-01 6.184561965811965489e-01 5.163817663817663398e-03 1.201923076923076990e-02
0.000000000000000000e+00 6.722756410256410797e-01 6.171207264957264682e-01 4.807692307692307959e-03 1.255341880341880392e-02
0.000000000000000000e+00 6.767272079772079785e-01 6.156517094017094349e-01 5.163817663817663398e-03 1.335470085470085409e-02
0.000000000000000000e+00 6.858084045584045274e-01 6.139155982905982745e-01 5.519943019943019703e-03 1.469017094017094002e-02
0.000000000000000000e+00 6.905270655270655533e-01 6.117788461538461453e-01 4.629629629629629373e-03 1.308760683760683795e-02
0.000000000000000000e+00 6.950676638176638278e-01 6.093750000000000000e-01 4.807692307692307959e-03 1.201923076923076990e-02
0.000000000000000000e+00 7.100249287749287319e-01 5.706463675213675479e-01 4.451566951566951653e-03 1.308760683760683795e-02
0.000000000000000000e+00 7.110933048433047965e-01 5.834668803418803229e-01 3.739316239316239476e-03 9.882478632478632063e-03
0.000000000000000000e+00 7.786680911680912143e-01 6.111111111111111605e-01 8.190883190883190695e-03 6.944444444444444059e-03
0.000000000000000000e+00 8.233618233618233972e-01 6.762820512820513219e-01 4.985754985754985678e-03 1.282051282051282007e-02
0.000000000000000000e+00 6.544693732193732627e-01 5.500801282051281937e-01 4.095441595441595348e-03 1.362179487179487197e-02
0.000000000000000000e+00 6.655982905982905651e-01 4.901175213675213471e-01 3.917378917378917629e-03 1.282051282051282007e-02
0.000000000000000000e+00 6.699608262108261991e-01 4.894497863247863068e-01 4.451566951566951653e-03 1.308760683760683795e-02
0.000000000000000000e+00 6.740562678062678170e-01 4.893162393162392987e-01 4.451566951566951653e-03 1.228632478632478604e-02
0.000000000000000000e+00 6.787749287749287319e-01 4.886485042735042583e-01 4.629629629629629373e-03 1.201923076923076990e-02
0.000000000000000000e+00 6.832264957264957417e-01 4.882478632478632341e-01 4.273504273504273934e-03 1.068376068376068397e-02
0.000000000000000000e+00 7.210648148148147696e-01 4.654113247863247982e-01 6.944444444444444059e-03 6.143162393162393022e-03
0.000000000000000000e+00 6.131588319088319139e-01 1.167200854700854717e-01 8.368945868945869282e-03 6.944444444444444059e-03
0.000000000000000000e+00 6.246438746438746081e-01 1.149839743589743529e-01 6.766381766381766340e-03 5.608974358974358997e-03
0.000000000000000000e+00 6.339031339031339085e-01 1.125801282051282076e-01 7.122507122507122646e-03 5.608974358974358997e-03
0.000000000000000000e+00 6.436965811965812412e-01 1.104433760683760646e-01 7.834757834757835257e-03 6.677350427350427046e-03
0.000000000000000000e+00 5.537749287749287319e-01 1.316773504273504314e-01 6.054131054131053728e-03 5.341880341880341984e-03
0.000000000000000000e+00 6.045227920227920215e-01 1.355502136752136655e-01 4.273504273504273934e-03 1.255341880341880392e-02
0.000000000000000000e+00 6.185007122507122368e-01 1.845619658119658224e-01 9.081196581196581893e-03 8.547008547008547868e-03
0.000000000000000000e+00 6.106659544159543929e-01 2.174145299145299193e-01 3.739316239316239476e-03 1.228632478632478604e-02
0.000000000000000000e+00 6.113782051282051766e-01 2.311698717948718063e-01 3.739316239316239476e-03 1.148504273504273587e-02
0.000000000000000000e+00 5.909009971509971981e-01 2.401175213675213749e-01 4.095441595441595348e-03 1.228632478632478604e-02
0.000000000000000000e+00 5.951745014245014564e-01 2.374465811965811857e-01 3.383190883190883170e-03 1.068376068376068397e-02
0.000000000000000000e+00 6.009615384615384359e-01 2.636217948717948789e-01 5.341880341880341984e-03 1.282051282051282007e-02
0.000000000000000000e+00 6.264245014245014564e-01 3.397435897435897578e-01 3.917378917378917629e-03 1.068376068376068397e-02
0.000000000000000000e+00 6.462784900284900269e-01 3.555021367521367659e-01 7.300569800569800365e-03 6.410256410256410034e-03
0.000000000000000000e+00 6.462784900284900269e-01 3.760683760683760646e-01 8.012820512820512109e-03 5.876068376068376009e-03
0.000000000000000000e+00 6.472578347578347158e-01 3.832799145299145560e-01 8.547008547008547868e-03 6.410256410256410034e-03
0.000000000000000000e+00 6.203703703703703498e-01 4.321581196581196771e-01 4.273504273504273934e-03 1.282051282051282007e-02
0.000000000000000000e+00 6.244658119658119677e-01 4.322916666666666852e-01 4.629629629629629373e-03 1.041666666666666609e-02
0.000000000000000000e+00 6.615028490028490582e-01 1.104433760683760646e-01 4.273504273504273934e-03 1.041666666666666609e-02
0.000000000000000000e+00 6.772613960113960108e-01 1.105769230769230727e-01 4.095441595441595348e-03 1.282051282051282007e-02
0.000000000000000000e+00 6.825142450142450690e-01 1.088408119658119677e-01 4.273504273504273934e-03 1.148504273504273587e-02
0.000000000000000000e+00 7.060185185185184897e-01 9.762286324786324798e-02 7.122507122507122646e-03 6.143162393162393022e-03
0.000000000000000000e+00 7.077991452991453381e-01 1.040331196581196632e-01 6.766381766381766340e-03 5.608974358974358997e-03
0.000000000000000000e+00 7.065527065527065220e-01 1.196581196581196632e-01 8.190883190883190695e-03 6.410256410256410034e-03
0.000000000000000000e+00 7.083333333333333703e-01 1.266025641025640969e-01 6.766381766381766340e-03 6.410256410256410034e-03
0.000000000000000000e+00 7.786680911680912143e-01 2.426549145299145283e-01 9.971509971509971357e-03 6.143162393162393022e-03
0.000000000000000000e+00 7.771545584045583821e-01 2.501335470085470081e-01 7.656695156695156670e-03 5.608974358974358997e-03
0.000000000000000000e+00 7.780448717948718063e-01 2.568108974358974117e-01 8.725071225071224720e-03 7.745726495726495964e-03
0.000000000000000000e+00 7.781339031339031820e-01 2.650908119658119677e-01 7.834757834757835257e-03 6.143162393162393022e-03
0.000000000000000000e+00 7.785790598290598385e-01 2.720352564102563875e-01 7.656695156695156670e-03 7.211538461538461939e-03
0.000000000000000000e+00 7.433226495726495964e-01 3.023504273504273310e-01 4.451566951566951653e-03 1.121794871794871799e-02
0.000000000000000000e+00 7.474180911680912143e-01 3.022168803418803229e-01 4.095441595441595348e-03 1.201923076923076990e-02
0.000000000000000000e+00 7.521367521367521292e-01 3.004807692307692180e-01 4.273504273504273934e-03 1.175213675213675202e-02
0.000000000000000000e+00 7.567663817663817794e-01 3.010149572649572502e-01 4.629629629629629373e-03 1.121794871794871799e-02
0.000000000000000000e+00 7.833867521367521292e-01 3.042200854700854440e-01 4.451566951566951653e-03 1.228632478632478604e-02
0.000000000000000000e+00 7.881054131054131551e-01 3.032852564102563875e-01 3.917378917378917629e-03 1.201923076923076990e-02
0.000000000000000000e+00 7.372685185185184897e-01 3.645833333333333148e-01 4.451566951566951653e-03 1.121794871794871799e-02
0.000000000000000000e+00 7.384259259259259300e-01 3.804754273504273310e-01 3.917378917378917629e-03 1.095085470085470011e-02
0.000000000000000000e+00 7.399394586894586512e-01 3.994391025641025883e-01 4.095441595441595348e-03 1.255341880341880392e-02
0.000000000000000000e+00 7.405626780626780592e-01 4.117254273504273310e-01 4.273504273504273934e-03 1.095085470085470011e-02
0.000000000000000000e+00 7.906873219373219408e-01 8.279914529914529989e-03 4.807692307692307959e-03 1.495726495726495790e-02
0.000000000000000000e+00 7.953169515669515910e-01 6.770833333333332871e-02 4.807692307692307959e-03 1.469017094017094002e-02
0.000000000000000000e+00 8.268340455840456071e-01 1.629273504273504383e-02 7.656695156695156670e-03 6.944444444444444059e-03
0.000000000000000000e+00 8.370726495726495964e-01 2.110042735042735179e-02 8.190883190883190695e-03 7.478632478632478951e-03
0.000000000000000000e+00 8.151709401709401615e-01 8.827457264957265515e-02 8.190883190883190695e-03 7.211538461538461939e-03
0.000000000000000000e+00 9.797898860398860377e-01 1.430288461538461453e-01 1.228632478632478604e-02 9.348290598290598039e-03
0.000000000000000000e+00 1.811787749287749327e-01 2.192841880341880323e-01 3.739316239316239476e-03 6.410256410256410034e-03
0.000000000000000000e+00 2.893518518518518601e-01 1.465010683760683829e-01 7.834757834757835257e-03 7.745726495726495964e-03
0.000000000000000000e+00 2.906873219373219408e-01 1.545138888888888951e-01 6.944444444444444059e-03 7.211538461538461939e-03
0.000000000000000000e+00 2.931801994301994063e-01 1.598557692307692180e-01 6.232193732193732315e-03 6.143162393162393022e-03
0.000000000000000000e+00 3.013710826210826421e-01 1.936431623931623991e-01 6.944444444444444059e-03 8.547008547008547868e-03
0.000000000000000000e+00 3.033297720797720753e-01 2.007211538461538547e-01 6.588319088319088621e-03 7.745726495726495964e-03
0.000000000000000000e+00 3.054665242165242045e-01 2.064636752136752018e-01 7.656695156695156670e-03 8.012820512820512109e-03
0.000000000000000000e+00 3.072471509971509973e-01 2.138087606837606736e-01 7.656695156695156670e-03 8.814102564102564014e-03
0.000000000000000000e+00 7.740384615384615641e-01 1.828258547008546897e-01 4.985754985754985678e-03 1.575854700854700807e-02
0.000000000000000000e+00 5.800391737891738009e-01 7.087339743589743390e-01 4.451566951566951653e-03 1.201923076923076990e-02
0.000000000000000000e+00 1.667556980056980054e-01 1.064369658119658085e-01 3.027065527065526864e-03 7.211538461538461939e-03
0.000000000000000000e+00 5.146011396011396233e-02 5.094818376068376287e-01 9.259259259259258745e-03 6.143162393162393022e-03
0.000000000000000000e+00 5.377492877492877354e-02 6.924412393162393542e-01 4.629629629629629373e-03 9.348290598290598039e-03
0.000000000000000000e+00 4.529024216524216717e-01 1.089743589743589758e-01 3.383190883190883170e-03 1.068376068376068397e-02
0.000000000000000000e+00 4.985754985754985852e-02 1.073717948717948650e-01 4.985754985754985678e-03 1.068376068376068397e-02
0.000000000000000000e+00 8.395655270655270896e-02 7.226228632478632896e-01 4.807692307692307959e-03 1.095085470085470011e-02
