0.000000000000000000e+00 2.356659544159544206e-01 7.077991452991452999e-03 8.368945868945869282e-03 9.348290598290598039e-03
0.000000000000000000e+00 2.219551282051281937e-01 2.337072649572649596e-02 5.876068376068376009e-03 1.308760683760683795e-02
0.000000000000000000e+00 2.287215099715099731e-01 4.567307692307692041e-02 6.588319088319088621e-03 1.335470085470085409e-02
0.000000000000000000e+00 2.298789173789173856e-01 5.622329059829059977e-02 5.341880341880341984e-03 1.201923076923076990e-02
0.000000000000000000e+00 2.320156695156695148e-01 6.503739316239316726e-02 6.054131054131053728e-03 1.148504273504273587e-02
0.000000000000000000e+00 2.387820512820512941e-01 8.814102564102564707e-02 5.341880341880341984e-03 1.121794871794871799e-02
0.000000000000000000e+00 6.232193732193732315e-03 1.895032051282051211e-01 4.629629629629629373e-03 1.148504273504273587e-02
0.000000000000000000e+00 2.314814814814814686e-03 2.286324786324786251e-01 3.917378917378917629e-03 9.615384615384615918e-03
0.000000000000000000e+00 5.484330484330484506e-02 2.047275641025640969e-01 8.190883190883190695e-03 6.143162393162393022e-03
0.000000000000000000e+00 6.552706552706552556e-02 2.041933760683760646e-01 9.259259259259258745e-03 6.143162393162393022e-03
0.000000000000000000e+00 7.834757834757834216e-02 2.033920940170940161e-01 9.971509971509971357e-03 6.677350427350427046e-03
0.000000000000000000e+00 6.810897435897435293e-02 2.268963675213675202e-01 4.451566951566951653e-03 1.148504273504273587e-02
0.000000000000000000e+00 9.188034188034188698e-02 2.275641025641025605e-01 4.273504273504273934e-03 1.121794871794871799e-02
0.000000000000000000e+00 9.686609686609685965e-02 2.274305555555555525e-01 4.273504273504273934e-03 1.095085470085470011e-02
0.000000000000000000e+00 7.816951566951567398e-02 2.270299145299145283e-01 4.985754985754985678e-03 1.282051282051282007e-02
0.000000000000000000e+00 8.725071225071225067e-02 2.272970085470085444e-01 3.917378917378917629e-03 1.014957264957264994e-02
0.000000000000000000e+00 1.171652421652421699e-01 2.039262820512820484e-01 6.766381766381766340e-03 5.074786324786324972e-03
0.000000000000000000e+00 1.405804843304843399e-01 2.279647435897435848e-01 4.807692307692307959e-03 1.095085470085470011e-02
0.000000000000000000e+00 1.021189458689458623e-01 2.268963675213675202e-01 4.807692307692307959e-03 1.148504273504273587e-02
0.000000000000000000e+00 1.065705128205128166e-01 2.263621794871794879e-01 3.739316239316239476e-03 7.745726495726495964e-03
0.000000000000000000e+00 1.111111111111111049e-01 2.272970085470085444e-01 4.273504273504273934e-03 1.068376068376068397e-02
0.000000000000000000e+00 1.501958689458689489e-01 2.043269230769230727e-01 8.012820512820512109e-03 5.876068376068376009e-03
0.000000000000000000e+00 1.590099715099715094e-01 2.041933760683760646e-01 7.122507122507122646e-03 5.074786324786324972e-03
0.000000000000000000e+00 1.594551282051281937e-01 2.287660256410256332e-01 4.451566951566951653e-03 9.348290598290598039e-03
0.000000000000000000e+00 1.741452991452991372e-01 2.287660256410256332e-01 4.273504273504273934e-03 9.882478632478632063e-03
0.000000000000000000e+00 1.791310541310541238e-01 2.287660256410256332e-01 3.917378917378917629e-03 9.348290598290598039e-03
0.000000000000000000e+00 1.837606837606837740e-01 2.276976495726495686e-01 3.917378917378917629e-03 9.348290598290598039e-03
0.000000000000000000e+00 1.928418803418803507e-01 2.278311965811965767e-01 3.561253561253561323e-03 8.547008547008547868e-03
0.000000000000000000e+00 2.031695156695156601e-01 2.272970085470085444e-01 3.917378917378917629e-03 9.081196581196581893e-03
0.000000000000000000e+00 2.132300569800569812e-01 2.263621794871794879e-01 4.095441595441595348e-03 1.041666666666666609e-02
0.000000000000000000e+00 2.175925925925925875e-01 2.272970085470085444e-01 3.917378917378917629e-03 9.615384615384615918e-03
0.000000000000000000e+00 2.217770655270655256e-01 2.262286324786324798e-01 4.095441595441595348e-03 1.121794871794871799e-02
0.000000000000000000e+00 2.266737891737891641e-01 2.278311965811965767e-01 4.273504273504273934e-03 9.081196581196581893e-03
0.000000000000000000e+00 2.317485754985754987e-01 2.276976495726495686e-01 3.383190883190883170e-03 9.348290598290598039e-03
0.000000000000000000e+00 2.364672364672364691e-01 2.262286324786324798e-01 4.273504273504273934e-03 1.121794871794871799e-02
0.000000000000000000e+00 2.412749287749287874e-01 2.267628205128205121e-01 3.917378917378917629e-03 6.410256410256410034e-03
0.000000000000000000e+00 2.872150997150997309e-01 6.944444444444444059e-03 7.478632478632478951e-03 8.547008547008547868e-03
0.000000000000000000e+00 2.895299145299145560e-01 1.282051282051282007e-02 7.834757834757835257e-03 8.547008547008547868e-03
0.000000000000000000e+00 2.971866096866097040e-01 4.834401709401709574e-02 6.766381766381766340e-03 8.012820512820512109e-03
0.000000000000000000e+00 3.220263532763532610e-01 6.143162393162392848e-02 6.588319088319088621e-03 1.442307692307692388e-02
0.000000000000000000e+00 3.040420227920228036e-01 7.398504273504273587e-02 6.944444444444444059e-03 8.547008547008547868e-03
0.000000000000000000e+00 3.056445868945869004e-01 7.825854700854700807e-02 6.944444444444444059e-03 8.547008547008547868e-03
0.000000000000000000e+00 3.256766381766381668e-01 7.652243589743590313e-02 6.410256410256410034e-03 1.362179487179487197e-02
0.000000000000000000e+00 3.090277777777777901e-01 9.214743589743590313e-02 7.300569800569800365e-03 8.012820512820512109e-03
0.000000000000000000e+00 3.290598290598290565e-01 8.894230769230769551e-02 5.698005698005698290e-03 1.282051282051282007e-02
0.000000000000000000e+00 3.392984330484330457e-01 1.318108974358974395e-01 5.876068376068376009e-03 1.362179487179487197e-02
0.000000000000000000e+00 3.438390313390313202e-01 1.550480769230769273e-01 4.629629629629629373e-03 1.095085470085470011e-02
0.000000000000000000e+00 3.462428774928774655e-01 1.700053418803418870e-01 4.095441595441595348e-03 1.308760683760683795e-02
0.000000000000000000e+00 3.516737891737891641e-01 2.140758547008546897e-01 3.917378917378917629e-03 1.095085470085470011e-02
0.000000000000000000e+00 3.541666666666666852e-01 2.311698717948718063e-01 4.629629629629629373e-03 1.041666666666666609e-02
0.000000000000000000e+00 3.578169515669515910e-01 2.600160256410256610e-01 4.807692307692307959e-03 1.255341880341880392e-02
0.000000000000000000e+00 3.626246438746438816e-01 2.884615384615384359e-01 5.876068376068376009e-03 1.442307692307692388e-02
0.000000000000000000e+00 3.350249287749287874e-01 3.306623931623931534e-01 7.300569800569800365e-03 8.012820512820512109e-03
0.000000000000000000e+00 3.214921652421652287e-01 3.448183760683760646e-01 7.300569800569800365e-03 1.068376068376068397e-02
0.000000000000000000e+00 3.104522792022791911e-01 3.604433760683760646e-01 6.588319088319088621e-03 1.041666666666666609e-02
0.000000000000000000e+00 3.353810541310541238e-01 3.743322649572649596e-01 3.739316239316239476e-03 1.255341880341880392e-02
0.000000000000000000e+00 3.442841880341880323e-01 3.747329059829059839e-01 3.739316239316239476e-03 1.175213675213675202e-02
0.000000000000000000e+00 3.529202279202279247e-01 3.755341880341880323e-01 4.273504273504273934e-03 1.014957264957264994e-02
0.000000000000000000e+00 3.753561253561253364e-01 3.522970085470085722e-01 5.341880341880341984e-03 1.121794871794871799e-02
0.000000000000000000e+00 3.181980056980057148e-01 4.015758547008547175e-01 3.917378917378917629e-03 9.348290598290598039e-03
0.000000000000000000e+00 3.233618233618233417e-01 4.018429487179487336e-01 3.917378917378917629e-03 9.882478632478632063e-03
0.000000000000000000e+00 3.317307692307692180e-01 4.023771367521367659e-01 4.273504273504273934e-03 1.148504273504273587e-02
0.000000000000000000e+00 3.360042735042735318e-01 4.037126068376068466e-01 3.917378917378917629e-03 1.041666666666666609e-02
0.000000000000000000e+00 3.401887464387464144e-01 4.043803418803418870e-01 3.739316239316239476e-03 1.068376068376068397e-02
0.000000000000000000e+00 3.535434472934472772e-01 4.054487179487179516e-01 4.095441595441595348e-03 1.175213675213675202e-02
0.000000000000000000e+00 3.580840455840456071e-01 4.055822649572649596e-01 3.917378917378917629e-03 1.095085470085470011e-02
0.000000000000000000e+00 3.736645299145299193e-01 4.425747863247863068e-01 5.876068376068376009e-03 1.388888888888888812e-02
0.000000000000000000e+00 6.721866096866097040e-02 3.832799145299145560e-01 4.095441595441595348e-03 9.615384615384615918e-03
0.000000000000000000e+00 7.131410256410256054e-02 3.838141025641025883e-01 3.383190883190883170e-03 8.547008547008547868e-03
0.000000000000000000e+00 9.196937321937322107e-02 3.843482905982906206e-01 4.451566951566951653e-03 1.121794871794871799e-02
0.000000000000000000e+00 1.101317663817663883e-01 3.839476495726495964e-01 4.451566951566951653e-03 1.148504273504273587e-02
0.000000000000000000e+00 1.203703703703703637e-01 3.847489316239316448e-01 4.273504273504273934e-03 1.255341880341880392e-02
0.000000000000000000e+00 9.099002849002849058e-02 4.143963675213675479e-01 4.629629629629629373e-03 1.095085470085470011e-02
0.000000000000000000e+00 9.677706552706552556e-02 4.146634615384615641e-01 4.095441595441595348e-03 1.041666666666666609e-02
0.000000000000000000e+00 1.104878917378917386e-01 4.138621794871794601e-01 4.451566951566951653e-03 1.148504273504273587e-02
0.000000000000000000e+00 1.150284900284900269e-01 4.154647435897436125e-01 4.273504273504273934e-03 9.882478632478632063e-03
0.000000000000000000e+00 1.193910256410256471e-01 4.137286324786324521e-01 3.739316239316239476e-03 7.478632478632478951e-03
0.000000000000000000e+00 1.594551282051281937e-01 3.818108974358974117e-01 4.451566951566951653e-03 1.201923076923076990e-02
0.000000000000000000e+00 1.787749287749287874e-01 3.832799145299145560e-01 3.917378917378917629e-03 1.121794871794871799e-02
0.000000000000000000e+00 1.833155270655270619e-01 3.827457264957264682e-01 4.095441595441595348e-03 1.282051282051282007e-02
0.000000000000000000e+00 2.068198005698005659e-01 3.840811965811966044e-01 4.807692307692307959e-03 1.388888888888888812e-02
0.000000000000000000e+00 2.451032763532763614e-01 3.834134615384615641e-01 4.807692307692307959e-03 1.041666666666666609e-02
0.000000000000000000e+00 2.715455840455840292e-02 4.301549145299145560e-01 9.081196581196581893e-03 6.143162393162393022e-03
0.000000000000000000e+00 3.979700854700854440e-02 4.372329059829059839e-01 5.519943019943019703e-03 5.876068376068376009e-03
0.000000000000000000e+00 3.961894586894586928e-02 4.433760683760683552e-01 6.588319088319088621e-03 5.341880341880341984e-03
0.000000000000000000e+00 3.935185185185185314e-02 4.501869658119658224e-01 7.122507122507122646e-03 6.143162393162393022e-03
0.000000000000000000e+00 2.564102564102564014e-02 4.755608974358974117e-01 7.122507122507122646e-03 5.608974358974358997e-03
0.000000000000000000e+00 3.997507122507122646e-02 4.767628205128205399e-01 5.519943019943019703e-03 5.876068376068376009e-03
0.000000000000000000e+00 2.653133903133903307e-02 5.029380341880341776e-01 7.834757834757835257e-03 5.341880341880341984e-03
0.000000000000000000e+00 2.573005698005698116e-02 4.962606837606837740e-01 8.012820512820512109e-03 5.876068376068376009e-03
0.000000000000000000e+00 4.015313390313390157e-02 5.426014957264957417e-01 7.300569800569800365e-03 5.074786324786324972e-03
0.000000000000000000e+00 3.997507122507122646e-02 5.487446581196581130e-01 7.656695156695156670e-03 5.608974358974358997e-03
0.000000000000000000e+00 2.653133903133903307e-02 5.559561965811965489e-01 7.478632478632478951e-03 6.143162393162393022e-03
0.000000000000000000e+00 2.644230769230769204e-02 5.492788461538461453e-01 7.656695156695156670e-03 6.143162393162393022e-03
0.000000000000000000e+00 3.961894586894586928e-02 5.564903846153845812e-01 8.725071225071224720e-03 6.143162393162393022e-03
0.000000000000000000e+00 6.232193732193732315e-03 6.458333333333333703e-01 7.478632478632478951e-03 5.876068376068376009e-03
0.000000000000000000e+00 1.522435897435897405e-02 6.477029914529914834e-01 8.725071225071224720e-03 6.410256410256410034e-03
0.000000000000000000e+00 4.665242165242165090e-02 6.530448717948718063e-01 8.903133903133903307e-03 6.410256410256410034e-03
0.000000000000000000e+00 4.914529914529914417e-02 6.726762820512820484e-01 7.478632478632478951e-03 5.608974358974358997e-03
0.000000000000000000e+00 6.855413105413105113e-02 6.300747863247863068e-01 9.615384615384615918e-03 7.478632478632478951e-03
0.000000000000000000e+00 1.038995726495726551e-01 6.622596153846154188e-01 8.012820512820512109e-03 6.677350427350427046e-03
0.000000000000000000e+00 4.834401709401709574e-02 6.921741452991453381e-01 7.656695156695156670e-03 6.143162393162393022e-03
0.000000000000000000e+00 4.745370370370370627e-02 6.991185897435897578e-01 7.656695156695156670e-03 5.608974358974358997e-03
0.000000000000000000e+00 1.960470085470085444e-01 6.557158119658119677e-01 7.122507122507122646e-03 8.547008547008547868e-03
0.000000000000000000e+00 1.878561253561253641e-01 6.250000000000000000e-01 4.273504273504273934e-03 1.282051282051282007e-02
0.000000000000000000e+00 3.886217948717948789e-01 3.018162393162393195e-02 4.095441595441595348e-03 1.068376068376068397e-02
0.000000000000000000e+00 3.941417378917378977e-01 3.018162393162393195e-02 4.095441595441595348e-03 1.014957264957264994e-02
0.000000000000000000e+00 4.029558404558404305e-01 1.060363247863247843e-01 7.834757834757835257e-03 6.944444444444444059e-03
0.000000000000000000e+00 4.488960113960113740e-01 8.827457264957265515e-02 7.834757834757835257e-03 7.211538461538461939e-03
0.000000000000000000e+00 4.676816239316239354e-01 1.538461538461538547e-01 4.451566951566951653e-03 1.175213675213675202e-02
0.000000000000000000e+00 4.522792022792022637e-01 2.143429487179487059e-01 3.917378917378917629e-03 1.095085470085470011e-02
0.000000000000000000e+00 4.532585470085470081e-01 2.461271367521367659e-01 4.095441595441595348e-03 1.148504273504273587e-02
0.000000000000000000e+00 4.661680911680911588e-01 2.478632478632478708e-01 4.273504273504273934e-03 1.175213675213675202e-02
0.000000000000000000e+00 6.116452991452991234e-02 8.688568376068376287e-01 9.081196581196581893e-03 6.410256410256410034e-03
0.000000000000000000e+00 6.570512820512820762e-02 8.804754273504273865e-01 6.054131054131053728e-03 1.148504273504273587e-02
0.000000000000000000e+00 7.006766381766381391e-02 8.834134615384615641e-01 6.588319088319088621e-03 1.255341880341880392e-02
0.000000000000000000e+00 7.790242165242165784e-02 8.907585470085470636e-01 5.519943019943019703e-03 1.068376068376068397e-02
0.000000000000000000e+00 8.253205128205128027e-02 8.931623931623932089e-01 7.300569800569800365e-03 1.442307692307692388e-02
0.000000000000000000e+00 9.446225071225071435e-02 9.019764957264957417e-01 6.232193732193732315e-03 1.335470085470085409e-02
0.000000000000000000e+00 1.110220797720797709e-01 8.454861111111111605e-01 4.451566951566951653e-03 1.148504273504273587e-02
0.000000000000000000e+00 3.018162393162393195e-02 9.409722222222222099e-01 1.193019943019943060e-02 9.081196581196581893e-03
0.000000000000000000e+00 6.917735042735043138e-02 9.950587606837606458e-01 6.588319088319088621e-03 9.348290598290598039e-03
0.000000000000000000e+00 3.433048433048432879e-01 6.543803418803418870e-01 9.259259259259258745e-03 8.012820512820512109e-03
0.000000000000000000e+00 3.335113960113960108e-01 6.561164529914529364e-01 6.410256410256410034e-03 6.143162393162393022e-03
0.000000000000000000e+00 3.159722222222222099e-01 6.824252136752136932e-01 7.300569800569800365e-03 1.014957264957264994e-02
0.000000000000000000e+00 3.327101139601139623e-01 7.331730769230768718e-01 8.012820512820512109e-03 5.876068376068376009e-03
0.000000000000000000e+00 3.099180911680911588e-01 7.706997863247863068e-01 6.944444444444444059e-03 9.882478632478632063e-03
0.000000000000000000e+00 3.064458689458689489e-01 7.745726495726495964e-01 6.766381766381766340e-03 1.121794871794871799e-02
0.000000000000000000e+00 3.361823361823361722e-01 7.728365384615384359e-01 5.341880341880341984e-03 1.148504273504273587e-02
0.000000000000000000e+00 3.477564102564102422e-01 7.829861111111111605e-01 8.547008547008547868e-03 6.143162393162393022e-03
0.000000000000000000e+00 3.384081196581196771e-01 7.562767094017094349e-01 8.012820512820512109e-03 5.608974358974358997e-03
0.000000000000000000e+00 3.307514245014245291e-01 7.486645299145299193e-01 5.163817663817663398e-03 1.228632478632478604e-02
0.000000000000000000e+00 2.825854700854700807e-01 8.880876068376067911e-01 8.903133903133903307e-03 7.478632478632478951e-03
0.000000000000000000e+00 2.822293447293447444e-01 8.819444444444444198e-01 7.834757834757835257e-03 6.410256410256410034e-03
0.000000000000000000e+00 2.898860398860398924e-01 8.509615384615384359e-01 3.917378917378917629e-03 1.228632478632478604e-02
0.000000000000000000e+00 2.817841880341880323e-01 8.623130341880341776e-01 7.300569800569800365e-03 5.608974358974358997e-03
0.000000000000000000e+00 2.828525641025640969e-01 8.755341880341880323e-01 8.725071225071224720e-03 6.944444444444444059e-03
0.000000000000000000e+00 2.486645299145299193e-01 9.636752136752136932e-01 6.588319088319088621e-03 1.068376068376068397e-02
0.000000000000000000e+00 2.800925925925926152e-01 9.298878205128204844e-01 9.259259259259258745e-03 9.882478632478632063e-03
0.000000000000000000e+00 3.024394586894587067e-01 9.413728632478632896e-01 4.451566951566951653e-03 1.308760683760683795e-02
0.000000000000000000e+00 2.913995726495726690e-01 9.209401709401708880e-01 9.793447293447292770e-03 8.547008547008547868e-03
0.000000000000000000e+00 3.180199430199430188e-01 9.300213675213675479e-01 4.629629629629629373e-03 1.228632478632478604e-02
0.000000000000000000e+00 3.295049857549857686e-01 9.214743589743589203e-01 4.451566951566951653e-03 1.068376068376068397e-02
0.000000000000000000e+00 3.440170940170940161e-01 9.047809829059828557e-01 7.834757834757835257e-03 8.814102564102564014e-03
0.000000000000000000e+00 3.595085470085470081e-01 8.916933760683760646e-01 7.122507122507122646e-03 9.882478632478632063e-03
0.000000000000000000e+00 3.525641025641025883e-01 6.347489316239316448e-01 4.985754985754985678e-03 1.201923076923076990e-02
0.000000000000000000e+00 3.879095441595441507e-01 7.005876068376067911e-01 6.944444444444444059e-03 1.282051282051282007e-02
0.000000000000000000e+00 4.038461538461538547e-01 7.334401709401708880e-01 1.103988603988603941e-02 1.976495726495726413e-02
0.000000000000000000e+00 4.121260683760683552e-01 7.469284188034187588e-01 6.232193732193732315e-03 9.348290598290598039e-03
0.000000000000000000e+00 4.240562678062678170e-01 7.394497863247863068e-01 8.368945868945869282e-03 9.348290598290598039e-03
0.000000000000000000e+00 4.517450142450142314e-01 7.848557692307692735e-01 6.766381766381766340e-03 1.415598290598290600e-02
0.000000000000000000e+00 4.946581196581196771e-01 8.413461538461538547e-01 4.273504273504273934e-03 1.282051282051282007e-02
0.000000000000000000e+00 4.997329059829059839e-01 8.398771367521367104e-01 5.519943019943019703e-03 1.255341880341880392e-02
0.000000000000000000e+00 5.039173789173788665e-01 8.366720085470085166e-01 5.698005698005698290e-03 1.255341880341880392e-02
0.000000000000000000e+00 4.930555555555555802e-01 8.728632478632478708e-01 4.985754985754985678e-03 1.282051282051282007e-02
0.000000000000000000e+00 4.980413105413105668e-01 8.701923076923077094e-01 4.273504273504273934e-03 1.121794871794871799e-02
0.000000000000000000e+00 5.076566951566952035e-01 8.677884615384615641e-01 5.698005698005698290e-03 1.121794871794871799e-02
0.000000000000000000e+00 4.841524216524216717e-01 8.843482905982905651e-01 3.917378917378917629e-03 1.121794871794871799e-02
0.000000000000000000e+00 4.744480056980057148e-01 8.855502136752136932e-01 4.095441595441595348e-03 1.095085470085470011e-02
0.000000000000000000e+00 4.756054131054130996e-01 9.001068376068376287e-01 4.629629629629629373e-03 1.388888888888888812e-02
0.000000000000000000e+00 4.772079772079771964e-01 9.163995726495726135e-01 4.629629629629629373e-03 1.388888888888888812e-02
0.000000000000000000e+00 4.870014245014245291e-01 9.133279914529914834e-01 3.561253561253561323e-03 9.882478632478632063e-03
0.000000000000000000e+00 4.902955840455840431e-01 9.475160256410256610e-01 3.383190883190883170e-03 9.882478632478632063e-03
0.000000000000000000e+00 4.930555555555555802e-01 9.767628205128204844e-01 4.273504273504273934e-03 1.228632478632478604e-02
0.000000000000000000e+00 4.944800569800569812e-01 9.907852564102563875e-01 4.273504273504273934e-03 1.255341880341880392e-02
0.000000000000000000e+00 5.537749287749287319e-01 9.607371794871795156e-01 5.698005698005698290e-03 1.068376068376068397e-02
0.000000000000000000e+00 5.636574074074074403e-01 9.947916666666666297e-01 5.876068376068376009e-03 9.882478632478632063e-03
0.000000000000000000e+00 5.387286324786324521e-01 9.130608974358974672e-01 5.876068376068376009e-03 1.095085470085470011e-02
0.000000000000000000e+00 4.719551282051281937e-01 6.828258547008546619e-01 6.232193732193732315e-03 1.308760683760683795e-02
0.000000000000000000e+00 4.675925925925926152e-01 7.099358974358974672e-01 6.410256410256410034e-03 1.335470085470085409e-02
0.000000000000000000e+00 4.743589743589743390e-01 7.306356837606837740e-01 7.478632478632478951e-03 1.629273504273504383e-02
0.000000000000000000e+00 4.615384615384615641e-01 5.029380341880341776e-01 7.122507122507122646e-03 5.876068376068376009e-03
0.000000000000000000e+00 4.427528490028490027e-01 4.320245726495726690e-01 8.012820512820512109e-03 7.745726495726495964e-03
0.000000000000000000e+00 1.966702279202279247e-01 7.517361111111111605e-01 5.519943019943019703e-03 1.148504273504273587e-02
0.000000000000000000e+00 4.943910256410256610e-01 3.692574786324786529e-01 1.193019943019943060e-02 8.279914529914529989e-03
0.000000000000000000e+00 5.227920227920227481e-01 3.660523504273504036e-01 8.547008547008547868e-03 7.211538461538461939e-03
0.000000000000000000e+00 5.334757834757835049e-01 3.641826923076922906e-01 9.259259259259258745e-03 6.677350427350427046e-03
0.000000000000000000e+00 5.559116809116808611e-01 3.616452991452991372e-01 7.478632478632478951e-03 5.876068376068376009e-03
0.000000000000000000e+00 5.649928774928775210e-01 3.597756410256410242e-01 8.190883190883190695e-03 6.410256410256410034e-03
0.000000000000000000e+00 5.853810541310541238e-01 4.022435897435897578e-01 4.807692307692307959e-03 1.228632478632478604e-02
0.000000000000000000e+00 4.699074074074073848e-01 5.698450854700854995e-01 8.190883190883190695e-03 7.211538461538461939e-03
0.000000000000000000e+00 5.771901709401708880e-01 2.938034188034188005e-03 5.876068376068376009e-03 4.807692307692307959e-03
0.000000000000000000e+00 5.583155270655271174e-01 3.552350427350427220e-02 6.944444444444444059e-03 5.341880341880341984e-03
0.000000000000000000e+00 5.650819088319087857e-01 7.264957264957265515e-02 4.451566951566951653e-03 1.068376068376068397e-02
0.000000000000000000e+00 5.527955840455840431e-01 1.028311965811965767e-01 4.095441595441595348e-03 1.175213675213675202e-02
0.000000000000000000e+00 5.574252136752136932e-01 1.021634615384615363e-01 4.095441595441595348e-03 1.041666666666666609e-02
0.000000000000000000e+00 5.616987179487179516e-01 1.012286324786324798e-01 4.807692307692307959e-03 1.228632478632478604e-02
0.000000000000000000e+00 5.664173789173788665e-01 9.909188034188033678e-02 3.917378917378917629e-03 1.014957264957264994e-02
0.000000000000000000e+00 5.766559829059828557e-01 9.748931623931623991e-02 4.451566951566951653e-03 1.175213675213675202e-02
0.000000000000000000e+00 5.809294871794872250e-01 9.668803418803419147e-02 4.807692307692307959e-03 1.228632478632478604e-02
0.000000000000000000e+00 5.735398860398860377e-01 1.316773504273504314e-01 4.629629629629629373e-03 1.282051282051282007e-02
0.000000000000000000e+00 5.690883190883191389e-01 1.335470085470085444e-01 3.561253561253561323e-03 9.081196581196581893e-03
0.000000000000000000e+00 5.637464387464387050e-01 1.466346153846153910e-01 3.917378917378917629e-03 1.121794871794871799e-02
0.000000000000000000e+00 5.554665242165242045e-01 1.749465811965811857e-01 3.739316239316239476e-03 1.335470085470085409e-02
0.000000000000000000e+00 5.646367521367521292e-01 1.669337606837606736e-01 4.273504273504273934e-03 8.012820512820512109e-03
0.000000000000000000e+00 5.566239316239316448e-01 1.909722222222222099e-01 4.273504273504273934e-03 1.282051282051282007e-02
0.000000000000000000e+00 5.671296296296296502e-01 2.019230769230769273e-01 3.917378917378917629e-03 8.547008547008547868e-03
0.000000000000000000e+00 5.677528490028490582e-01 2.159455128205128305e-01 4.095441595441595348e-03 1.201923076923076990e-02
0.000000000000000000e+00 5.411324786324785974e-01 2.570779914529914278e-01 7.478632478632478951e-03 7.211538461538461939e-03
0.000000000000000000e+00 4.935897435897436125e-01 3.122329059829059839e-01 8.190883190883190695e-03 5.876068376068376009e-03
0.000000000000000000e+00 6.161858974358974672e-01 3.265224358974359031e-01 4.807692307692307959e-03 1.201923076923076990e-02
0.000000000000000000e+00 6.256232193732194080e-01 3.237179487179487336e-01 4.451566951566951653e-03 1.068376068376068397e-02
0.000000000000000000e+00 6.340811965811965489e-01 3.202457264957264682e-01 3.917378917378917629e-03 9.615384615384615918e-03
0.000000000000000000e+00 6.314102564102563875e-01 3.473557692307692180e-01 9.259259259259258745e-03 7.211538461538461939e-03
0.000000000000000000e+00 5.673967236467236663e-01 8.528311965811965489e-01 7.656695156695156670e-03 6.410256410256410034e-03
0.000000000000000000e+00 5.678418803418803229e-01 8.659188034188034511e-01 8.903133903133903307e-03 8.012820512820512109e-03
0.000000000000000000e+00 5.859152421652421561e-01 8.484241452991453381e-01 6.944444444444444059e-03 7.211538461538461939e-03
0.000000000000000000e+00 5.959757834757835049e-01 8.454861111111111605e-01 9.259259259259258745e-03 7.211538461538461939e-03
0.000000000000000000e+00 6.071047008547008073e-01 8.506944444444444198e-01 8.368945868945869282e-03 7.478632478632478951e-03
0.000000000000000000e+00 6.094195156695156879e-01 8.583066239316239354e-01 9.437321937321937332e-03 7.745726495726495964e-03
0.000000000000000000e+00 6.185007122507122368e-01 8.551014957264957417e-01 7.300569800569800365e-03 6.677350427350427046e-03
0.000000000000000000e+00 6.289173789173788665e-01 8.526976495726495964e-01 9.615384615384615918e-03 7.745726495726495964e-03
0.000000000000000000e+00 6.374643874643874941e-01 8.505608974358974672e-01 6.054131054131053728e-03 6.677350427350427046e-03
0.000000000000000000e+00 6.442307692307692735e-01 8.486912393162393542e-01 7.122507122507122646e-03 6.677350427350427046e-03
0.000000000000000000e+00 6.540242165242164951e-01 8.460202991452991927e-01 9.259259259259258745e-03 7.211538461538461939e-03
0.000000000000000000e+00 6.634615384615384359e-01 8.445512820512820484e-01 7.478632478632478951e-03 6.410256410256410034e-03
0.000000000000000000e+00 6.772613960113960108e-01 8.414797008547008073e-01 9.081196581196581893e-03 7.745726495726495964e-03
0.000000000000000000e+00 6.867877492877493273e-01 8.390758547008546619e-01 9.259259259259258745e-03 7.745726495726495964e-03
0.000000000000000000e+00 6.816239316239316448e-01 8.266559829059828557e-01 6.410256410256410034e-03 5.876068376068376009e-03
0.000000000000000000e+00 7.027243589743589203e-01 8.353365384615384359e-01 8.725071225071224720e-03 7.211538461538461939e-03
0.000000000000000000e+00 7.104700854700854995e-01 8.198450854700854995e-01 7.122507122507122646e-03 6.677350427350427046e-03
0.000000000000000000e+00 7.364672364672364413e-01 8.141025641025640969e-01 7.834757834757835257e-03 6.944444444444444059e-03
0.000000000000000000e+00 7.454594017094017255e-01 8.125000000000000000e-01 9.081196581196581893e-03 6.944444444444444059e-03
0.000000000000000000e+00 7.595263532763533165e-01 8.230502136752136932e-01 7.656695156695156670e-03 7.211538461538461939e-03
0.000000000000000000e+00 7.687856125356125059e-01 8.072916666666666297e-01 8.725071225071224720e-03 6.677350427350427046e-03
0.000000000000000000e+00 7.810719373219373596e-01 8.027510683760683552e-01 9.081196581196581893e-03 5.074786324786324972e-03
0.000000000000000000e+00 7.927350427350426942e-01 8.146367521367521292e-01 7.478632478632478951e-03 6.944444444444444059e-03
0.000000000000000000e+00 8.024394586894586512e-01 8.125000000000000000e-01 8.725071225071224720e-03 7.478632478632478951e-03
0.000000000000000000e+00 8.547008547008546619e-01 8.011485042735042583e-01 1.032763532763532680e-02 8.279914529914529989e-03
0.000000000000000000e+00 5.284900284900284628e-01 6.941773504273504036e-01 9.259259259259258745e-03 8.547008547008547868e-03
0.000000000000000000e+00 5.777243589743589203e-01 6.805555555555555802e-01 8.725071225071224720e-03 7.478632478632478951e-03
0.000000000000000000e+00 5.906339031339031820e-01 6.785523504273504036e-01 8.190883190883190695e-03 7.211538461538461939e-03
0.000000000000000000e+00 6.069266381766381668e-01 6.732104700854700807e-01 9.081196581196581893e-03 7.745726495726495964e-03
0.000000000000000000e+00 6.336360398860398924e-01 6.670673076923077094e-01 7.656695156695156670e-03 7.211538461538461939e-03
0.000000000000000000e+00 6.424501424501424252e-01 6.658653846153845812e-01 8.903133903133903307e-03 8.012820512820512109e-03
0.000000000000000000e+00 6.589209401709401615e-01 6.614583333333333703e-01 9.081196581196581893e-03 7.745726495726495964e-03
0.000000000000000000e+00 6.645299145299145005e-01 6.395566239316239354e-01 4.985754985754985678e-03 1.308760683760683795e-02
0.000000000000000000e+00 6.702279202279202153e-01 6.748130341880341776e-01 4.629629629629629373e-03 1.041666666666666609e-02
0.000000000000000000e+00 6.840277777777777901e-01 6.732104700854700807e-01 4.451566951566951653e-03 1.148504273504273587e-02
0.000000000000000000e+00 6.880341880341880323e-01 6.720085470085470636e-01 4.273504273504273934e-03 1.121794871794871799e-02
0.000000000000000000e+00 6.801103988603988126e-01 7.763087606837606458e-01 7.300569800569800365e-03 7.211538461538461939e-03
0.000000000000000000e+00 6.817129629629629095e-01 7.820512820512820484e-01 8.012820512820512109e-03 7.478632478632478951e-03
0.000000000000000000e+00 6.826923076923077094e-01 7.951388888888888395e-01 9.259259259259258745e-03 1.014957264957264994e-02
0.000000000000000000e+00 6.838497150997151497e-01 8.078258547008546619e-01 8.725071225071224720e-03 7.745726495726495964e-03
0.000000000000000000e+00 7.334401709401708880e-01 6.448985042735042583e-01 8.903133903133903307e-03 7.211538461538461939e-03
0.000000000000000000e+00 7.236467236467236663e-01 6.654647435897436125e-01 7.122507122507122646e-03 5.608974358974358997e-03
0.000000000000000000e+00 7.229344729344728826e-01 6.471688034188034511e-01 6.410256410256410034e-03 5.341880341880341984e-03
0.000000000000000000e+00 7.552528490028490582e-01 6.403579059829059839e-01 8.368945868945869282e-03 6.677350427350427046e-03
0.000000000000000000e+00 7.678062678062678170e-01 6.551816239316239354e-01 8.903133903133903307e-03 7.478632478632478951e-03
0.000000000000000000e+00 7.767094017094017255e-01 6.352831196581196771e-01 7.834757834757835257e-03 6.677350427350427046e-03
0.000000000000000000e+00 7.795584045584045274e-01 6.531784188034187588e-01 8.547008547008547868e-03 7.211538461538461939e-03
0.000000000000000000e+00 7.924679487179486781e-01 6.499732905982905651e-01 7.656695156695156670e-03 7.211538461538461939e-03
0.000000000000000000e+00 7.931801994301994618e-01 6.310096153846154188e-01 5.876068376068376009e-03 5.608974358974358997e-03
0.000000000000000000e+00 8.027955840455840431e-01 6.291399572649573058e-01 8.368945868945869282e-03 6.677350427350427046e-03
0.000000000000000000e+00 8.043091168091167642e-01 6.471688034188034511e-01 7.122507122507122646e-03 6.944444444444444059e-03
0.000000000000000000e+00 8.178418803418803229e-01 6.562500000000000000e-01 4.629629629629629373e-03 1.282051282051282007e-02
0.000000000000000000e+00 8.231837606837606458e-01 6.537126068376067911e-01 4.629629629629629373e-03 1.362179487179487197e-02
0.000000000000000000e+00 8.270121082621082476e-01 6.526442307692307265e-01 4.807692307692307959e-03 1.148504273504273587e-02
0.000000000000000000e+00 8.311075498575498655e-01 6.515758547008546619e-01 4.807692307692307959e-03 1.095085470085470011e-02
0.000000000000000000e+00 8.130341880341880323e-01 6.152510683760683552e-01 4.629629629629629373e-03 1.041666666666666609e-02
0.000000000000000000e+00 8.177528490028490582e-01 6.152510683760683552e-01 4.807692307692307959e-03 1.201923076923076990e-02
0.000000000000000000e+00 8.228276353276353650e-01 6.148504273504273865e-01 5.341880341880341984e-03 1.335470085470085409e-02
0.000000000000000000e+00 8.299501424501424252e-01 6.121794871794872250e-01 4.273504273504273934e-03 9.081196581196581893e-03
0.000000000000000000e+00 7.689636752136752573e-01 5.076121794871795156e-01 8.725071225071224720e-03 7.211538461538461939e-03
0.000000000000000000e+00 7.867699430199430743e-01 5.084134615384615641e-01 7.656695156695156670e-03 7.211538461538461939e-03
0.000000000000000000e+00 7.884615384615384359e-01 5.279113247863247427e-01 8.190883190883190695e-03 7.211538461538461939e-03
0.000000000000000000e+00 7.890847578347578439e-01 5.353899572649573058e-01 8.368945868945869282e-03 6.677350427350427046e-03
0.000000000000000000e+00 7.902421652421652842e-01 5.420673076923077094e-01 7.478632478632478951e-03 7.211538461538461939e-03
0.000000000000000000e+00 7.731481481481481399e-01 5.530181623931623713e-01 7.478632478632478951e-03 6.143162393162393022e-03
0.000000000000000000e+00 6.899038461538461453e-01 5.801282051282051766e-01 4.807692307692307959e-03 1.175213675213675202e-02
0.000000000000000000e+00 6.939992877492877632e-01 6.157852564102563875e-01 5.519943019943019703e-03 1.415598290598290600e-02
0.000000000000000000e+00 6.878561253561253919e-01 5.626335470085470636e-01 4.629629629629629373e-03 1.255341880341880392e-02
0.000000000000000000e+00 6.855413105413105113e-01 5.363247863247863068e-01 4.985754985754985678e-03 1.335470085470085409e-02
0.000000000000000000e+00 7.045940170940171443e-01 5.307158119658119677e-01 6.054131054131053728e-03 1.549145299145299193e-02
0.000000000000000000e+00 7.099358974358974672e-01 5.305822649572649041e-01 4.629629629629629373e-03 1.148504273504273587e-02
0.000000000000000000e+00 7.136752136752136932e-01 5.288461538461538547e-01 4.629629629629629373e-03 1.175213675213675202e-02
0.000000000000000000e+00 6.859864672364672789e-01 4.678151709401709435e-01 4.807692307692307959e-03 1.148504273504273587e-02
0.000000000000000000e+00 6.801994301994301884e-01 5.021367521367521292e-01 4.629629629629629373e-03 1.121794871794871799e-02
0.000000000000000000e+00 6.966702279202279247e-01 5.049412393162393542e-01 4.807692307692307959e-03 1.255341880341880392e-02
0.000000000000000000e+00 7.020121082621082476e-01 5.029380341880341776e-01 4.095441595441595348e-03 1.175213675213675202e-02
0.000000000000000000e+00 7.063746438746438816e-01 5.029380341880341776e-01 4.629629629629629373e-03 1.282051282051282007e-02
0.000000000000000000e+00 7.112713675213675479e-01 5.018696581196581130e-01 4.095441595441595348e-03 1.121794871794871799e-02
0.000000000000000000e+00 7.151887464387464144e-01 5.013354700854700807e-01 4.451566951566951653e-03 1.228632478632478604e-02
0.000000000000000000e+00 7.551638176638176825e-01 4.524572649572649596e-01 8.190883190883190695e-03 7.478632478632478951e-03
0.000000000000000000e+00 7.375356125356125059e-01 4.893162393162392987e-01 8.547008547008547868e-03 6.944444444444444059e-03
0.000000000000000000e+00 8.267450142450142314e-01 3.728632478632478708e-01 4.985754985754985678e-03 1.282051282051282007e-02
0.000000000000000000e+00 8.302172364672364413e-01 4.228098290598290565e-01 4.451566951566951653e-03 1.175213675213675202e-02
0.000000000000000000e+00 8.316417378917378977e-01 4.400373931623931534e-01 4.807692307692307959e-03 1.362179487179487197e-02
0.000000000000000000e+00 6.727207977207977363e-01 3.147702991452991372e-01 5.341880341880341984e-03 1.201923076923076990e-02
0.000000000000000000e+00 6.770833333333333703e-01 3.133012820512820484e-01 4.807692307692307959e-03 1.175213675213675202e-02
0.000000000000000000e+00 6.816239316239316448e-01 3.115651709401709435e-01 4.985754985754985678e-03 1.255341880341880392e-02
0.000000000000000000e+00 6.904380341880341776e-01 3.099626068376068466e-01 5.519943019943019703e-03 1.469017094017094002e-02
0.000000000000000000e+00 6.955128205128204844e-01 3.078258547008547175e-01 4.629629629629629373e-03 1.308760683760683795e-02
0.000000000000000000e+00 6.998753561253561184e-01 3.056891025641025883e-01 4.451566951566951653e-03 1.095085470085470011e-02
0.000000000000000000e+00 7.157229344729344467e-01 2.807158119658119677e-01 4.095441595441595348e-03 1.068376068376068397e-02
0.000000000000000000e+00 7.145655270655271174e-01 2.666933760683760646e-01 4.629629629629629373e-03 1.201923076923076990e-02
0.000000000000000000e+00 7.519586894586894887e-01 3.135683760683760646e-01 7.478632478632478951e-03 6.410256410256410034e-03
0.000000000000000000e+00 6.602564102564102422e-01 2.566773504273504036e-01 4.273504273504273934e-03 1.442307692307692388e-02
0.000000000000000000e+00 6.710292022792022637e-01 1.857638888888888951e-01 3.739316239316239476e-03 8.279914529914529989e-03
0.000000000000000000e+00 6.751246438746438816e-01 1.841613247863247982e-01 4.095441595441595348e-03 9.348290598290598039e-03
0.000000000000000000e+00 6.792200854700854995e-01 1.836271367521367659e-01 3.739316239316239476e-03 6.677350427350427046e-03
0.000000000000000000e+00 6.840277777777777901e-01 1.834935897435897301e-01 4.095441595441595348e-03 7.478632478632478951e-03
0.000000000000000000e+00 6.883012820512820484e-01 1.853632478632478708e-01 3.383190883190883170e-03 9.615384615384615918e-03
0.000000000000000000e+00 7.262286324786324521e-01 1.631944444444444475e-01 6.944444444444444059e-03 5.341880341880341984e-03
0.000000000000000000e+00 8.935185185185184897e-01 9.391025641025640969e-01 5.341880341880341984e-03 1.175213675213675202e-02
0.000000000000000000e+00 8.962784900284900269e-01 9.630074786324785974e-01 4.807692307692307959e-03 1.148504273504273587e-02
0.000000000000000000e+00 8.984152421652421561e-01 9.799679487179486781e-01 5.876068376068376009e-03 1.442307692307692388e-02
0.000000000000000000e+00 9.284188034188034511e-01 9.886485042735042583e-01 5.341880341880341984e-03 1.201923076923076990e-02
0.000000000000000000e+00 9.374109686609686243e-01 9.847756410256410797e-01 5.163817663817663398e-03 1.388888888888888812e-02
0.000000000000000000e+00 9.789886039886039892e-01 9.879807692307692735e-01 7.478632478632478951e-03 9.615384615384615918e-03
0.000000000000000000e+00 9.772079772079772519e-01 9.784989316239316448e-01 7.834757834757835257e-03 9.882478632478632063e-03
0.000000000000000000e+00 9.645655270655271174e-01 9.524572649572649041e-01 6.766381766381766340e-03 1.228632478632478604e-02
0.000000000000000000e+00 9.802350427350426942e-01 9.973290598290598385e-01 6.054131054131053728e-03 4.807692307692307959e-03
0.000000000000000000e+00 9.544159544159543929e-01 9.523237179487179516e-01 5.341880341880341984e-03 1.148504273504273587e-02
0.000000000000000000e+00 8.796296296296296502e-01 5.922809829059828557e-01 4.273504273504273934e-03 9.882478632478632063e-03
0.000000000000000000e+00 8.892450142450142314e-01 5.913461538461538547e-01 4.985754985754985678e-03 1.175213675213675202e-02
0.000000000000000000e+00 9.650997150997151497e-01 5.408653846153845812e-01 4.629629629629629373e-03 1.228632478632478604e-02
0.000000000000000000e+00 6.082621082621082476e-01 1.332799145299145283e-01 4.273504273504273934e-03 1.121794871794871799e-02
0.000000000000000000e+00 6.126246438746438816e-01 1.315438034188034233e-01 4.451566951566951653e-03 1.255341880341880392e-02
0.000000000000000000e+00 6.213497150997151497e-01 1.306089743589743668e-01 4.451566951566951653e-03 1.014957264957264994e-02
0.000000000000000000e+00 6.259793447293446889e-01 1.275373931623931534e-01 3.739316239316239476e-03 7.745726495726495964e-03
0.000000000000000000e+00 6.331018518518518601e-01 3.899572649572649596e-02 4.095441595441595348e-03 1.068376068376068397e-02
0.000000000000000000e+00 6.525106837606837740e-01 5.395299145299145560e-02 6.944444444444444059e-03 6.944444444444444059e-03
0.000000000000000000e+00 6.526887464387464144e-01 7.478632478632478431e-02 8.012820512820512109e-03 6.410256410256410034e-03
0.000000000000000000e+00 6.534900284900284628e-01 8.173076923076923184e-02 8.190883190883190695e-03 6.944444444444444059e-03
0.000000000000000000e+00 7.428774928774928288e-01 6.477029914529915111e-02 4.273504273504273934e-03 1.148504273504273587e-02
0.000000000000000000e+00 7.440349002849002691e-01 8.026175213675214304e-02 4.095441595441595348e-03 1.148504273504273587e-02
0.000000000000000000e+00 7.453703703703703498e-01 9.855769230769230449e-02 4.629629629629629373e-03 1.228632478632478604e-02
0.000000000000000000e+00 7.457264957264957417e-01 1.105769230769230727e-01 4.273504273504273934e-03 1.121794871794871799e-02
0.000000000000000000e+00 7.491987179487179516e-01 4.941239316239316032e-03 4.095441595441595348e-03 8.279914529914529989e-03
0.000000000000000000e+00 7.537393162393162260e-01 5.074786324786324972e-03 3.917378917378917629e-03 8.547008547008547868e-03
0.000000000000000000e+00 7.581908831908832358e-01 3.739316239316239476e-03 3.917378917378917629e-03 6.410256410256410034e-03
0.000000000000000000e+00 7.626424501424501345e-01 3.605769230769230969e-03 3.917378917378917629e-03 6.143162393162393022e-03
0.000000000000000000e+00 7.889957264957264682e-01 5.475427350427350057e-03 3.917378917378917629e-03 1.041666666666666609e-02
0.000000000000000000e+00 7.937143874643874941e-01 5.208333333333333044e-03 4.451566951566951653e-03 9.348290598290598039e-03
