0.000000000000000000e+00 1.093304843304843260e-01 2.577457264957264821e-02 6.054131054131053728e-03 1.629273504273504383e-02
0.000000000000000000e+00 1.016737891737891780e-01 5.168269230769230449e-02 5.698005698005698290e-03 1.575854700854700807e-02
0.000000000000000000e+00 1.087072649572649596e-01 4.006410256410256054e-03 5.163817663817663398e-03 6.410256410256410034e-03
0.000000000000000000e+00 1.034544159544159569e-01 7.064636752136752018e-02 4.985754985754985678e-03 1.415598290598290600e-02
0.000000000000000000e+00 1.149394586894586928e-01 1.026976495726495686e-01 4.095441595441595348e-03 1.308760683760683795e-02
0.000000000000000000e+00 1.063034188034188005e-01 1.033653846153846090e-01 5.341880341880341984e-03 1.388888888888888812e-02
0.000000000000000000e+00 1.176103988603988543e-01 1.247329059829059839e-01 5.163817663817663398e-03 1.282051282051282007e-02
0.000000000000000000e+00 1.190349002849002830e-01 1.403579059829059839e-01 5.163817663817663398e-03 1.201923076923076990e-02
0.000000000000000000e+00 1.090633903133903099e-01 1.475694444444444475e-01 5.519943019943019703e-03 1.469017094017094002e-02
0.000000000000000000e+00 1.078169515669515632e-01 1.299412393162393264e-01 5.519943019943019703e-03 1.522435897435897405e-02
0.000000000000000000e+00 1.109330484330484368e-01 1.641292735042735040e-01 5.698005698005698290e-03 1.415598290598290600e-02
0.000000000000000000e+00 1.127136752136752157e-01 1.849626068376068466e-01 4.985754985754985678e-03 1.362179487179487197e-02
0.000000000000000000e+00 1.130698005698005659e-01 2.028579059829059839e-01 6.054131054131053728e-03 1.469017094017094002e-02
0.000000000000000000e+00 1.143162393162393126e-01 2.216880341880341776e-01 5.698005698005698290e-03 1.602564102564102422e-02
0.000000000000000000e+00 1.364850427350427220e-01 2.086004273504273587e-01 9.081196581196581893e-03 6.944444444444444059e-03
0.000000000000000000e+00 1.371082621082621023e-01 2.154113247863247982e-01 9.615384615384615918e-03 7.211538461538461939e-03
0.000000000000000000e+00 1.367521367521367659e-01 2.238247863247863345e-01 9.971509971509971357e-03 8.547008547008547868e-03
0.000000000000000000e+00 1.169871794871794879e-01 2.441239316239316171e-01 6.054131054131053728e-03 1.495726495726495790e-02
0.000000000000000000e+00 1.206374643874643937e-01 2.772435897435897578e-01 5.519943019943019703e-03 1.335470085470085409e-02
0.000000000000000000e+00 1.353276353276353372e-01 3.191773504273504036e-01 3.917378917378917629e-03 1.335470085470085409e-02
0.000000000000000000e+00 1.541132478632478708e-01 3.289262820512820484e-01 1.050569800569800538e-02 7.745726495726495964e-03
0.000000000000000000e+00 1.385327635327635309e-01 3.548344017094017255e-01 4.629629629629629373e-03 1.522435897435897405e-02
0.000000000000000000e+00 1.404024216524216440e-01 3.687232905982906206e-01 4.807692307692307959e-03 1.308760683760683795e-02
0.000000000000000000e+00 1.422720797720797847e-01 3.902243589743589758e-01 4.273504273504273934e-03 1.282051282051282007e-02
0.000000000000000000e+00 1.246438746438746498e-01 4.596688034188033956e-01 7.834757834757835257e-03 6.944444444444444059e-03
0.000000000000000000e+00 1.459223646723646628e-01 4.293536324786324521e-01 7.300569800569800365e-03 1.522435897435897405e-02
0.000000000000000000e+00 1.503739316239316171e-01 4.683493589743589758e-01 4.807692307692307959e-03 1.095085470085470011e-02
0.000000000000000000e+00 1.544693732193732072e-01 5.064102564102563875e-01 5.519943019943019703e-03 1.121794871794871799e-02
0.000000000000000000e+00 1.563390313390313480e-01 5.297809829059828557e-01 4.629629629629629373e-03 1.255341880341880392e-02
0.000000000000000000e+00 1.578525641025640969e-01 5.475427350427350959e-01 4.807692307692307959e-03 1.442307692307692388e-02
0.000000000000000000e+00 1.290954415954415936e-02 3.361378205128205399e-01 5.163817663817663398e-03 1.148504273504273587e-02
0.000000000000000000e+00 1.602564102564102422e-02 3.641826923076922906e-01 5.341880341880341984e-03 1.201923076923076990e-02
0.000000000000000000e+00 5.430911680911681277e-03 4.114583333333333148e-01 9.793447293447292770e-03 8.279914529914529989e-03
0.000000000000000000e+00 2.172364672364672511e-02 4.762286324786324521e-01 7.834757834757835257e-03 1.388888888888888812e-02
0.000000000000000000e+00 3.685897435897435986e-02 4.967948717948718063e-01 6.054131054131053728e-03 1.228632478632478604e-02
0.000000000000000000e+00 3.810541310541310650e-02 5.120192307692307265e-01 6.766381766381766340e-03 1.495726495726495790e-02
0.000000000000000000e+00 2.356659544159544206e-01 2.256944444444444406e-02 5.876068376068376009e-03 1.469017094017094002e-02
0.000000000000000000e+00 2.385149572649572780e-01 4.500534188034188005e-02 5.876068376068376009e-03 1.736111111111111188e-02
0.000000000000000000e+00 2.408297720797720753e-01 6.436965811965811302e-02 4.807692307692307959e-03 1.335470085470085409e-02
0.000000000000000000e+00 2.313924501424501345e-01 7.144764957264956862e-02 5.519943019943019703e-03 1.362179487179487197e-02
0.000000000000000000e+00 2.439458689458689489e-01 8.440170940170940717e-02 5.341880341880341984e-03 1.175213675213675202e-02
0.000000000000000000e+00 2.459045584045584099e-01 1.020299145299145283e-01 5.341880341880341984e-03 1.442307692307692388e-02
0.000000000000000000e+00 2.491096866096866036e-01 1.270032051282051211e-01 4.985754985754985678e-03 1.308760683760683795e-02
0.000000000000000000e+00 2.349537037037036924e-01 1.014957264957264960e-01 5.876068376068376009e-03 1.442307692307692388e-02
0.000000000000000000e+00 2.380698005698005659e-01 1.912393162393162260e-01 8.190883190883190695e-03 8.012820512820512109e-03
0.000000000000000000e+00 2.394943019943019946e-01 1.983173076923076816e-01 9.259259259259258745e-03 7.745726495726495964e-03
0.000000000000000000e+00 2.570334757834757955e-01 1.920405982905983022e-01 5.519943019943019703e-03 1.442307692307692388e-02
0.000000000000000000e+00 2.429665242165242045e-01 1.638621794871794879e-01 5.519943019943019703e-03 1.469017094017094002e-02
0.000000000000000000e+00 2.402065527065526951e-01 2.065972222222222099e-01 9.971509971509971357e-03 8.279914529914529989e-03
0.000000000000000000e+00 2.622863247863247982e-01 2.323717948717948789e-01 5.698005698005698290e-03 1.495726495726495790e-02
0.000000000000000000e+00 2.655804843304843121e-01 2.601495726495726690e-01 6.944444444444444059e-03 1.709401709401709574e-02
0.000000000000000000e+00 2.688746438746438816e-01 2.908653846153846367e-01 5.341880341880341984e-03 1.282051282051282007e-02
0.000000000000000000e+00 2.725249287749287874e-01 3.203792735042735318e-01 5.519943019943019703e-03 1.469017094017094002e-02
0.000000000000000000e+00 2.816061253561253364e-01 3.493589743589743390e-01 8.725071225071224720e-03 8.012820512820512109e-03
0.000000000000000000e+00 2.818732193732193525e-01 3.599091880341880323e-01 1.175213675213675202e-02 9.348290598290598039e-03
0.000000000000000000e+00 2.848112535612535856e-01 3.754006410256410242e-01 8.012820512820512109e-03 7.745726495726495964e-03
0.000000000000000000e+00 2.856125356125356340e-01 3.830128205128205399e-01 9.615384615384615918e-03 6.944444444444444059e-03
0.000000000000000000e+00 2.868589743589743390e-01 3.951655982905982745e-01 9.259259259259258745e-03 7.745726495726495964e-03
0.000000000000000000e+00 2.881054131054130996e-01 4.029113247863247982e-01 9.259259259259258745e-03 7.211538461538461939e-03
0.000000000000000000e+00 2.889066951566951480e-01 4.157318376068376287e-01 9.437321937321937332e-03 7.745726495726495964e-03
0.000000000000000000e+00 2.888176638176638278e-01 4.233440170940170888e-01 7.478632478632478951e-03 6.410256410256410034e-03
0.000000000000000000e+00 3.002136752136752018e-01 5.013354700854700807e-01 4.985754985754985678e-03 1.388888888888888812e-02
0.000000000000000000e+00 3.051994301994301884e-01 5.036057692307692735e-01 4.629629629629629373e-03 1.308760683760683795e-02
0.000000000000000000e+00 3.103632478632478708e-01 5.038728632478632896e-01 4.273504273504273934e-03 1.255341880341880392e-02
0.000000000000000000e+00 3.155270655270655533e-01 5.037393162393162260e-01 4.629629629629629373e-03 1.655982905982905998e-02
0.000000000000000000e+00 3.552350427350427498e-01 4.987980769230769273e-01 4.985754985754985678e-03 1.201923076923076990e-02
0.000000000000000000e+00 3.567485754985754709e-01 5.261752136752136932e-01 4.807692307692307959e-03 1.282051282051282007e-02
0.000000000000000000e+00 3.592414529914529919e-01 5.514155982905982745e-01 5.519943019943019703e-03 1.522435897435897405e-02
0.000000000000000000e+00 9.597578347578347713e-02 5.734508547008546619e-01 8.547008547008547868e-03 7.478632478632478951e-03
0.000000000000000000e+00 1.194800569800569812e-01 5.802617521367521292e-01 8.547008547008547868e-03 7.211538461538461939e-03
0.000000000000000000e+00 1.284722222222222099e-01 5.821314102564102422e-01 8.368945868945869282e-03 7.745726495726495964e-03
0.000000000000000000e+00 9.722222222222222376e-02 6.176549145299145005e-01 1.032763532763532680e-02 8.814102564102564014e-03
0.000000000000000000e+00 1.086182336182336117e-01 6.203258547008546619e-01 8.190883190883190695e-03 7.745726495726495964e-03
0.000000000000000000e+00 1.407585470085470081e-01 6.296741452991453381e-01 9.437321937321937332e-03 8.814102564102564014e-03
0.000000000000000000e+00 1.041666666666666609e-02 6.053685897435897578e-01 1.014957264957264994e-02 7.745726495726495964e-03
0.000000000000000000e+00 7.211538461538460898e-02 5.691773504273504036e-01 6.766381766381766340e-03 5.876068376068376009e-03
0.000000000000000000e+00 1.907051282051281937e-01 5.884081196581196771e-01 5.341880341880341984e-03 1.602564102564102422e-02
0.000000000000000000e+00 2.521367521367521292e-01 6.283386752136752573e-01 9.615384615384615918e-03 7.745726495726495964e-03
0.000000000000000000e+00 2.604166666666666852e-01 6.109775641025640969e-01 1.121794871794871799e-02 7.211538461538461939e-03
0.000000000000000000e+00 2.685185185185185452e-01 6.502403846153845812e-01 9.615384615384615918e-03 7.745726495726495964e-03
0.000000000000000000e+00 2.270299145299145283e-01 6.547809829059828557e-01 9.971509971509971357e-03 8.279914529914529989e-03
0.000000000000000000e+00 3.324430199430199462e-01 5.986912393162393542e-01 4.629629629629629373e-03 1.095085470085470011e-02
0.000000000000000000e+00 3.381410256410256610e-01 5.970886752136752573e-01 4.273504273504273934e-03 1.255341880341880392e-02
0.000000000000000000e+00 3.658297720797720753e-01 3.568376068376068466e-01 5.163817663817663398e-03 1.228632478632478604e-02
0.000000000000000000e+00 3.457977207977208089e-01 3.959668803418803229e-01 4.629629629629629373e-03 1.201923076923076990e-02
0.000000000000000000e+00 3.589743589743589758e-01 4.075854700854700807e-01 4.985754985754985678e-03 1.282051282051282007e-02
0.000000000000000000e+00 4.091880341880341776e-01 2.274305555555555525e-01 7.834757834757835257e-03 1.522435897435897405e-02
0.000000000000000000e+00 4.015313390313390296e-01 2.446581196581196493e-01 7.478632478632478951e-03 1.388888888888888812e-02
0.000000000000000000e+00 3.920940170940170888e-01 2.641559829059829112e-01 8.190883190883190695e-03 1.335470085470085409e-02
0.000000000000000000e+00 4.137286324786324521e-01 2.489316239316239354e-01 8.368945868945869282e-03 1.388888888888888812e-02
0.000000000000000000e+00 4.061609686609686798e-01 2.641559829059829112e-01 7.122507122507122646e-03 1.335470085470085409e-02
0.000000000000000000e+00 3.987713675213675479e-01 2.809829059829059839e-01 8.368945868945869282e-03 1.388888888888888812e-02
0.000000000000000000e+00 4.321581196581196771e-01 2.378472222222222099e-01 9.971509971509971357e-03 1.362179487179487197e-02
0.000000000000000000e+00 4.045584045584045829e-01 2.028579059829059839e-01 9.259259259259258745e-03 1.201923076923076990e-02
0.000000000000000000e+00 4.211182336182336394e-01 1.937767094017094072e-01 7.478632478632478951e-03 1.629273504273504383e-02
0.000000000000000000e+00 4.326923076923077094e-01 1.957799145299145283e-01 5.341880341880341984e-03 1.014957264957264994e-02
0.000000000000000000e+00 4.286858974358974117e-01 2.154113247863247982e-01 5.876068376068376009e-03 1.148504273504273587e-02
0.000000000000000000e+00 4.475605413105412933e-01 1.840277777777777901e-01 9.437321937321937332e-03 1.014957264957264994e-02
0.000000000000000000e+00 4.307336182336182206e-01 1.502403846153846090e-01 6.054131054131053728e-03 1.362179487179487197e-02
0.000000000000000000e+00 4.448896011396011319e-01 1.456997863247863345e-01 5.876068376068376009e-03 1.575854700854700807e-02
0.000000000000000000e+00 4.512998575498575748e-01 1.762820512820512941e-01 9.081196581196581893e-03 9.081196581196581893e-03
0.000000000000000000e+00 3.627136752136752018e-01 2.529380341880341776e-01 8.903133903133903307e-03 1.175213675213675202e-02
0.000000000000000000e+00 4.143518518518518601e-01 7.986111111111110494e-02 8.903133903133903307e-03 7.478632478632478951e-03
0.000000000000000000e+00 4.434650997150997309e-01 9.041132478632478431e-02 5.519943019943019703e-03 1.575854700854700807e-02
0.000000000000000000e+00 4.555733618233618332e-01 9.308226495726495964e-02 4.451566951566951653e-03 1.255341880341880392e-02
0.000000000000000000e+00 4.563746438746438816e-01 7.692307692307692735e-02 4.273504273504273934e-03 1.335470085470085409e-02
0.000000000000000000e+00 4.574430199430199462e-01 4.674145299145299193e-02 4.629629629629629373e-03 1.282051282051282007e-02
0.000000000000000000e+00 4.448896011396011319e-01 6.063034188034188005e-02 4.451566951566951653e-03 1.495726495726495790e-02
0.000000000000000000e+00 4.453347578347578439e-01 3.712606837606837601e-02 4.629629629629629373e-03 1.602564102564102422e-02
0.000000000000000000e+00 4.473824786324786529e-01 1.535790598290598212e-02 4.451566951566951653e-03 1.362179487179487197e-02
0.000000000000000000e+00 4.587784900284900269e-01 2.924679487179487197e-02 4.807692307692307959e-03 1.362179487179487197e-02
0.000000000000000000e+00 4.434650997150997309e-01 4.302884615384615641e-01 8.012820512820512109e-03 9.081196581196581893e-03
0.000000000000000000e+00 4.535256410256410242e-01 5.502136752136752573e-01 6.054131054131053728e-03 1.495726495726495790e-02
0.000000000000000000e+00 4.592236467236467390e-01 5.467414529914529364e-01 5.698005698005698290e-03 1.442307692307692388e-02
0.000000000000000000e+00 3.100071225071225345e-01 6.550480769230768718e-01 9.615384615384615918e-03 7.211538461538461939e-03
0.000000000000000000e+00 3.423254985754985991e-01 6.362179487179486781e-01 9.437321937321937332e-03 6.944444444444444059e-03
0.000000000000000000e+00 4.064280626780626959e-01 6.591880341880341776e-01 1.086182336182336255e-02 9.615384615384615918e-03
0.000000000000000000e+00 4.160434472934472772e-01 6.559829059829059839e-01 7.300569800569800365e-03 7.478632478632478951e-03
0.000000000000000000e+00 4.464921652421652287e-01 6.447649572649573058e-01 1.014957264957264994e-02 8.547008547008547868e-03
0.000000000000000000e+00 4.580662393162392987e-01 6.410256410256410797e-01 8.012820512820512109e-03 7.478632478632478951e-03
0.000000000000000000e+00 5.415776353276353650e-01 2.609508547008547175e-01 5.519943019943019703e-03 1.602564102564102422e-02
0.000000000000000000e+00 5.501246438746438816e-01 2.628205128205128305e-01 5.163817663817663398e-03 1.549145299145299193e-02
0.000000000000000000e+00 5.702457264957264682e-01 3.177083333333333148e-01 5.163817663817663398e-03 1.522435897435897405e-02
0.000000000000000000e+00 5.775462962962962798e-01 3.178418803418803229e-01 4.451566951566951653e-03 1.282051282051282007e-02
0.000000000000000000e+00 5.161146723646723444e-01 4.939903846153846367e-01 5.876068376068376009e-03 1.362179487179487197e-02
0.000000000000000000e+00 5.113069800569800538e-01 6.196581196581196771e-01 1.050569800569800538e-02 1.014957264957264994e-02
0.000000000000000000e+00 5.983796296296296502e-01 5.650373931623932089e-01 1.050569800569800538e-02 7.745726495726495964e-03
0.000000000000000000e+00 6.663105413105413488e-01 5.865384615384615641e-01 7.834757834757835257e-03 6.944444444444444059e-03
0.000000000000000000e+00 4.075854700854700807e-01 3.131677350427350404e-01 1.032763532763532680e-02 1.255341880341880392e-02
0.000000000000000000e+00 6.428062678062678170e-01 5.114850427350427220e-02 4.273504273504273934e-03 1.095085470085470011e-02
0.000000000000000000e+00 6.592770655270655533e-01 4.594017094017094349e-02 4.451566951566951653e-03 1.495726495726495790e-02
0.000000000000000000e+00 6.589209401709401615e-01 6.116452991452991234e-02 4.807692307692307959e-03 1.442307692307692388e-02
0.000000000000000000e+00 6.690705128205127750e-01 7.505341880341880045e-02 7.656695156695156670e-03 7.478632478632478951e-03
0.000000000000000000e+00 6.599002849002848503e-01 9.361645299145299193e-02 4.985754985754985678e-03 1.522435897435897405e-02
0.000000000000000000e+00 6.141381766381766028e-01 1.274038461538461453e-01 1.032763532763532680e-02 8.012820512820512109e-03
0.000000000000000000e+00 6.272257834757835049e-01 1.272702991452991372e-01 9.437321937321937332e-03 8.279914529914529989e-03
0.000000000000000000e+00 6.430733618233618332e-01 1.456997863247863345e-01 5.163817663817663398e-03 1.362179487179487197e-02
0.000000000000000000e+00 6.431623931623932089e-01 1.642628205128205121e-01 5.341880341880341984e-03 1.549145299145299193e-02
0.000000000000000000e+00 6.258903133903134242e-01 1.354166666666666574e-01 8.190883190883190695e-03 6.944444444444444059e-03
0.000000000000000000e+00 6.797542735042735318e-01 1.634615384615384637e-01 1.086182336182336255e-02 8.547008547008547868e-03
0.000000000000000000e+00 6.808226495726495964e-01 1.730769230769230727e-01 8.012820512820512109e-03 6.410256410256410034e-03
0.000000000000000000e+00 6.444978632478632896e-01 2.100694444444444475e-01 4.807692307692307959e-03 1.469017094017094002e-02
0.000000000000000000e+00 6.906160968660968180e-01 2.172809829059829112e-01 5.876068376068376009e-03 1.522435897435897405e-02
0.000000000000000000e+00 6.494836182336182206e-01 3.146367521367521292e-01 4.807692307692307959e-03 1.549145299145299193e-02
0.000000000000000000e+00 7.889957264957264682e-01 5.271100427350426942e-01 5.341880341880341984e-03 1.362179487179487197e-02
0.000000000000000000e+00 7.865918803418803229e-01 5.436698717948718063e-01 6.232193732193732315e-03 1.575854700854700807e-02
0.000000000000000000e+00 7.757300569800569257e-01 5.472756410256410797e-01 6.232193732193732315e-03 1.549145299145299193e-02
0.000000000000000000e+00 8.159722222222222099e-01 8.012820512820512109e-03 8.012820512820512109e-03 1.228632478632478604e-02
0.000000000000000000e+00 8.099180911680912143e-01 2.283653846153846020e-02 7.656695156695156670e-03 1.095085470085470011e-02
0.000000000000000000e+00 8.436609686609686243e-01 5.555555555555555247e-02 8.547008547008547868e-03 1.335470085470085409e-02
0.000000000000000000e+00 8.920940170940171443e-01 1.570512820512820484e-01 8.547008547008547868e-03 1.549145299145299193e-02
0.000000000000000000e+00 8.337784900284900269e-01 2.545405982905982745e-01 9.793447293447292770e-03 1.068376068376068397e-02
0.000000000000000000e+00 8.312856125356125059e-01 2.654914529914529919e-01 1.513532763532763475e-02 1.709401709401709574e-02
0.000000000000000000e+00 8.576388888888888395e-01 4.114583333333333148e-01 6.944444444444444059e-03 1.469017094017094002e-02
0.000000000000000000e+00 7.529380341880341776e-01 6.288728632478632896e-01 7.656695156695156670e-03 8.814102564102564014e-03
0.000000000000000000e+00 7.669159544159543929e-01 6.347489316239316448e-01 7.478632478632478951e-03 7.745726495726495964e-03
0.000000000000000000e+00 7.821403133903134242e-01 6.422275641025640969e-01 1.264245014245014322e-02 1.148504273504273587e-02
0.000000000000000000e+00 8.045762108262107803e-01 6.530448717948718063e-01 8.725071225071224720e-03 9.615384615384615918e-03
0.000000000000000000e+00 8.152599715099715372e-01 6.590544871794872250e-01 9.437321937321937332e-03 9.882478632478632063e-03
0.000000000000000000e+00 8.271901709401708880e-01 6.513087606837606458e-01 9.081196581196581893e-03 9.882478632478632063e-03
0.000000000000000000e+00 9.007300569800569257e-01 6.422275641025640969e-01 1.086182336182336255e-02 1.095085470085470011e-02
0.000000000000000000e+00 8.781160968660968180e-01 6.593215811965812412e-01 1.121794871794871799e-02 1.041666666666666609e-02
0.000000000000000000e+00 8.655626780626780592e-01 6.889690170940171443e-01 8.903133903133903307e-03 8.814102564102564014e-03
0.000000000000000000e+00 9.190705128205127750e-01 7.446581196581196771e-01 7.300569800569800365e-03 1.388888888888888812e-02
0.000000000000000000e+00 9.661680911680912143e-01 7.429220085470085166e-01 1.032763532763532680e-02 1.201923076923076990e-02
0.000000000000000000e+00 8.644943019943019946e-01 5.948183760683760646e-01 6.410256410256410034e-03 1.388888888888888812e-02
0.000000000000000000e+00 8.985933048433047965e-01 6.104433760683760646e-01 6.588319088319088621e-03 1.362179487179487197e-02
0.000000000000000000e+00 8.686787749287748772e-01 5.793269230769231282e-01 5.876068376068376009e-03 1.282051282051282007e-02
0.000000000000000000e+00 7.249821937321937471e-01 7.622863247863247427e-01 6.588319088319088621e-03 1.442307692307692388e-02
0.000000000000000000e+00 7.237357549857549310e-01 8.369391025641025328e-01 6.232193732193732315e-03 1.469017094017094002e-02
0.000000000000000000e+00 7.392272079772079785e-01 9.010416666666666297e-01 6.232193732193732315e-03 1.469017094017094002e-02
0.000000000000000000e+00 7.556089743589743390e-01 9.592681623931623713e-01 6.944444444444444059e-03 1.522435897435897405e-02
0.000000000000000000e+00 5.948183760683760646e-01 7.124732905982905651e-01 9.437321937321937332e-03 1.148504273504273587e-02
0.000000000000000000e+00 5.989138176638176825e-01 7.198183760683760646e-01 8.012820512820512109e-03 1.335470085470085409e-02
0.000000000000000000e+00 3.798076923076922906e-01 6.935096153846154188e-01 4.985754985754985678e-03 1.789529914529914417e-02
0.000000000000000000e+00 3.669871794871794601e-01 7.007211538461538547e-01 5.341880341880341984e-03 1.682692307692307612e-02
0.000000000000000000e+00 3.665420227920228036e-01 7.163461538461538547e-01 4.451566951566951653e-03 1.282051282051282007e-02
0.000000000000000000e+00 3.720619658119658224e-01 7.441239316239316448e-01 7.300569800569800365e-03 1.442307692307692388e-02
0.000000000000000000e+00 3.485576923076922906e-01 7.698985042735042583e-01 7.656695156695156670e-03 1.415598290598290600e-02
0.000000000000000000e+00 3.460648148148148251e-01 8.051549145299145005e-01 5.876068376068376009e-03 1.201923076923076990e-02
0.000000000000000000e+00 3.264779202279202153e-01 8.222489316239316448e-01 6.944444444444444059e-03 1.308760683760683795e-02
0.000000000000000000e+00 3.346688034188033956e-01 8.338675213675214026e-01 6.944444444444444059e-03 1.282051282051282007e-02
0.000000000000000000e+00 3.210470085470085722e-01 8.352029914529914834e-01 7.478632478632478951e-03 1.388888888888888812e-02
0.000000000000000000e+00 3.226495726495726690e-01 8.627136752136752573e-01 7.478632478632478951e-03 1.388888888888888812e-02
0.000000000000000000e+00 3.177528490028490027e-01 8.747329059829059839e-01 4.807692307692307959e-03 9.081196581196581893e-03
0.000000000000000000e+00 2.810719373219373041e-01 9.317574786324785974e-01 6.944444444444444059e-03 1.308760683760683795e-02
0.000000000000000000e+00 3.045762108262108359e-01 9.702190170940171443e-01 9.081196581196581893e-03 7.745726495726495964e-03
0.000000000000000000e+00 3.011930199430199462e-01 9.875801282051281937e-01 9.081196581196581893e-03 9.882478632478632063e-03
0.000000000000000000e+00 1.593660968660968735e-01 6.804220085470085166e-01 5.698005698005698290e-03 1.415598290598290600e-02
0.000000000000000000e+00 1.607015669515669543e-01 6.979166666666666297e-01 5.519943019943019703e-03 1.495726495726495790e-02
0.000000000000000000e+00 1.640847578347578439e-01 7.194177350427350959e-01 5.163817663817663398e-03 1.362179487179487197e-02
0.000000000000000000e+00 1.670227920227920215e-01 7.524038461538461453e-01 5.698005698005698290e-03 1.602564102564102422e-02
0.000000000000000000e+00 1.986289173789173856e-01 8.230502136752136932e-01 5.876068376068376009e-03 1.629273504273504383e-02
0.000000000000000000e+00 2.047720797720797847e-01 8.210470085470085166e-01 6.054131054131053728e-03 1.655982905982905998e-02
0.000000000000000000e+00 2.140313390313390296e-01 8.191773504273504036e-01 5.698005698005698290e-03 1.655982905982905998e-02
0.000000000000000000e+00 2.002314814814814825e-01 9.770299145299145005e-01 5.163817663817663398e-03 1.495726495726495790e-02
0.000000000000000000e+00 1.805555555555555525e-01 9.938568376068376287e-01 4.629629629629629373e-03 1.121794871794871799e-02
0.000000000000000000e+00 1.753027065527065498e-01 9.947916666666666297e-01 4.807692307692307959e-03 9.348290598290598039e-03
0.000000000000000000e+00 1.705840455840455794e-01 9.958600427350426942e-01 4.629629629629629373e-03 7.745726495726495964e-03
0.000000000000000000e+00 3.766025641025640830e-02 6.697382478632478708e-01 1.014957264957264994e-02 8.279914529914529989e-03
0.000000000000000000e+00 3.997507122507122646e-02 6.879006410256410797e-01 1.014957264957264994e-02 8.279914529914529989e-03
0.000000000000000000e+00 4.042022792022791772e-02 6.964476495726495964e-01 8.903133903133903307e-03 7.745726495726495964e-03
0.000000000000000000e+00 5.056980056980057286e-02 7.011217948717948234e-01 6.766381766381766340e-03 1.388888888888888812e-02
0.000000000000000000e+00 5.217236467236466974e-02 7.111378205128204844e-01 7.834757834757835257e-03 1.308760683760683795e-02
0.000000000000000000e+00 5.350783475783475740e-02 7.170138888888888395e-01 8.012820512820512109e-03 1.415598290598290600e-02
0.000000000000000000e+00 5.439814814814814686e-02 7.254273504273504036e-01 7.656695156695156670e-03 1.121794871794871799e-02
0.000000000000000000e+00 5.573361823361823453e-02 7.314369658119658224e-01 8.190883190883190695e-03 1.308760683760683795e-02
0.000000000000000000e+00 4.006410256410256054e-03 7.753739316239316448e-01 5.876068376068376009e-03 1.442307692307692388e-02
0.000000000000000000e+00 2.003205128205128374e-02 7.686965811965812412e-01 4.807692307692307959e-03 1.282051282051282007e-02
0.000000000000000000e+00 2.421652421652421491e-02 7.682959401709401615e-01 4.629629629629629373e-03 1.308760683760683795e-02
0.000000000000000000e+00 2.840099715099714955e-02 7.673611111111111605e-01 4.451566951566951653e-03 1.388888888888888812e-02
0.000000000000000000e+00 3.196225071225071435e-02 7.669604700854700807e-01 4.095441595441595348e-03 1.201923076923076990e-02
0.000000000000000000e+00 6.650641025641025605e-02 7.588141025641025328e-01 5.876068376068376009e-03 1.549145299145299193e-02
0.000000000000000000e+00 7.015669515669516187e-02 7.847222222222222099e-01 6.054131054131053728e-03 1.495726495726495790e-02
0.000000000000000000e+00 7.220441595441595695e-02 7.987446581196581130e-01 5.876068376068376009e-03 1.308760683760683795e-02
0.000000000000000000e+00 7.656695156695156324e-02 8.250534188034187588e-01 6.410256410256410034e-03 1.388888888888888812e-02
0.000000000000000000e+00 7.861467236467235831e-02 8.409455128205127750e-01 6.232193732193732315e-03 1.469017094017094002e-02
0.000000000000000000e+00 8.190883190883191389e-02 8.591079059829059839e-01 5.698005698005698290e-03 1.469017094017094002e-02
0.000000000000000000e+00 9.196937321937322107e-02 8.712606837606837740e-01 5.876068376068376009e-03 1.655982905982905998e-02
0.000000000000000000e+00 8.600427350427350404e-02 8.818108974358974672e-01 6.054131054131053728e-03 1.415598290598290600e-02
0.000000000000000000e+00 8.912037037037036369e-02 9.001068376068376287e-01 6.232193732193732315e-03 1.228632478632478604e-02
0.000000000000000000e+00 9.250356125356125336e-02 9.165331196581196771e-01 6.232193732193732315e-03 1.575854700854700807e-02
0.000000000000000000e+00 9.588675213675214304e-02 9.337606837606837740e-01 6.232193732193732315e-03 1.549145299145299193e-02
0.000000000000000000e+00 1.081730769230769273e-01 9.441773504273504036e-01 5.876068376068376009e-03 1.121794871794871799e-02
0.000000000000000000e+00 9.668803418803419147e-02 9.833066239316239354e-01 5.341880341880341984e-03 1.255341880341880392e-02
0.000000000000000000e+00 1.113782051282051350e-01 9.851762820512820484e-01 4.451566951566951653e-03 5.608974358974358997e-03
0.000000000000000000e+00 1.124465811965811995e-01 9.925213675213675479e-01 4.807692307692307959e-03 6.944444444444444059e-03
