0.000000000000000000e+00 2.759971509971510112e-02 1.633279914529914556e-01 7.122507122507122646e-03 7.211538461538461939e-03
0.000000000000000000e+00 5.974002849002849058e-02 2.123397435897435848e-01 4.451566951566951653e-03 1.228632478632478604e-02
0.000000000000000000e+00 1.142272079772079785e-01 2.397168803418803507e-01 5.876068376068376009e-03 6.143162393162393022e-03
0.000000000000000000e+00 2.021011396011395886e-02 2.443910256410256332e-01 8.012820512820512109e-03 5.876068376068376009e-03
0.000000000000000000e+00 6.766381766381766340e-03 4.083867521367521292e-01 5.341880341880341984e-03 1.282051282051282007e-02
0.000000000000000000e+00 1.976495726495726413e-02 4.340277777777777901e-01 7.834757834757835257e-03 4.807692307692307959e-03
0.000000000000000000e+00 2.768874643874643868e-02 4.106570512820512664e-01 4.095441595441595348e-03 1.255341880341880392e-02
0.000000000000000000e+00 3.205128205128204844e-02 4.099893162393162260e-01 3.917378917378917629e-03 1.068376068376068397e-02
0.000000000000000000e+00 4.353632478632478431e-02 4.082532051282051211e-01 4.095441595441595348e-03 1.095085470085470011e-02
0.000000000000000000e+00 6.134259259259259439e-02 4.093215811965811857e-01 4.451566951566951653e-03 1.095085470085470011e-02
0.000000000000000000e+00 7.389601139601140178e-02 4.079861111111111049e-01 5.341880341880341984e-03 1.255341880341880392e-02
0.000000000000000000e+00 7.656695156695156324e-02 4.362980769230769273e-01 4.273504273504273934e-03 9.882478632478632063e-03
0.000000000000000000e+00 8.128561253561253364e-02 4.039797008547008628e-01 5.163817663817663398e-03 1.201923076923076990e-02
0.000000000000000000e+00 9.027777777777777624e-02 4.029113247863247982e-01 5.341880341880341984e-03 1.308760683760683795e-02
0.000000000000000000e+00 9.063390313390314035e-02 4.352297008547008628e-01 4.985754985754985678e-03 8.814102564102564014e-03
0.000000000000000000e+00 9.464031339031339640e-02 4.333600427350427498e-01 4.807692307692307959e-03 8.279914529914529989e-03
0.000000000000000000e+00 9.864672364672365246e-02 4.324252136752136932e-01 4.629629629629629373e-03 8.547008547008547868e-03
0.000000000000000000e+00 1.030092592592592587e-01 4.312232905982906206e-01 4.807692307692307959e-03 8.814102564102564014e-03
0.000000000000000000e+00 1.075498575498575471e-01 4.293536324786324521e-01 4.985754985754985678e-03 9.882478632478632063e-03
0.000000000000000000e+00 1.161858974358974395e-01 4.269497863247863068e-01 5.519943019943019703e-03 9.348290598290598039e-03
0.000000000000000000e+00 1.248219373219373179e-01 4.233440170940170888e-01 5.341880341880341984e-03 9.081196581196581893e-03
0.000000000000000000e+00 1.328347578347578439e-01 4.198717948717948789e-01 5.698005698005698290e-03 9.081196581196581893e-03
0.000000000000000000e+00 1.313212250712250673e-01 3.907585470085470081e-01 4.807692307692307959e-03 1.068376068376068397e-02
0.000000000000000000e+00 1.505519943019943130e-01 4.126602564102563875e-01 5.163817663817663398e-03 9.615384615384615918e-03
0.000000000000000000e+00 1.624821937321937193e-01 4.098557692307692180e-01 4.451566951566951653e-03 9.882478632478632063e-03
0.000000000000000000e+00 1.519764957264957139e-01 3.859508547008547175e-01 5.876068376068376009e-03 1.228632478632478604e-02
0.000000000000000000e+00 1.615028490028490027e-01 3.828792735042735318e-01 4.629629629629629373e-03 1.041666666666666609e-02
0.000000000000000000e+00 5.101495726495726413e-02 5.325854700854700807e-01 9.081196581196581893e-03 4.807692307692307959e-03
0.000000000000000000e+00 5.101495726495726413e-02 5.393963675213675479e-01 8.725071225071224720e-03 4.540598290598290947e-03
0.000000000000000000e+00 5.163817663817663745e-02 5.455395299145299193e-01 8.903133903133903307e-03 5.608974358974358997e-03
0.000000000000000000e+00 7.175925925925925875e-02 5.498130341880341776e-01 4.629629629629629373e-03 1.041666666666666609e-02
0.000000000000000000e+00 8.048433048433048520e-02 5.487446581196581130e-01 4.273504273504273934e-03 1.201923076923076990e-02
0.000000000000000000e+00 8.431267806267805920e-02 5.671741452991453381e-01 8.368945868945869282e-03 6.143162393162393022e-03
0.000000000000000000e+00 9.330484330484330180e-02 5.475427350427350959e-01 4.273504273504273934e-03 1.175213675213675202e-02
0.000000000000000000e+00 9.517450142450142869e-02 5.645032051282051766e-01 7.300569800569800365e-03 5.608974358974358997e-03
0.000000000000000000e+00 1.022970085470085444e-01 5.458066239316239354e-01 4.451566951566951653e-03 1.095085470085470011e-02
0.000000000000000000e+00 1.058582621082621023e-01 5.641025641025640969e-01 7.656695156695156670e-03 5.876068376068376009e-03
0.000000000000000000e+00 1.068376068376068327e-01 5.464743589743589203e-01 4.629629629629629373e-03 1.121794871794871799e-02
0.000000000000000000e+00 1.112891737891737870e-01 5.463408119658119677e-01 4.985754985754985678e-03 1.041666666666666609e-02
0.000000000000000000e+00 1.165420227920227897e-01 5.610309829059828557e-01 8.368945868945869282e-03 6.143162393162393022e-03
0.000000000000000000e+00 1.199252136752136794e-01 5.463408119658119677e-01 4.451566951566951653e-03 9.882478632478632063e-03
0.000000000000000000e+00 1.244658119658119677e-01 5.459401709401708880e-01 3.917378917378917629e-03 9.081196581196581893e-03
0.000000000000000000e+00 1.297186609686609704e-01 5.446047008547008073e-01 5.163817663817663398e-03 1.335470085470085409e-02
0.000000000000000000e+00 1.416488603988604045e-01 5.440705128205127750e-01 4.807692307692307959e-03 1.121794871794871799e-02
0.000000000000000000e+00 1.463675213675213749e-01 5.436698717948718063e-01 5.341880341880341984e-03 1.255341880341880392e-02
0.000000000000000000e+00 1.551816239316239354e-01 5.430021367521367104e-01 4.451566951566951653e-03 1.121794871794871799e-02
0.000000000000000000e+00 1.486823361823361722e-01 5.595619658119658224e-01 8.547008547008547868e-03 6.944444444444444059e-03
0.000000000000000000e+00 3.409900284900285045e-02 8.185096153846154188e-01 8.725071225071224720e-03 3.472222222222222029e-03
0.000000000000000000e+00 4.433760683760683968e-02 8.178418803418803229e-01 8.903133903133903307e-03 2.670940170940170992e-03
0.000000000000000000e+00 5.742521367521367243e-02 8.163728632478632896e-01 9.081196581196581893e-03 6.143162393162393022e-03
0.000000000000000000e+00 4.789886039886039754e-02 8.408119658119658224e-01 4.273504273504273934e-03 1.228632478632478604e-02
0.000000000000000000e+00 9.811253561253560629e-02 8.173076923076922906e-01 7.122507122507122646e-03 5.876068376068376009e-03
0.000000000000000000e+00 5.813746438746438677e-02 8.405448717948718063e-01 4.451566951566951653e-03 1.388888888888888812e-02
0.000000000000000000e+00 6.721866096866097040e-02 8.412126068376067911e-01 4.095441595441595348e-03 1.308760683760683795e-02
0.000000000000000000e+00 7.211538461538460898e-02 8.416132478632478708e-01 3.917378917378917629e-03 1.228632478632478604e-02
0.000000000000000000e+00 7.710113960113959553e-02 8.412126068376067911e-01 3.917378917378917629e-03 1.148504273504273587e-02
0.000000000000000000e+00 8.253205128205128027e-02 8.410790598290598385e-01 4.807692307692307959e-03 1.335470085470085409e-02
0.000000000000000000e+00 8.760683760683760091e-02 8.413461538461538547e-01 4.273504273504273934e-03 1.228632478632478604e-02
0.000000000000000000e+00 1.219729344729344744e-01 8.421474358974359031e-01 4.629629629629629373e-03 1.228632478632478604e-02
0.000000000000000000e+00 1.323896011396011319e-01 8.175747863247863068e-01 9.081196581196581893e-03 6.410256410256410034e-03
0.000000000000000000e+00 1.418269230769230727e-01 8.173076923076922906e-01 8.725071225071224720e-03 5.341880341880341984e-03
0.000000000000000000e+00 1.415598290598290565e-01 8.422809829059828557e-01 4.629629629629629373e-03 1.148504273504273587e-02
0.000000000000000000e+00 1.564280626780626682e-01 8.422809829059828557e-01 3.739316239316239476e-03 1.095085470085470011e-02
0.000000000000000000e+00 1.616809116809116709e-01 8.429487179487179516e-01 4.273504273504273934e-03 1.014957264957264994e-02
0.000000000000000000e+00 1.665776353276353372e-01 8.418803418803418870e-01 4.095441595441595348e-03 1.121794871794871799e-02
0.000000000000000000e+00 1.758368945868945821e-01 8.421474358974359031e-01 4.095441595441595348e-03 1.175213675213675202e-02
0.000000000000000000e+00 1.866987179487179516e-01 8.424145299145299193e-01 4.095441595441595348e-03 1.228632478632478604e-02
0.000000000000000000e+00 1.967592592592592726e-01 8.413461538461538547e-01 4.629629629629629373e-03 1.335470085470085409e-02
0.000000000000000000e+00 2.009437321937321830e-01 8.417467948717948234e-01 3.739316239316239476e-03 1.095085470085470011e-02
0.000000000000000000e+00 2.057514245014245013e-01 8.401442307692307265e-01 5.163817663817663398e-03 1.255341880341880392e-02
0.000000000000000000e+00 2.103810541310541238e-01 8.426816239316239354e-01 4.095441595441595348e-03 1.282051282051282007e-02
0.000000000000000000e+00 2.162571225071225067e-01 8.416132478632478708e-01 3.739316239316239476e-03 1.175213675213675202e-02
0.000000000000000000e+00 2.210648148148148251e-01 8.404113247863247427e-01 5.163817663817663398e-03 1.415598290598290600e-02
0.000000000000000000e+00 2.257834757834757955e-01 8.424145299145299193e-01 4.273504273504273934e-03 1.282051282051282007e-02
0.000000000000000000e+00 2.305911680911680861e-01 8.424145299145299193e-01 3.917378917378917629e-03 1.121794871794871799e-02
0.000000000000000000e+00 2.672720797720797847e-01 2.102029914529914556e-01 7.122507122507122646e-03 5.876068376068376009e-03
0.000000000000000000e+00 3.115206552706552556e-01 2.023237179487179516e-01 3.383190883190883170e-03 9.882478632478632063e-03
0.000000000000000000e+00 2.216880341880341776e-01 3.868856837606837740e-01 5.698005698005698290e-03 1.148504273504273587e-02
0.000000000000000000e+00 2.248931623931623991e-01 3.991720085470085722e-01 5.698005698005698290e-03 1.148504273504273587e-02
0.000000000000000000e+00 2.278311965811965767e-01 4.131944444444444198e-01 5.876068376068376009e-03 1.282051282051282007e-02
0.000000000000000000e+00 2.390491452991453103e-01 4.608707264957264682e-01 4.807692307692307959e-03 1.041666666666666609e-02
0.000000000000000000e+00 2.856125356125356340e-01 4.505876068376068466e-01 7.834757834757835257e-03 8.547008547008547868e-03
0.000000000000000000e+00 2.873041310541310511e-01 4.586004273504273310e-01 6.944444444444444059e-03 6.944444444444444059e-03
0.000000000000000000e+00 2.891737891737891641e-01 4.648771367521367659e-01 7.478632478632478951e-03 7.745726495726495964e-03
0.000000000000000000e+00 1.793091168091168197e-01 5.233707264957264682e-01 1.032763532763532680e-02 6.677350427350427046e-03
0.000000000000000000e+00 2.977207977207977363e-01 4.978632478632478708e-01 7.122507122507122646e-03 7.478632478632478951e-03
0.000000000000000000e+00 2.994123931623931534e-01 5.060096153846154188e-01 6.944444444444444059e-03 7.211538461538461939e-03
0.000000000000000000e+00 3.015491452991452825e-01 5.112179487179486781e-01 6.944444444444444059e-03 7.478632478632478951e-03
0.000000000000000000e+00 3.036858974358974117e-01 5.185630341880341776e-01 7.300569800569800365e-03 8.814102564102564014e-03
0.000000000000000000e+00 3.084935897435897578e-01 5.379273504273504036e-01 6.944444444444444059e-03 8.012820512820512109e-03
0.000000000000000000e+00 2.479522792022791911e-01 5.249732905982905651e-01 9.081196581196581893e-03 9.348290598290598039e-03
0.000000000000000000e+00 2.508903133903133686e-01 5.376602564102563875e-01 7.122507122507122646e-03 7.478632478632478951e-03
0.000000000000000000e+00 2.535612535612535856e-01 5.444711538461538547e-01 7.834757834757835257e-03 8.279914529914529989e-03
0.000000000000000000e+00 1.925747863247863345e-01 5.880074786324785974e-01 5.876068376068376009e-03 9.348290598290598039e-03
0.000000000000000000e+00 2.597934472934472772e-01 5.675747863247863068e-01 8.547008547008547868e-03 8.547008547008547868e-03
0.000000000000000000e+00 2.634437321937321830e-01 5.814636752136752573e-01 7.300569800569800365e-03 7.478632478632478951e-03
0.000000000000000000e+00 2.647792022792022637e-01 5.878739316239316448e-01 6.766381766381766340e-03 6.944444444444444059e-03
0.000000000000000000e+00 2.662927350427350404e-01 5.940170940170940161e-01 6.588319088319088621e-03 7.478632478632478951e-03
0.000000000000000000e+00 2.696759259259259300e-01 6.061698717948718063e-01 6.944444444444444059e-03 8.279914529914529989e-03
0.000000000000000000e+00 2.716346153846153633e-01 6.127136752136752573e-01 7.300569800569800365e-03 7.478632478632478951e-03
0.000000000000000000e+00 2.743945868945869004e-01 6.188568376068376287e-01 7.478632478632478951e-03 7.478632478632478951e-03
0.000000000000000000e+00 2.174145299145299193e-01 6.125801282051281937e-01 4.629629629629629373e-03 7.211538461538461939e-03
0.000000000000000000e+00 2.049501424501424529e-01 6.296741452991453381e-01 5.698005698005698290e-03 1.148504273504273587e-02
0.000000000000000000e+00 2.120726495726495686e-01 6.531784188034187588e-01 6.410256410256410034e-03 1.255341880341880392e-02
0.000000000000000000e+00 2.824074074074073848e-01 6.551816239316239354e-01 6.766381766381766340e-03 7.478632478632478951e-03
0.000000000000000000e+00 2.132300569800569812e-01 6.634615384615384359e-01 5.163817663817663398e-03 1.228632478632478604e-02
0.000000000000000000e+00 2.157229344729344744e-01 6.721420940170940161e-01 5.876068376068376009e-03 1.095085470085470011e-02
0.000000000000000000e+00 2.230235042735042861e-01 6.963141025641025328e-01 4.807692307692307959e-03 1.228632478632478604e-02
0.000000000000000000e+00 2.311253561253561184e-01 6.645299145299145005e-01 3.917378917378917629e-03 6.944444444444444059e-03
0.000000000000000000e+00 2.353098290598290565e-01 6.818910256410256610e-01 4.095441595441595348e-03 6.944444444444444059e-03
0.000000000000000000e+00 2.241809116809116709e-01 7.088675213675214026e-01 7.834757834757835257e-03 1.442307692307692388e-02
0.000000000000000000e+00 2.896189458689458762e-01 6.816239316239316448e-01 7.656695156695156670e-03 8.012820512820512109e-03
0.000000000000000000e+00 2.908653846153846367e-01 6.862980769230768718e-01 6.588319088319088621e-03 7.211538461538461939e-03
0.000000000000000000e+00 2.949608262108261991e-01 7.007211538461538547e-01 9.081196581196581893e-03 7.745726495726495964e-03
0.000000000000000000e+00 3.077813390313390296e-01 6.690705128205127750e-01 5.876068376068376009e-03 1.282051282051282007e-02
0.000000000000000000e+00 3.112535612535612395e-01 6.829594017094017255e-01 5.698005698005698290e-03 1.442307692307692388e-02
0.000000000000000000e+00 3.143696581196581130e-01 6.967147435897436125e-01 4.807692307692307959e-03 1.201923076923076990e-02
0.000000000000000000e+00 3.254095441595441507e-01 7.410523504273504036e-01 5.163817663817663398e-03 1.308760683760683795e-02
0.000000000000000000e+00 3.297720797720797847e-01 7.648237179487179516e-01 3.205128205128205017e-03 9.882478632478632063e-03
0.000000000000000000e+00 3.333333333333333148e-01 7.807158119658119677e-01 5.698005698005698290e-03 1.335470085470085409e-02
0.000000000000000000e+00 3.412571225071225345e-01 8.458867521367521292e-01 3.739316239316239476e-03 5.341880341880341984e-03
0.000000000000000000e+00 3.449964387464387605e-01 8.732638888888888395e-01 4.807692307692307959e-03 1.255341880341880392e-02
0.000000000000000000e+00 3.495370370370370350e-01 9.027777777777777901e-01 4.985754985754985678e-03 1.388888888888888812e-02
0.000000000000000000e+00 3.223824786324786529e-01 9.459134615384615641e-01 8.012820512820512109e-03 7.745726495726495964e-03
0.000000000000000000e+00 3.081374643874643660e-01 9.602029914529914834e-01 6.944444444444444059e-03 1.121794871794871799e-02
0.000000000000000000e+00 2.970085470085470081e-01 9.763621794871795156e-01 6.054131054131053728e-03 1.041666666666666609e-02
0.000000000000000000e+00 2.855235042735042583e-01 9.970619658119658224e-01 4.451566951566951653e-03 5.876068376068376009e-03
0.000000000000000000e+00 3.314636752136752018e-01 9.919871794871795156e-01 3.383190883190883170e-03 9.615384615384615918e-03
0.000000000000000000e+00 4.917200854700854440e-01 1.547809829059829112e-01 3.383190883190883170e-03 8.814102564102564014e-03
0.000000000000000000e+00 4.962606837606837740e-01 1.559829059829059839e-01 3.917378917378917629e-03 1.388888888888888812e-02
0.000000000000000000e+00 4.916310541310541238e-01 1.951121794871794879e-01 6.054131054131053728e-03 5.608974358974358997e-03
0.000000000000000000e+00 5.146011396011396233e-01 1.740117521367521292e-01 4.273504273504273934e-03 1.308760683760683795e-02
0.000000000000000000e+00 4.881588319088319139e-01 2.083333333333333426e-01 8.012820512820512109e-03 5.876068376068376009e-03
0.000000000000000000e+00 4.863782051282051211e-01 2.215544871794871695e-01 8.012820512820512109e-03 5.074786324786324972e-03
0.000000000000000000e+00 5.072115384615384359e-01 2.025908119658119677e-01 8.012820512820512109e-03 6.143162393162393022e-03
0.000000000000000000e+00 5.155804843304843121e-01 2.023237179487179516e-01 7.656695156695156670e-03 5.608974358974358997e-03
0.000000000000000000e+00 5.296474358974359031e-01 1.893696581196581130e-01 4.095441595441595348e-03 1.388888888888888812e-02
0.000000000000000000e+00 5.339209401709401615e-01 1.900373931623931534e-01 4.451566951566951653e-03 1.148504273504273587e-02
0.000000000000000000e+00 4.950142450142450135e-01 2.354433760683760646e-01 3.561253561253561323e-03 1.041666666666666609e-02
0.000000000000000000e+00 4.999109686609686798e-01 2.333066239316239354e-01 4.451566951566951653e-03 1.362179487179487197e-02
0.000000000000000000e+00 5.039173789173788665e-01 2.350427350427350404e-01 3.205128205128205017e-03 1.068376068376068397e-02
0.000000000000000000e+00 5.168269230769231282e-01 2.335737179487179516e-01 3.739316239316239476e-03 1.201923076923076990e-02
0.000000000000000000e+00 5.213675213675214026e-01 2.338408119658119677e-01 3.561253561253561323e-03 1.201923076923076990e-02
0.000000000000000000e+00 3.490918803418803229e-01 3.157051282051281937e-01 7.656695156695156670e-03 5.876068376068376009e-03
0.000000000000000000e+00 4.147970085470085722e-01 3.425480769230769273e-01 8.368945868945869282e-03 6.143162393162393022e-03
0.000000000000000000e+00 4.494301994301994063e-01 3.668536324786324521e-01 4.273504273504273934e-03 1.255341880341880392e-02
0.000000000000000000e+00 4.505876068376068466e-01 3.991720085470085722e-01 3.739316239316239476e-03 1.255341880341880392e-02
0.000000000000000000e+00 4.511217948717948789e-01 4.135950854700854440e-01 3.383190883190883170e-03 1.041666666666666609e-02
0.000000000000000000e+00 4.555733618233618332e-01 4.702190170940170888e-01 4.095441595441595348e-03 1.148504273504273587e-02
0.000000000000000000e+00 4.556623931623931534e-01 4.859775641025640969e-01 3.917378917378917629e-03 1.469017094017094002e-02
0.000000000000000000e+00 3.707264957264957417e-01 4.726228632478632341e-01 3.561253561253561323e-03 1.362179487179487197e-02
0.000000000000000000e+00 3.885327635327635587e-01 4.699519230769230727e-01 3.561253561253561323e-03 1.148504273504273587e-02
0.000000000000000000e+00 3.879985754985754709e-01 5.006677350427350959e-01 3.917378917378917629e-03 1.041666666666666609e-02
0.000000000000000000e+00 3.925391737891738009e-01 4.997329059829059839e-01 3.739316239316239476e-03 1.282051282051282007e-02
0.000000000000000000e+00 3.972578347578347713e-01 5.009348290598291120e-01 3.917378917378917629e-03 9.882478632478632063e-03
0.000000000000000000e+00 4.021545584045583821e-01 4.997329059829059839e-01 3.739316239316239476e-03 1.068376068376068397e-02
0.000000000000000000e+00 3.738425925925926152e-01 5.144230769230768718e-01 3.739316239316239476e-03 1.121794871794871799e-02
0.000000000000000000e+00 3.829237891737891641e-01 5.142895299145299193e-01 4.095441595441595348e-03 1.201923076923076990e-02
0.000000000000000000e+00 3.879985754985754709e-01 5.137553418803418870e-01 3.561253561253561323e-03 9.882478632478632063e-03
0.000000000000000000e+00 3.928952991452991372e-01 5.129540598290598385e-01 4.451566951566951653e-03 1.201923076923076990e-02
0.000000000000000000e+00 3.976139601139601076e-01 5.128205128205127750e-01 3.917378917378917629e-03 1.175213675213675202e-02
0.000000000000000000e+00 4.025106837606837740e-01 5.126869658119658224e-01 4.095441595441595348e-03 9.882478632478632063e-03
0.000000000000000000e+00 4.187143874643874386e-01 5.329861111111111605e-01 6.588319088319088621e-03 6.143162393162393022e-03
0.000000000000000000e+00 3.749109686609686798e-01 5.448717948717948234e-01 4.095441595441595348e-03 1.121794871794871799e-02
0.000000000000000000e+00 3.839031339031339085e-01 5.439369658119658224e-01 3.917378917378917629e-03 1.095085470085470011e-02
0.000000000000000000e+00 3.930733618233618332e-01 5.432692307692307265e-01 3.739316239316239476e-03 1.121794871794871799e-02
0.000000000000000000e+00 3.979700854700854440e-01 5.438034188034187588e-01 3.917378917378917629e-03 1.228632478632478604e-02
0.000000000000000000e+00 4.024216524216523982e-01 5.452724358974359031e-01 3.917378917378917629e-03 1.041666666666666609e-02
0.000000000000000000e+00 3.933404558404558493e-01 5.576923076923077094e-01 3.917378917378917629e-03 1.282051282051282007e-02
0.000000000000000000e+00 3.793625356125356340e-01 5.892094017094017255e-01 3.383190883190883170e-03 1.068376068376068397e-02
0.000000000000000000e+00 3.890669515669515910e-01 5.893429487179486781e-01 3.561253561253561323e-03 1.041666666666666609e-02
0.000000000000000000e+00 3.939636752136752018e-01 5.888087606837606458e-01 4.095441595441595348e-03 1.095085470085470011e-02
0.000000000000000000e+00 3.796296296296296502e-01 6.020299145299145005e-01 3.561253561253561323e-03 1.175213675213675202e-02
0.000000000000000000e+00 3.893340455840456071e-01 6.021634615384615641e-01 3.739316239316239476e-03 1.148504273504273587e-02
0.000000000000000000e+00 4.559294871794871695e-01 5.413995726495726135e-01 3.739316239316239476e-03 1.068376068376068397e-02
0.000000000000000000e+00 4.558404558404558493e-01 5.733173076923077094e-01 3.205128205128205017e-03 1.041666666666666609e-02
0.000000000000000000e+00 3.761574074074073848e-01 6.391559829059828557e-01 4.095441595441595348e-03 1.335470085470085409e-02
0.000000000000000000e+00 3.818554131054130996e-01 6.395566239316239354e-01 4.095441595441595348e-03 1.255341880341880392e-02
0.000000000000000000e+00 3.909366096866097040e-01 7.167467948717948234e-01 8.368945868945869282e-03 7.745726495726495964e-03
0.000000000000000000e+00 4.383012820512820484e-01 6.985844017094017255e-01 6.944444444444444059e-03 6.143162393162393022e-03
0.000000000000000000e+00 4.575320512820512664e-01 7.656250000000000000e-01 3.739316239316239476e-03 1.201923076923076990e-02
0.000000000000000000e+00 4.686609686609686798e-01 6.398237179487179516e-01 7.834757834757835257e-03 6.677350427350427046e-03
0.000000000000000000e+00 4.777421652421652287e-01 6.319444444444444198e-01 6.766381766381766340e-03 4.273504273504273934e-03
0.000000000000000000e+00 4.782763532763532610e-01 6.394230769230768718e-01 9.259259259259258745e-03 6.410256410256410034e-03
0.000000000000000000e+00 4.423076923076922906e-01 8.277243589743589203e-01 4.629629629629629373e-03 1.175213675213675202e-02
0.000000000000000000e+00 4.427528490028490027e-01 8.601762820512820484e-01 4.095441595441595348e-03 1.041666666666666609e-02
0.000000000000000000e+00 4.562856125356125614e-01 8.624465811965812412e-01 4.451566951566951653e-03 1.228632478632478604e-02
0.000000000000000000e+00 4.842414529914529919e-01 4.723557692307692180e-01 3.739316239316239476e-03 1.095085470085470011e-02
0.000000000000000000e+00 4.954594017094017255e-01 4.678151709401709435e-01 4.095441595441595348e-03 1.041666666666666609e-02
0.000000000000000000e+00 4.996438746438746636e-01 4.663461538461538547e-01 3.917378917378917629e-03 1.014957264957264994e-02
0.000000000000000000e+00 5.044515669515668987e-01 4.672809829059829112e-01 4.273504273504273934e-03 1.308760683760683795e-02
0.000000000000000000e+00 5.141559829059828557e-01 4.651442307692307820e-01 4.451566951566951653e-03 1.255341880341880392e-02
0.000000000000000000e+00 5.234152421652421561e-01 4.638087606837607013e-01 3.739316239316239476e-03 1.041666666666666609e-02
0.000000000000000000e+00 5.283119658119658224e-01 4.630074786324786529e-01 4.985754985754985678e-03 1.308760683760683795e-02
0.000000000000000000e+00 4.918091168091168197e-01 5.000000000000000000e-01 3.917378917378917629e-03 1.068376068376068397e-02
0.000000000000000000e+00 4.972400284900284628e-01 5.134882478632478708e-01 4.451566951566951653e-03 1.201923076923076990e-02
0.000000000000000000e+00 5.053418803418803229e-01 4.961271367521367659e-01 4.629629629629629373e-03 1.201923076923076990e-02
0.000000000000000000e+00 5.247507122507122368e-01 4.945245726495726690e-01 4.273504273504273934e-03 1.148504273504273587e-02
0.000000000000000000e+00 5.384615384615384359e-01 4.790331196581196771e-01 9.259259259259258745e-03 6.677350427350427046e-03
0.000000000000000000e+00 5.393518518518518601e-01 4.858440170940170888e-01 7.478632478632478951e-03 5.876068376068376009e-03
0.000000000000000000e+00 5.399750712250712681e-01 4.930555555555555802e-01 6.944444444444444059e-03 5.876068376068376009e-03
0.000000000000000000e+00 5.404202279202279247e-01 4.991987179487179516e-01 8.903133903133903307e-03 6.410256410256410034e-03
0.000000000000000000e+00 5.417556980056980054e-01 5.056089743589743390e-01 5.876068376068376009e-03 5.341880341880341984e-03
0.000000000000000000e+00 5.413995726495726135e-01 5.133547008547008073e-01 7.656695156695156670e-03 6.410256410256410034e-03
0.000000000000000000e+00 5.418447293447293811e-01 5.202991452991453381e-01 7.478632478632478951e-03 5.876068376068376009e-03
0.000000000000000000e+00 5.424679487179486781e-01 5.269764957264957417e-01 7.656695156695156670e-03 5.876068376068376009e-03
0.000000000000000000e+00 5.423789173789174134e-01 5.335202991452991927e-01 8.903133903133903307e-03 6.143162393162393022e-03
0.000000000000000000e+00 5.428240740740740700e-01 5.403311965811965489e-01 8.012820512820512109e-03 5.876068376068376009e-03
0.000000000000000000e+00 5.431801994301994618e-01 5.475427350427350959e-01 8.012820512820512109e-03 6.410256410256410034e-03
0.000000000000000000e+00 5.447827635327635587e-01 5.546207264957264682e-01 7.300569800569800365e-03 6.677350427350427046e-03
0.000000000000000000e+00 5.049857549857549310e-01 5.534188034188034511e-01 4.273504273504273934e-03 1.121794871794871799e-02
0.000000000000000000e+00 4.797898860398860377e-01 5.544871794871795156e-01 7.656695156695156670e-03 5.876068376068376009e-03
0.000000000000000000e+00 5.708689458689458762e-01 5.510149572649573058e-01 4.985754985754985678e-03 1.068376068376068397e-02
0.000000000000000000e+00 5.298254985754985436e-01 5.807959401709401615e-01 4.451566951566951653e-03 1.095085470085470011e-02
0.000000000000000000e+00 5.353454415954416179e-01 5.795940170940171443e-01 4.451566951566951653e-03 1.282051282051282007e-02
0.000000000000000000e+00 5.664173789173788665e-01 5.782585470085470636e-01 4.629629629629629373e-03 1.282051282051282007e-02
0.000000000000000000e+00 5.700676638176638278e-01 5.988247863247863068e-01 8.012820512820512109e-03 6.944444444444444059e-03
0.000000000000000000e+00 5.701566951566952035e-01 6.127136752136752573e-01 8.547008547008547868e-03 6.410256410256410034e-03
0.000000000000000000e+00 5.492343304843304574e-01 6.465010683760683552e-01 8.725071225071224720e-03 5.608974358974358997e-03
0.000000000000000000e+00 6.008725071225071712e-01 5.721153846153845812e-01 5.519943019943019703e-03 1.388888888888888812e-02
0.000000000000000000e+00 5.570690883190883014e-01 6.837606837606837740e-01 4.095441595441595348e-03 1.014957264957264994e-02
0.000000000000000000e+00 5.492343304843304574e-01 6.903044871794872250e-01 3.739316239316239476e-03 1.041666666666666609e-02
0.000000000000000000e+00 5.448717948717948234e-01 7.162126068376067911e-01 4.273504273504273934e-03 1.308760683760683795e-02
0.000000000000000000e+00 5.494123931623932089e-01 7.150106837606837740e-01 4.095441595441595348e-03 1.068376068376068397e-02
0.000000000000000000e+00 5.535968660968660915e-01 7.138087606837606458e-01 4.273504273504273934e-03 1.255341880341880392e-02
0.000000000000000000e+00 5.581374643874643660e-01 7.112713675213675479e-01 4.095441595441595348e-03 1.068376068376068397e-02
0.000000000000000000e+00 5.689992877492877632e-01 7.096688034188034511e-01 4.451566951566951653e-03 1.175213675213675202e-02
0.000000000000000000e+00 5.733618233618233972e-01 7.091346153846154188e-01 4.985754985754985678e-03 1.175213675213675202e-02
0.000000000000000000e+00 5.659722222222222099e-01 7.461271367521367104e-01 5.163817663817663398e-03 1.469017094017094002e-02
0.000000000000000000e+00 5.726495726495726135e-01 7.469284188034187588e-01 3.917378917378917629e-03 1.095085470085470011e-02
0.000000000000000000e+00 5.768340455840456071e-01 7.466613247863247427e-01 4.095441595441595348e-03 1.148504273504273587e-02
0.000000000000000000e+00 5.618767806267805920e-01 7.483974358974359031e-01 4.451566951566951653e-03 1.014957264957264994e-02
0.000000000000000000e+00 5.562678062678062529e-01 7.608173076923077094e-01 4.273504273504273934e-03 1.255341880341880392e-02
0.000000000000000000e+00 5.569800569800569257e-01 7.825854700854700807e-01 4.273504273504273934e-03 1.068376068376068397e-02
0.000000000000000000e+00 5.475427350427350959e-01 7.908653846153845812e-01 4.273504273504273934e-03 1.175213675213675202e-02
0.000000000000000000e+00 5.485220797720797847e-01 8.060897435897436125e-01 4.095441595441595348e-03 1.335470085470085409e-02
0.000000000000000000e+00 5.592058404558404305e-01 8.170405982905982745e-01 3.739316239316239476e-03 9.615384615384615918e-03
0.000000000000000000e+00 5.600071225071224790e-01 8.306623931623932089e-01 3.917378917378917629e-03 1.121794871794871799e-02
0.000000000000000000e+00 5.326745014245014564e-01 8.732638888888888395e-01 8.368945868945869282e-03 5.074786324786324972e-03
0.000000000000000000e+00 4.851317663817663606e-01 9.887820512820513219e-01 1.157407407407407343e-02 9.081196581196581893e-03
0.000000000000000000e+00 5.143340455840456071e-01 9.854433760683760646e-01 9.437321937321937332e-03 6.677350427350427046e-03
0.000000000000000000e+00 5.257300569800569257e-01 9.841079059829059839e-01 9.437321937321937332e-03 9.348290598290598039e-03
0.000000000000000000e+00 5.484330484330484090e-01 9.813034188034187588e-01 7.478632478632478951e-03 5.876068376068376009e-03
0.000000000000000000e+00 5.575142450142450690e-01 9.794337606837606458e-01 8.903133903133903307e-03 6.410256410256410034e-03
0.000000000000000000e+00 5.872507122507122368e-01 2.795138888888888951e-01 8.547008547008547868e-03 6.677350427350427046e-03
0.000000000000000000e+00 5.980235042735042583e-01 2.777777777777777901e-01 8.725071225071224720e-03 8.012820512820512109e-03
0.000000000000000000e+00 6.086182336182336394e-01 2.736378205128205399e-01 7.122507122507122646e-03 6.677350427350427046e-03
0.000000000000000000e+00 6.183226495726495964e-01 2.698985042735042583e-01 7.656695156695156670e-03 6.677350427350427046e-03
0.000000000000000000e+00 6.323896011396011874e-01 2.646901709401709435e-01 9.437321937321937332e-03 7.478632478632478951e-03
0.000000000000000000e+00 6.047898860398860377e-01 4.420405982905982745e-01 4.451566951566951653e-03 1.228632478632478604e-02
0.000000000000000000e+00 6.138710826210825866e-01 4.237446581196581130e-01 8.368945868945869282e-03 6.677350427350427046e-03
0.000000000000000000e+00 6.253561253561253919e-01 4.213408119658119677e-01 6.766381766381766340e-03 6.143162393162393022e-03
0.000000000000000000e+00 6.347934472934473327e-01 4.194711538461538547e-01 6.766381766381766340e-03 6.677350427350427046e-03
0.000000000000000000e+00 6.446759259259259300e-01 4.176014957264957417e-01 7.656695156695156670e-03 5.608974358974358997e-03
0.000000000000000000e+00 6.628383190883191389e-01 4.178685897435897578e-01 4.451566951566951653e-03 9.882478632478632063e-03
0.000000000000000000e+00 6.781517094017094349e-01 4.174679487179487336e-01 4.451566951566951653e-03 1.228632478632478604e-02
0.000000000000000000e+00 6.842058404558404305e-01 4.159989316239316448e-01 4.095441595441595348e-03 1.095085470085470011e-02
0.000000000000000000e+00 6.923967236467236663e-01 4.119925213675213471e-01 4.451566951566951653e-03 7.211538461538461939e-03
0.000000000000000000e+00 7.079772079772079785e-01 4.047809829059829112e-01 7.122507122507122646e-03 6.143162393162393022e-03
0.000000000000000000e+00 7.094017094017094349e-01 4.117254273504273310e-01 7.122507122507122646e-03 5.608974358974358997e-03
0.000000000000000000e+00 7.085113960113960108e-01 4.272168803418803229e-01 8.547008547008547868e-03 6.143162393162393022e-03
0.000000000000000000e+00 7.101139601139601076e-01 4.340277777777777901e-01 7.478632478632478951e-03 5.341880341880341984e-03
0.000000000000000000e+00 5.906339031339031820e-01 5.482104700854700807e-01 4.629629629629629373e-03 1.201923076923076990e-02
0.000000000000000000e+00 5.950854700854700807e-01 5.460737179487179516e-01 3.561253561253561323e-03 9.882478632478632063e-03
0.000000000000000000e+00 6.113782051282051766e-01 5.388621794871795156e-01 4.095441595441595348e-03 1.095085470085470011e-02
0.000000000000000000e+00 6.107549857549857686e-01 5.251068376068376287e-01 3.917378917378917629e-03 1.175213675213675202e-02
0.000000000000000000e+00 6.266025641025640969e-01 6.502403846153845812e-01 4.629629629629629373e-03 1.148504273504273587e-02
0.000000000000000000e+00 6.467236467236466835e-01 6.669337606837606458e-01 7.834757834757835257e-03 6.944444444444444059e-03
0.000000000000000000e+00 6.466346153846154188e-01 6.877670940170940161e-01 8.368945868945869282e-03 6.944444444444444059e-03
0.000000000000000000e+00 6.477920227920227481e-01 6.956463675213675479e-01 9.259259259259258745e-03 6.677350427350427046e-03
0.000000000000000000e+00 6.011396011396011874e-01 7.477297008547008073e-01 3.917378917378917629e-03 1.148504273504273587e-02
0.000000000000000000e+00 6.059472934472934780e-01 7.466613247863247427e-01 4.273504273504273934e-03 1.308760683760683795e-02
0.000000000000000000e+00 6.151175213675214026e-01 7.457264957264957417e-01 4.807692307692307959e-03 1.282051282051282007e-02
0.000000000000000000e+00 6.199252136752136932e-01 7.442574786324785974e-01 4.451566951566951653e-03 1.362179487179487197e-02
0.000000000000000000e+00 6.244658119658119677e-01 7.446581196581196771e-01 4.985754985754985678e-03 1.121794871794871799e-02
0.000000000000000000e+00 6.657763532763533165e-01 8.032852564102563875e-01 4.273504273504273934e-03 1.308760683760683795e-02
0.000000000000000000e+00 6.701388888888888395e-01 8.022168803418803229e-01 4.451566951566951653e-03 1.308760683760683795e-02
0.000000000000000000e+00 6.744123931623932089e-01 8.023504273504273865e-01 4.807692307692307959e-03 1.228632478632478604e-02
0.000000000000000000e+00 6.792200854700854995e-01 8.016826923076922906e-01 4.451566951566951653e-03 1.255341880341880392e-02
0.000000000000000000e+00 6.835826210826211335e-01 8.014155982905982745e-01 4.273504273504273934e-03 9.882478632478632063e-03
0.000000000000000000e+00 6.095975783475783283e-01 9.451121794871795156e-01 4.451566951566951653e-03 1.148504273504273587e-02
0.000000000000000000e+00 6.197471509971509418e-01 9.421741452991453381e-01 4.807692307692307959e-03 1.201923076923076990e-02
0.000000000000000000e+00 6.284722222222222099e-01 9.387019230769231282e-01 4.451566951566951653e-03 9.882478632478632063e-03
0.000000000000000000e+00 6.257122507122506727e-01 9.667467948717948234e-01 9.615384615384615918e-03 7.211538461538461939e-03
0.000000000000000000e+00 6.678240740740740700e-01 9.326923076923077094e-01 5.163817663817663398e-03 1.335470085470085409e-02
0.000000000000000000e+00 6.721866096866097040e-01 9.314903846153845812e-01 4.985754985754985678e-03 1.201923076923076990e-02
0.000000000000000000e+00 6.767272079772079785e-01 9.300213675213675479e-01 5.519943019943019703e-03 1.388888888888888812e-02
0.000000000000000000e+00 6.858974358974359031e-01 9.278846153846154188e-01 5.698005698005698290e-03 1.495726495726495790e-02
0.000000000000000000e+00 6.908831908831908342e-01 9.260149572649573058e-01 4.985754985754985678e-03 1.442307692307692388e-02
0.000000000000000000e+00 6.956018518518518601e-01 9.238782051282051766e-01 4.451566951566951653e-03 1.175213675213675202e-02
0.000000000000000000e+00 7.763532763532763337e-01 6.583867521367521569e-02 4.273504273504273934e-03 1.255341880341880392e-02
0.000000000000000000e+00 7.370904558404558493e-01 2.706997863247863068e-01 8.368945868945869282e-03 8.279914529914529989e-03
0.000000000000000000e+00 8.115206552706553111e-01 1.870993589743589758e-01 9.437321937321937332e-03 8.814102564102564014e-03
0.000000000000000000e+00 8.216702279202279247e-01 1.849626068376068466e-01 9.081196581196581893e-03 8.279914529914529989e-03
0.000000000000000000e+00 8.315527065527065220e-01 1.798878205128205121e-01 9.259259259259258745e-03 7.745726495726495964e-03
0.000000000000000000e+00 8.416132478632478708e-01 1.760149572649572780e-01 8.012820512820512109e-03 8.547008547008547868e-03
0.000000000000000000e+00 8.519408831908832358e-01 1.728098290598290565e-01 8.012820512820512109e-03 9.081196581196581893e-03
0.000000000000000000e+00 8.240740740740740700e-01 2.682959401709401615e-01 4.985754985754985678e-03 1.308760683760683795e-02
0.000000000000000000e+00 8.287037037037037202e-01 2.653579059829059839e-01 4.985754985754985678e-03 1.201923076923076990e-02
0.000000000000000000e+00 8.416132478632478708e-01 2.624198717948718063e-01 5.163817663817663398e-03 1.148504273504273587e-02
0.000000000000000000e+00 8.503383190883191389e-01 2.570779914529914278e-01 5.163817663817663398e-03 1.041666666666666609e-02
0.000000000000000000e+00 8.791844729344728826e-01 4.153311965811965628e-02 5.876068376068376009e-03 1.095085470085470011e-02
0.000000000000000000e+00 8.839921652421652842e-01 5.475427350427350404e-02 6.588319088319088621e-03 1.335470085470085409e-02
0.000000000000000000e+00 8.926282051282051766e-01 8.186431623931623991e-02 6.410256410256410034e-03 1.362179487179487197e-02
0.000000000000000000e+00 8.934294871794872250e-01 1.276709401709401615e-01 5.519943019943019703e-03 1.388888888888888812e-02
0.000000000000000000e+00 9.052706552706553111e-01 1.335470085470085409e-02 4.273504273504273934e-03 5.876068376068376009e-03
0.000000000000000000e+00 9.829059829059828557e-01 2.911324786324786390e-02 8.190883190883190695e-03 6.410256410256410034e-03
0.000000000000000000e+00 9.550391737891738009e-01 2.016559829059829181e-02 7.300569800569800365e-03 6.143162393162393022e-03
0.000000000000000000e+00 9.553062678062678170e-01 1.322115384615384602e-02 8.190883190883190695e-03 6.143162393162393022e-03
0.000000000000000000e+00 9.646545584045583821e-01 1.455662393162393195e-02 8.725071225071224720e-03 7.211538461538461939e-03
0.000000000000000000e+00 8.863069800569800538e-01 1.483707264957264960e-01 5.163817663817663398e-03 1.415598290598290600e-02
0.000000000000000000e+00 9.422186609686609149e-01 1.473023504273504314e-01 9.081196581196581893e-03 8.814102564102564014e-03
0.000000000000000000e+00 9.520121082621082476e-01 1.430288461538461453e-01 9.081196581196581893e-03 7.745726495726495964e-03
0.000000000000000000e+00 9.614494301994301884e-01 1.399572649572649596e-01 8.725071225071224720e-03 8.547008547008547868e-03
0.000000000000000000e+00 8.595975783475783283e-01 2.554754273504273310e-01 5.876068376068376009e-03 1.415598290598290600e-02
0.000000000000000000e+00 8.303952991452991927e-01 3.231837606837607013e-01 8.012820512820512109e-03 6.944444444444444059e-03
0.000000000000000000e+00 8.410790598290598385e-01 3.279914529914529919e-01 8.368945868945869282e-03 8.012820512820512109e-03
0.000000000000000000e+00 7.923789173789174134e-01 2.974091880341880323e-01 4.985754985754985678e-03 1.148504273504273587e-02
0.000000000000000000e+00 7.939814814814815103e-01 3.142361111111111049e-01 4.629629629629629373e-03 1.469017094017094002e-02
0.000000000000000000e+00 7.967414529914529364e-01 3.480235042735042583e-01 5.519943019943019703e-03 1.602564102564102422e-02
0.000000000000000000e+00 8.188212250712251228e-01 3.961004273504273310e-01 9.081196581196581893e-03 6.944444444444444059e-03
0.000000000000000000e+00 7.764423076923077094e-01 4.915865384615384359e-01 5.163817663817663398e-03 1.362179487179487197e-02
0.000000000000000000e+00 7.714565527065526673e-01 4.942574786324786529e-01 4.807692307692307959e-03 1.308760683760683795e-02
0.000000000000000000e+00 9.857549857549857686e-01 4.539262820512820484e-01 1.246438746438746463e-02 7.211538461538461939e-03
0.000000000000000000e+00 9.895833333333333703e-01 4.608707264957264682e-01 9.793447293447292770e-03 8.279914529914529989e-03
0.000000000000000000e+00 7.776887464387464144e-01 5.531517094017094349e-01 3.739316239316239476e-03 5.876068376068376009e-03
0.000000000000000000e+00 7.798254985754985436e-01 5.602297008547008073e-01 8.012820512820512109e-03 5.608974358974358997e-03
0.000000000000000000e+00 7.804487179487179516e-01 5.667735042735042583e-01 9.259259259259258745e-03 6.410256410256410034e-03
0.000000000000000000e+00 7.803596866096865758e-01 5.743856837606837740e-01 8.368945868945869282e-03 6.143162393162393022e-03
0.000000000000000000e+00 7.816061253561253919e-01 5.818643162393162260e-01 9.793447293447292770e-03 6.677350427350427046e-03
0.000000000000000000e+00 7.453703703703703498e-01 6.137820512820513219e-01 4.273504273504273934e-03 9.615384615384615918e-03
0.000000000000000000e+00 7.491987179487179516e-01 6.123130341880341776e-01 4.095441595441595348e-03 1.255341880341880392e-02
0.000000000000000000e+00 7.541844729344728826e-01 6.108440170940171443e-01 4.095441595441595348e-03 1.121794871794871799e-02
0.000000000000000000e+00 7.586360398860398924e-01 6.111111111111111605e-01 4.451566951566951653e-03 1.228632478632478604e-02
0.000000000000000000e+00 7.856125356125356340e-01 6.153846153846154188e-01 4.273504273504273934e-03 1.175213675213675202e-02
0.000000000000000000e+00 7.906873219373219408e-01 6.139155982905982745e-01 4.095441595441595348e-03 1.255341880341880392e-02
0.000000000000000000e+00 7.388710826210825866e-01 6.766826923076922906e-01 3.739316239316239476e-03 1.095085470085470011e-02
0.000000000000000000e+00 7.399394586894586512e-01 6.921741452991453381e-01 4.095441595441595348e-03 1.095085470085470011e-02
0.000000000000000000e+00 7.417200854700854995e-01 7.135416666666666297e-01 4.451566951566951653e-03 8.814102564102564014e-03
0.000000000000000000e+00 7.418091168091167642e-01 7.238247863247863068e-01 3.917378917378917629e-03 1.175213675213675202e-02
0.000000000000000000e+00 7.223112535612535856e-01 7.780448717948718063e-01 6.944444444444444059e-03 6.410256410256410034e-03
0.000000000000000000e+00 7.105591168091167642e-01 8.847489316239316448e-01 4.451566951566951653e-03 1.308760683760683795e-02
0.000000000000000000e+00 7.117165242165242045e-01 8.982371794871795156e-01 4.273504273504273934e-03 1.068376068376068397e-02
0.000000000000000000e+00 8.024394586894586512e-01 9.242788461538461453e-01 7.300569800569800365e-03 5.608974358974358997e-03
0.000000000000000000e+00 8.256766381766381668e-01 9.925213675213675479e-01 5.341880341880341984e-03 1.228632478632478604e-02
0.000000000000000000e+00 6.169871794871795156e-02 2.469284188034188143e-01 8.725071225071224720e-03 8.279914529914529989e-03
0.000000000000000000e+00 5.525284900284900269e-01 4.384348290598290565e-01 4.273504273504273934e-03 5.608974358974358997e-03
0.000000000000000000e+00 6.191239316239316448e-01 4.926549145299145560e-01 9.259259259259258745e-03 7.211538461538461939e-03
0.000000000000000000e+00 3.408119658119658224e-01 2.198183760683760646e-01 7.834757834757835257e-03 6.410256410256410034e-03
