0.000000000000000000e+00 2.662927350427350404e-01 4.077190170940170888e-01 5.876068376068376009e-03 1.255341880341880392e-02
0.000000000000000000e+00 2.447471509971509973e-01 4.469818376068376287e-01 1.121794871794871799e-02 1.201923076923076990e-02
0.000000000000000000e+00 2.853454415954416179e-01 4.468482905982906206e-01 6.944444444444444059e-03 1.495726495726495790e-02
0.000000000000000000e+00 2.420762108262108359e-01 5.411324786324785974e-01 8.368945868945869282e-03 1.388888888888888812e-02
0.000000000000000000e+00 2.962072649572649596e-01 4.464476495726495964e-01 5.876068376068376009e-03 1.255341880341880392e-02
0.000000000000000000e+00 2.669159544159543929e-01 5.164262820512820484e-01 1.139601139601139658e-02 1.469017094017094002e-02
0.000000000000000000e+00 2.730591168091168197e-01 5.198985042735042583e-01 1.121794871794871799e-02 1.522435897435897405e-02
0.000000000000000000e+00 2.798254985754985991e-01 5.227029914529914834e-01 7.656695156695156670e-03 1.068376068376068397e-02
0.000000000000000000e+00 2.858796296296296502e-01 5.253739316239316448e-01 9.437321937321937332e-03 1.495726495726495790e-02
0.000000000000000000e+00 2.934472934472934225e-01 5.283119658119658224e-01 7.122507122507122646e-03 1.388888888888888812e-02
0.000000000000000000e+00 3.016381766381766583e-01 5.287126068376067911e-01 6.054131054131053728e-03 1.575854700854700807e-02
0.000000000000000000e+00 3.232727920227920215e-01 5.301816239316239354e-01 1.371082621082621127e-02 1.228632478632478604e-02
0.000000000000000000e+00 3.383190883190883014e-01 5.194978632478632896e-01 1.103988603988603941e-02 1.388888888888888812e-02
0.000000000000000000e+00 3.435719373219373041e-01 5.032051282051281937e-01 1.121794871794871799e-02 1.014957264957264994e-02
0.000000000000000000e+00 3.454415954415954171e-01 4.947916666666666852e-01 1.353276353276353268e-02 9.348290598290598039e-03
0.000000000000000000e+00 3.442841880341880323e-01 4.854433760683760646e-01 1.121794871794871799e-02 9.348290598290598039e-03
0.000000000000000000e+00 3.034188034188033956e-01 4.464476495726495964e-01 6.766381766381766340e-03 1.469017094017094002e-02
0.000000000000000000e+00 3.091168091168091103e-01 4.476495726495726690e-01 6.054131054131053728e-03 1.335470085470085409e-02
0.000000000000000000e+00 3.163283475783476018e-01 4.489850427350427498e-01 8.012820512820512109e-03 1.335470085470085409e-02
0.000000000000000000e+00 3.229166666666666852e-01 4.499198717948718063e-01 1.014957264957264994e-02 1.469017094017094002e-02
0.000000000000000000e+00 3.279914529914529919e-01 4.539262820512820484e-01 9.259259259259258745e-03 1.255341880341880392e-02
0.000000000000000000e+00 3.349358974358974117e-01 4.575320512820512664e-01 1.103988603988603941e-02 1.442307692307692388e-02
0.000000000000000000e+00 3.400106837606837740e-01 4.639423076923077094e-01 1.086182336182336255e-02 1.175213675213675202e-02
0.000000000000000000e+00 3.429487179487179516e-01 4.708867521367521292e-01 1.282051282051282007e-02 1.068376068376068397e-02
0.000000000000000000e+00 3.453525641025640969e-01 4.767628205128205399e-01 1.121794871794871799e-02 8.547008547008547868e-03
0.000000000000000000e+00 3.271011396011396233e-01 4.322916666666666852e-01 1.246438746438746463e-02 9.882478632478632063e-03
0.000000000000000000e+00 3.522079772079771964e-01 4.329594017094017255e-01 1.103988603988603941e-02 1.068376068376068397e-02
0.000000000000000000e+00 3.822115384615384359e-01 4.805021367521367659e-01 1.121794871794871799e-02 8.012820512820512109e-03
0.000000000000000000e+00 5.247507122507122368e-01 5.723824786324785974e-01 6.054131054131053728e-03 1.602564102564102422e-02
0.000000000000000000e+00 5.334757834757835049e-01 5.730502136752136932e-01 6.054131054131053728e-03 1.522435897435897405e-02
0.000000000000000000e+00 4.754273504273504036e-01 6.204594017094017255e-01 6.410256410256410034e-03 1.442307692307692388e-02
0.000000000000000000e+00 4.569088319088319139e-01 6.368856837606837740e-01 1.246438746438746463e-02 8.814102564102564014e-03
0.000000000000000000e+00 4.578881766381766583e-01 6.452991452991453381e-01 1.335470085470085409e-02 1.014957264957264994e-02
0.000000000000000000e+00 4.342948717948718063e-01 6.559829059829059839e-01 5.341880341880341984e-03 1.121794871794871799e-02
0.000000000000000000e+00 4.541488603988603767e-01 6.704059829059828557e-01 1.193019943019943060e-02 9.081196581196581893e-03
0.000000000000000000e+00 4.531695156695156879e-01 6.870993589743589203e-01 1.175213675213675202e-02 9.348290598290598039e-03
0.000000000000000000e+00 4.543269230769230727e-01 6.968482905982905651e-01 1.477920227920227932e-02 1.014957264957264994e-02
0.000000000000000000e+00 4.529914529914529919e-01 7.143429487179486781e-01 1.353276353276353268e-02 9.348290598290598039e-03
0.000000000000000000e+00 4.532585470085470081e-01 7.228899572649573058e-01 1.193019943019943060e-02 9.882478632478632063e-03
0.000000000000000000e+00 4.540598290598290565e-01 7.325053418803418870e-01 1.175213675213675202e-02 1.095085470085470011e-02
0.000000000000000000e+00 4.504985754985754709e-01 7.514690170940171443e-01 1.139601139601139658e-02 9.348290598290598039e-03
0.000000000000000000e+00 4.675035612535612395e-01 7.493322649572649041e-01 6.944444444444444059e-03 2.003205128205128374e-02
0.000000000000000000e+00 4.666132478632478708e-01 6.756143162393162260e-01 6.944444444444444059e-03 1.736111111111111188e-02
0.000000000000000000e+00 5.047186609686609149e-01 6.057692307692307265e-01 6.944444444444444059e-03 1.869658119658119608e-02
0.000000000000000000e+00 5.118411680911680861e-01 6.075053418803418870e-01 5.876068376068376009e-03 1.415598290598290600e-02
0.000000000000000000e+00 5.255519943019942852e-01 6.068376068376067911e-01 7.656695156695156670e-03 1.655982905982905998e-02
0.000000000000000000e+00 5.045405982905982745e-01 6.266025641025640969e-01 6.232193732193732315e-03 1.655982905982905998e-02
0.000000000000000000e+00 5.116631054131054457e-01 6.268696581196581130e-01 6.588319088319088621e-03 1.655982905982905998e-02
0.000000000000000000e+00 5.193198005698005382e-01 6.272702991452991927e-01 6.588319088319088621e-03 1.629273504273504383e-02
0.000000000000000000e+00 5.266203703703703498e-01 6.271367521367521292e-01 6.232193732193732315e-03 1.549145299145299193e-02
0.000000000000000000e+00 5.345441595441595695e-01 6.288728632478632896e-01 6.410256410256410034e-03 1.789529914529914417e-02
0.000000000000000000e+00 4.851317663817663606e-01 6.642628205128204844e-01 6.588319088319088621e-03 1.442307692307692388e-02
0.000000000000000000e+00 4.925213675213675479e-01 6.647970085470085166e-01 6.410256410256410034e-03 1.495726495726495790e-02
0.000000000000000000e+00 4.998219373219373041e-01 6.669337606837606458e-01 6.410256410256410034e-03 1.549145299145299193e-02
0.000000000000000000e+00 5.154914529914529364e-01 6.674679487179486781e-01 7.122507122507122646e-03 1.655982905982905998e-02
0.000000000000000000e+00 5.228810541310541238e-01 6.673344017094017255e-01 6.588319088319088621e-03 1.896367521367521222e-02
0.000000000000000000e+00 4.836182336182336394e-01 7.024572649572649041e-01 7.122507122507122646e-03 1.655982905982905998e-02
0.000000000000000000e+00 4.920762108262108359e-01 7.041933760683760646e-01 5.876068376068376009e-03 1.362179487179487197e-02
0.000000000000000000e+00 4.853988603988603767e-01 7.218215811965812412e-01 1.246438746438746463e-02 1.041666666666666609e-02
0.000000000000000000e+00 4.846866096866097040e-01 7.306356837606837740e-01 1.317663817663817724e-02 9.348290598290598039e-03
0.000000000000000000e+00 4.830840455840456071e-01 7.410523504273504036e-01 1.566951566951567051e-02 1.201923076923076990e-02
0.000000000000000000e+00 4.829059829059829112e-01 7.502670940170940161e-01 1.460113960113960073e-02 1.121794871794871799e-02
0.000000000000000000e+00 3.749109686609686798e-01 8.876869658119658224e-01 1.940883190883191042e-02 1.682692307692307612e-02
0.000000000000000000e+00 3.579059829059829112e-01 9.855769230769231282e-01 1.424501424501424529e-02 1.175213675213675202e-02
0.000000000000000000e+00 3.978810541310541238e-01 9.604700854700854995e-01 1.371082621082621127e-02 1.175213675213675202e-02
0.000000000000000000e+00 4.058938746438746636e-01 8.656517094017094349e-01 7.300569800569800365e-03 1.549145299145299193e-02
0.000000000000000000e+00 4.137286324786324521e-01 8.668536324786324521e-01 8.012820512820512109e-03 1.682692307692307612e-02
0.000000000000000000e+00 4.582443019943019946e-01 8.894230769230768718e-01 1.406695156695156670e-02 1.014957264957264994e-02
0.000000000000000000e+00 4.593126780626780592e-01 8.994391025641025328e-01 1.513532763532763475e-02 1.148504273504273587e-02
0.000000000000000000e+00 4.576210826210826421e-01 9.103899572649573058e-01 1.602564102564102422e-02 1.148504273504273587e-02
0.000000000000000000e+00 4.561965811965811857e-01 9.208066239316239354e-01 1.709401709401709574e-02 1.522435897435897405e-02
0.000000000000000000e+00 4.531695156695156879e-01 9.416399572649573058e-01 1.566951566951567051e-02 1.201923076923076990e-02
0.000000000000000000e+00 4.526353276353276556e-01 9.537927350427350959e-01 1.780626780626780661e-02 1.068376068376068397e-02
0.000000000000000000e+00 4.504095441595441507e-01 9.642094017094017255e-01 1.584757834757834910e-02 1.068376068376068397e-02
0.000000000000000000e+00 4.492521367521367659e-01 9.754273504273504036e-01 1.460113960113960073e-02 1.121794871794871799e-02
0.000000000000000000e+00 4.476495726495726690e-01 9.873130341880341776e-01 1.531339031339031334e-02 1.095085470085470011e-02
0.000000000000000000e+00 4.459579772079771964e-01 9.965277777777777901e-01 1.406695156695156670e-02 6.410256410256410034e-03
0.000000000000000000e+00 1.607905982905983022e-01 8.024839743589743390e-01 1.282051282051282007e-02 1.095085470085470011e-02
0.000000000000000000e+00 2.008547008547008628e-01 8.059561965811965489e-01 1.531339031339031334e-02 8.279914529914529989e-03
0.000000000000000000e+00 2.038817663817663883e-01 7.166132478632478708e-01 1.210826210826210746e-02 1.014957264957264994e-02
0.000000000000000000e+00 1.988960113960114018e-01 7.288995726495726135e-01 1.210826210826210746e-02 1.014957264957264994e-02
0.000000000000000000e+00 1.995192307692307820e-01 7.410523504273504036e-01 1.264245014245014322e-02 1.095085470085470011e-02
0.000000000000000000e+00 2.071759259259259300e-01 6.965811965811965489e-01 1.157407407407407343e-02 9.615384615384615918e-03
0.000000000000000000e+00 2.491987179487179516e-01 6.967147435897436125e-01 1.228632478632478604e-02 9.882478632478632063e-03
0.000000000000000000e+00 2.468839031339031265e-01 7.076655982905982745e-01 1.264245014245014322e-02 9.348290598290598039e-03
0.000000000000000000e+00 2.443019943019943130e-01 7.166132478632478708e-01 1.246438746438746463e-02 6.944444444444444059e-03
0.000000000000000000e+00 2.352207977207977085e-01 7.741720085470085166e-01 1.531339031339031334e-02 1.148504273504273587e-02
0.000000000000000000e+00 2.535612535612535856e-01 7.753739316239316448e-01 1.388888888888888812e-02 1.014957264957264994e-02
0.000000000000000000e+00 2.729700854700854440e-01 7.781784188034187588e-01 1.460113960113960073e-02 1.041666666666666609e-02
0.000000000000000000e+00 2.918447293447293256e-01 7.808493589743589203e-01 1.531339031339031334e-02 9.882478632478632063e-03
0.000000000000000000e+00 2.962962962962962798e-01 8.203792735042735318e-01 1.103988603988603941e-02 9.882478632478632063e-03
0.000000000000000000e+00 3.108974358974359031e-01 7.825854700854700807e-01 1.388888888888888812e-02 1.121794871794871799e-02
0.000000000000000000e+00 3.303952991452991372e-01 7.843215811965812412e-01 1.513532763532763475e-02 1.041666666666666609e-02
0.000000000000000000e+00 3.494480056980057148e-01 7.860576923076922906e-01 1.371082621082621127e-02 1.068376068376068397e-02
0.000000000000000000e+00 3.682336182336182206e-01 7.879273504273504036e-01 1.353276353276353268e-02 1.068376068376068397e-02
0.000000000000000000e+00 1.442307692307692388e-02 7.423878205128204844e-01 1.424501424501424529e-02 9.348290598290598039e-03
0.000000000000000000e+00 2.946937321937322107e-02 7.449252136752136932e-01 1.228632478632478604e-02 9.615384615384615918e-03
0.000000000000000000e+00 7.816951566951567398e-02 7.516025641025640969e-01 1.638176638176638139e-02 1.068376068376068397e-02
0.000000000000000000e+00 9.837962962962963631e-02 7.548076923076922906e-01 1.584757834757834910e-02 1.121794871794871799e-02
0.000000000000000000e+00 1.460113960113960073e-02 3.352029914529914278e-01 9.259259259259258745e-03 1.121794871794871799e-02
0.000000000000000000e+00 5.787037037037036716e-03 3.231837606837607152e-02 7.656695156695156670e-03 8.012820512820512109e-03
0.000000000000000000e+00 1.395121082621082753e-01 1.314102564102564152e-01 8.368945868945869282e-03 9.081196581196581893e-03
0.000000000000000000e+00 1.469017094017094002e-02 3.779380341880341637e-02 9.081196581196581893e-03 9.882478632478632063e-03
0.000000000000000000e+00 1.780626780626780661e-02 5.769230769230769551e-02 9.259259259259258745e-03 9.615384615384615918e-03
0.000000000000000000e+00 2.706552706552706536e-02 6.276709401709401615e-02 7.122507122507122646e-03 7.478632478632478951e-03
0.000000000000000000e+00 3.409900284900285045e-02 6.757478632478632063e-02 8.012820512820512109e-03 8.012820512820512109e-03
0.000000000000000000e+00 5.154914529914529642e-02 7.972756410256409687e-02 9.081196581196581893e-03 8.279914529914529989e-03
0.000000000000000000e+00 2.439458689458689350e-02 4.420405982905983161e-02 7.834757834757835257e-03 7.745726495726495964e-03
0.000000000000000000e+00 3.472222222222222376e-02 5.101495726495726413e-02 8.903133903133903307e-03 7.478632478632478951e-03
0.000000000000000000e+00 4.362535612535612534e-02 5.689102564102564014e-02 1.103988603988603941e-02 1.068376068376068397e-02
0.000000000000000000e+00 9.330484330484330180e-02 8.760683760683760091e-02 7.834757834757835257e-03 8.547008547008547868e-03
0.000000000000000000e+00 1.022970085470085444e-01 9.375000000000000000e-02 9.081196581196581893e-03 8.547008547008547868e-03
0.000000000000000000e+00 1.091524216524216578e-01 9.842414529914529642e-02 8.903133903133903307e-03 8.279914529914529989e-03
0.000000000000000000e+00 6.364850427350426942e-01 1.697382478632478708e-01 6.588319088319088621e-03 1.148504273504273587e-02
0.000000000000000000e+00 6.077279202279202153e-01 3.178418803418803229e-02 5.341880341880341984e-03 9.081196581196581893e-03
0.000000000000000000e+00 9.114138176638176825e-01 7.954059829059828557e-01 1.477920227920227932e-02 1.121794871794871799e-02
0.000000000000000000e+00 9.510327635327635587e-01 7.893963675213675479e-01 1.673789173789173856e-02 1.308760683760683795e-02
0.000000000000000000e+00 9.769408831908832358e-01 7.840544871794872250e-01 1.620370370370370280e-02 1.095085470085470011e-02
0.000000000000000000e+00 7.760861823361823175e-01 6.229967948717948234e-01 6.944444444444444059e-03 1.949786324786324798e-02
0.000000000000000000e+00 6.192129629629629095e-01 3.851495726495726690e-01 6.232193732193732315e-03 1.602564102564102422e-02
0.000000000000000000e+00 6.984508547008546619e-01 5.269764957264957417e-01 5.876068376068376009e-03 1.495726495726495790e-02
0.000000000000000000e+00 6.894586894586894887e-01 5.751869658119658224e-01 6.054131054131053728e-03 1.629273504273504383e-02
0.000000000000000000e+00 6.911502849002848503e-01 6.006944444444444198e-01 6.944444444444444059e-03 1.655982905982905998e-02
0.000000000000000000e+00 7.250712250712251228e-01 3.946314102564102422e-01 5.698005698005698290e-03 1.308760683760683795e-02
0.000000000000000000e+00 7.386039886039885705e-01 4.258814102564102422e-01 5.341880341880341984e-03 1.201923076923076990e-02
0.000000000000000000e+00 7.466168091168091658e-01 4.260149572649572502e-01 5.341880341880341984e-03 1.282051282051282007e-02
0.000000000000000000e+00 7.540954415954416179e-01 4.265491452991452825e-01 5.341880341880341984e-03 1.442307692307692388e-02
0.000000000000000000e+00 7.389601139601139623e-01 3.947649572649572502e-01 5.341880341880341984e-03 1.175213675213675202e-02
0.000000000000000000e+00 7.524928774928775210e-01 3.924946581196581130e-01 5.698005698005698290e-03 1.308760683760683795e-02
0.000000000000000000e+00 7.660256410256410797e-01 3.910256410256410242e-01 5.698005698005698290e-03 1.549145299145299193e-02
0.000000000000000000e+00 7.860576923076922906e-01 4.513888888888888951e-01 7.656695156695156670e-03 1.495726495726495790e-02
0.000000000000000000e+00 7.897970085470085166e-01 4.375000000000000000e-01 8.012820512820512109e-03 1.602564102564102422e-02
0.000000000000000000e+00 8.031517094017094349e-01 3.741987179487179516e-01 6.944444444444444059e-03 1.228632478632478604e-02
0.000000000000000000e+00 8.279024216524216717e-01 3.855502136752136932e-01 8.012820512820512109e-03 1.469017094017094002e-02
0.000000000000000000e+00 8.315527065527065220e-01 3.715277777777777901e-01 7.478632478632478951e-03 1.388888888888888812e-02
0.000000000000000000e+00 8.126780626780626404e-01 3.329326923076922906e-01 7.834757834757835257e-03 1.415598290598290600e-02
0.000000000000000000e+00 8.336004273504273865e-01 3.376068376068376287e-01 6.944444444444444059e-03 1.175213675213675202e-02
0.000000000000000000e+00 8.687678062678062529e-01 5.388621794871795156e-01 1.353276353276353268e-02 8.814102564102564014e-03
0.000000000000000000e+00 9.079415954415954726e-01 5.364583333333333703e-01 1.103988603988603941e-02 9.348290598290598039e-03
0.000000000000000000e+00 9.236111111111111605e-01 5.351228632478632896e-01 1.282051282051282007e-02 8.814102564102564014e-03
0.000000000000000000e+00 9.388354700854700807e-01 5.328525641025640969e-01 1.228632478632478604e-02 8.547008547008547868e-03
0.000000000000000000e+00 9.568198005698005382e-01 5.320512820512820484e-01 1.691595441595441715e-02 1.014957264957264994e-02
0.000000000000000000e+00 7.952279202279202153e-01 3.170405982905982745e-01 1.139601139601139658e-02 9.081196581196581893e-03
0.000000000000000000e+00 7.958511396011396233e-01 3.104967948717948789e-01 1.121794871794871799e-02 7.745726495726495964e-03
0.000000000000000000e+00 7.973646723646723444e-01 3.052884615384615641e-01 9.615384615384615918e-03 7.478632478632478951e-03
0.000000000000000000e+00 7.982549857549857686e-01 2.984775641025640969e-01 1.175213675213675202e-02 9.348290598290598039e-03
0.000000000000000000e+00 7.993233618233618332e-01 2.930021367521367659e-01 9.615384615384615918e-03 9.081196581196581893e-03
0.000000000000000000e+00 8.000356125356125059e-01 2.853899572649572502e-01 1.388888888888888812e-02 1.308760683760683795e-02
0.000000000000000000e+00 8.063568376068376287e-01 2.752403846153846367e-01 1.050569800569800538e-02 9.882478632478632063e-03
0.000000000000000000e+00 8.164173789173788665e-01 3.169070512820512664e-01 5.698005698005698290e-03 1.148504273504273587e-02
0.000000000000000000e+00 8.063568376068376287e-01 2.677617521367521292e-01 1.513532763532763475e-02 1.308760683760683795e-02
0.000000000000000000e+00 8.081374643874643660e-01 2.620192307692307820e-01 1.086182336182336255e-02 6.944444444444444059e-03
0.000000000000000000e+00 8.093839031339031820e-01 2.578792735042735318e-01 1.014957264957264994e-02 7.745726495726495964e-03
0.000000000000000000e+00 8.126780626780626404e-01 2.462606837606837740e-01 1.068376068376068397e-02 9.081196581196581893e-03
0.000000000000000000e+00 8.157051282051281937e-01 2.359775641025640969e-01 9.259259259259258745e-03 8.279914529914529989e-03
0.000000000000000000e+00 8.405448717948718063e-01 2.195512820512820484e-01 5.876068376068376009e-03 1.121794871794871799e-02
0.000000000000000000e+00 8.438390313390313757e-01 2.086004273504273587e-01 7.122507122507122646e-03 1.282051282051282007e-02
0.000000000000000000e+00 8.482015669515668987e-01 1.937767094017094072e-01 5.519943019943019703e-03 1.041666666666666609e-02
0.000000000000000000e+00 8.529202279202279247e-01 2.007211538461538547e-01 6.766381766381766340e-03 1.362179487179487197e-02
0.000000000000000000e+00 8.560363247863247427e-01 2.425213675213675202e-01 5.876068376068376009e-03 1.175213675213675202e-02
0.000000000000000000e+00 8.692129629629629095e-01 2.183493589743589758e-01 5.876068376068376009e-03 1.255341880341880392e-02
0.000000000000000000e+00 8.745548433048433434e-01 1.895032051282051211e-01 6.944444444444444059e-03 1.575854700854700807e-02
0.000000000000000000e+00 8.775819088319087857e-01 1.781517094017094072e-01 6.944444444444444059e-03 1.228632478632478604e-02
0.000000000000000000e+00 8.818554131054131551e-01 1.557158119658119677e-01 6.232193732193732315e-03 1.282051282051282007e-02
0.000000000000000000e+00 8.696581196581196771e-01 1.266025641025640969e-01 6.410256410256410034e-03 1.388888888888888812e-02
0.000000000000000000e+00 8.842592592592593004e-01 1.456997863247863345e-01 5.698005698005698290e-03 1.095085470085470011e-02
0.000000000000000000e+00 8.872863247863247427e-01 1.335470085470085444e-01 6.054131054131053728e-03 1.335470085470085409e-02
0.000000000000000000e+00 8.963675213675214026e-01 9.588675213675214304e-02 4.629629629629629373e-03 1.121794871794871799e-02
0.000000000000000000e+00 8.983262108262107803e-01 8.413461538461539102e-02 5.698005698005698290e-03 1.228632478632478604e-02
0.000000000000000000e+00 9.007300569800569257e-01 7.411858974358974395e-02 5.519943019943019703e-03 1.095085470085470011e-02
0.000000000000000000e+00 9.031339031339031820e-01 6.330128205128204844e-02 4.985754985754985678e-03 1.068376068376068397e-02
0.000000000000000000e+00 9.062500000000000000e-01 5.301816239316239215e-02 5.876068376068376009e-03 1.041666666666666609e-02
0.000000000000000000e+00 9.087428774928775210e-01 4.353632478632478431e-02 4.807692307692307959e-03 9.615384615384615918e-03
0.000000000000000000e+00 9.126602564102563875e-01 2.417200854700854787e-02 5.163817663817663398e-03 1.095085470085470011e-02
0.000000000000000000e+00 9.074074074074074403e-01 1.963141025641025605e-02 4.629629629629629373e-03 1.148504273504273587e-02
0.000000000000000000e+00 4.362535612535612360e-03 2.151442307692307820e-01 8.368945868945869282e-03 9.348290598290598039e-03
0.000000000000000000e+00 6.543803418803419147e-02 3.914262820512820484e-01 1.264245014245014322e-02 9.882478632478632063e-03
0.000000000000000000e+00 8.092948717948718340e-02 7.156784188034187588e-01 1.299857549857549865e-02 9.348290598290598039e-03
0.000000000000000000e+00 1.501068376068376009e-01 9.659455128205127750e-01 7.834757834757835257e-03 1.789529914529914417e-02
0.000000000000000000e+00 1.650641025641025605e-01 9.658119658119658224e-01 7.478632478632478951e-03 1.869658119658119608e-02
0.000000000000000000e+00 1.806445868945869004e-01 9.196047008547008073e-01 8.725071225071224720e-03 1.602564102564102422e-02
0.000000000000000000e+00 2.554309116809116986e-01 9.236111111111111605e-01 8.012820512820512109e-03 1.816239316239316379e-02
0.000000000000000000e+00 3.806089743589743390e-01 2.776442307692307820e-01 6.588319088319088621e-03 2.377136752136752018e-02
0.000000000000000000e+00 4.963497150997150942e-01 8.762019230769231282e-01 4.095441595441595348e-03 1.469017094017094002e-02
0.000000000000000000e+00 6.469907407407406996e-01 2.391826923076923184e-01 6.232193732193732315e-03 1.575854700854700807e-02
0.000000000000000000e+00 7.139423076923077094e-01 2.698985042735042583e-01 5.519943019943019703e-03 1.415598290598290600e-02
0.000000000000000000e+00 9.156873219373219408e-01 2.909989316239316448e-01 8.725071225071224720e-03 7.745726495726495964e-03
0.000000000000000000e+00 9.453347578347578439e-01 3.954326923076922906e-01 9.615384615384615918e-03 1.896367521367521222e-02
0.000000000000000000e+00 9.399928774928775210e-01 8.181089743589743390e-01 1.495726495726495790e-02 9.081196581196581893e-03
0.000000000000000000e+00 9.214743589743589203e-01 8.209134615384615641e-01 1.424501424501424529e-02 9.348290598290598039e-03
0.000000000000000000e+00 8.493589743589743390e-01 9.829059829059828557e-01 1.424501424501424529e-02 2.403846153846153980e-02
0.000000000000000000e+00 8.733084045584045274e-01 9.865117521367521292e-01 9.437321937321937332e-03 2.163461538461538408e-02
