0.000000000000000000e+00 1.527777777777777901e-01 3.098290598290598385e-02 5.341880341880341984e-03 1.175213675213675202e-02
0.000000000000000000e+00 1.415598290598290565e-01 3.498931623931623991e-02 8.190883190883190695e-03 1.121794871794871799e-02
0.000000000000000000e+00 1.073717948717948650e-01 8.894230769230769551e-02 9.259259259259258745e-03 8.547008547008547868e-03
0.000000000000000000e+00 1.226851851851851888e-01 9.241452991452991927e-02 8.903133903133903307e-03 8.012820512820512109e-03
0.000000000000000000e+00 1.390669515669515632e-01 9.455128205128204844e-02 1.388888888888888812e-02 1.228632478632478604e-02
0.000000000000000000e+00 1.631944444444444475e-01 1.028311965811965767e-01 1.014957264957264994e-02 9.615384615384615918e-03
0.000000000000000000e+00 1.752136752136752018e-01 1.069711538461538408e-01 1.068376068376068397e-02 9.348290598290598039e-03
0.000000000000000000e+00 2.364672364672364691e-01 6.089743589743589619e-02 7.834757834757835257e-03 1.282051282051282007e-02
0.000000000000000000e+00 2.402955840455840431e-01 5.128205128205128027e-02 4.807692307692307959e-03 1.014957264957264994e-02
0.000000000000000000e+00 2.313034188034188143e-01 1.263354700854700807e-01 9.259259259259258745e-03 9.081196581196581893e-03
0.000000000000000000e+00 2.747507122507122368e-01 9.201388888888889506e-02 1.139601139601139658e-02 9.882478632478632063e-03
0.000000000000000000e+00 4.273504273504273587e-02 2.403846153846153910e-01 6.410256410256410034e-03 1.228632478632478604e-02
0.000000000000000000e+00 6.285612535612535023e-02 3.394764957264957417e-01 7.834757834757835257e-03 1.442307692307692388e-02
0.000000000000000000e+00 6.570512820512820762e-02 3.520299145299145560e-01 7.122507122507122646e-03 1.335470085470085409e-02
0.000000000000000000e+00 2.207977207977207881e-02 4.571314102564102422e-01 1.353276353276353268e-02 1.148504273504273587e-02
0.000000000000000000e+00 3.587962962962962937e-02 4.381677350427350404e-01 1.193019943019943060e-02 9.882478632478632063e-03
0.000000000000000000e+00 5.199430199430199462e-02 4.177350427350427498e-01 7.834757834757835257e-03 1.388888888888888812e-02
0.000000000000000000e+00 8.128561253561253364e-02 4.119925213675213471e-01 7.656695156695156670e-03 1.362179487179487197e-02
0.000000000000000000e+00 8.840811965811966322e-02 4.650106837606837740e-01 1.299857549857549865e-02 1.442307692307692388e-02
0.000000000000000000e+00 9.401709401709401615e-02 5.046741452991453381e-01 1.246438746438746463e-02 8.279914529914529989e-03
0.000000000000000000e+00 9.001068376068376009e-02 4.413728632478632341e-01 7.656695156695156670e-03 1.308760683760683795e-02
0.000000000000000000e+00 9.837962962962963631e-02 4.284188034188033956e-01 8.725071225071224720e-03 1.495726495726495790e-02
0.000000000000000000e+00 4.250356125356125614e-01 9.495192307692307265e-02 7.122507122507122646e-03 1.255341880341880392e-02
0.000000000000000000e+00 4.420405982905982745e-01 1.424946581196581130e-01 6.944444444444444059e-03 1.041666666666666609e-02
0.000000000000000000e+00 4.520121082621082476e-01 1.438301282051281937e-01 7.656695156695156670e-03 1.255341880341880392e-02
0.000000000000000000e+00 4.869123931623931534e-01 1.619925213675213749e-01 6.944444444444444059e-03 1.095085470085470011e-02
0.000000000000000000e+00 4.959045584045583821e-01 1.861645299145299193e-01 7.478632478632478951e-03 1.068376068376068397e-02
0.000000000000000000e+00 5.096153846153845812e-01 2.063301282051281937e-01 1.068376068376068397e-02 9.882478632478632063e-03
0.000000000000000000e+00 4.872685185185185452e-01 2.797809829059829112e-01 8.368945868945869282e-03 1.415598290598290600e-02
0.000000000000000000e+00 5.717592592592593004e-01 4.573985042735042583e-01 6.766381766381766340e-03 1.201923076923076990e-02
0.000000000000000000e+00 6.221509971509971981e-01 8.811431623931623713e-01 1.709401709401709574e-02 1.388888888888888812e-02
0.000000000000000000e+00 7.382478632478632896e-01 2.466613247863247982e-01 1.103988603988603941e-02 8.279914529914529989e-03
0.000000000000000000e+00 9.902955840455840431e-01 5.807959401709401615e-01 9.793447293447292770e-03 1.789529914529914417e-02
0.000000000000000000e+00 9.940349002849002691e-01 6.129807692307692735e-01 6.944444444444444059e-03 1.762820512820512803e-02
0.000000000000000000e+00 9.919871794871795156e-01 6.323450854700854995e-01 6.766381766381766340e-03 1.842948717948717993e-02
0.000000000000000000e+00 9.888710826210825866e-01 6.489049145299145005e-01 6.232193732193732315e-03 1.789529914529914417e-02
0.000000000000000000e+00 9.861111111111111605e-01 6.689369658119658224e-01 7.122507122507122646e-03 1.736111111111111188e-02
0.000000000000000000e+00 9.837072649572649041e-01 6.877670940170940161e-01 6.944444444444444059e-03 1.923076923076923184e-02
0.000000000000000000e+00 9.491631054131054457e-01 7.636217948717948234e-01 7.656695156695156670e-03 1.923076923076923184e-02
0.000000000000000000e+00 9.827279202279202153e-01 7.065972222222222099e-01 7.122507122507122646e-03 1.896367521367521222e-02
0.000000000000000000e+00 9.732905982905982745e-01 7.740384615384615641e-01 8.190883190883190695e-03 2.190170940170940023e-02
0.000000000000000000e+00 9.699074074074074403e-01 7.964743589743589203e-01 7.122507122507122646e-03 1.869658119658119608e-02
0.000000000000000000e+00 9.674145299145299193e-01 8.155715811965812412e-01 7.478632478632478951e-03 1.789529914529914417e-02
0.000000000000000000e+00 9.634081196581196771e-01 8.548344017094017255e-01 8.368945868945869282e-03 2.056623931623931603e-02
0.000000000000000000e+00 9.599358974358974672e-01 8.766025641025640969e-01 7.478632478632478951e-03 2.190170940170940023e-02
0.000000000000000000e+00 9.250356125356125059e-01 8.836805555555555802e-01 7.122507122507122646e-03 1.682692307692307612e-02
0.000000000000000000e+00 9.196937321937321830e-01 9.117254273504273865e-01 8.547008547008547868e-03 2.110042735042735179e-02
0.000000000000000000e+00 9.163995726495726135e-01 9.325587606837606458e-01 8.012820512820512109e-03 1.629273504273504383e-02
0.000000000000000000e+00 9.549501424501424252e-01 9.282852564102563875e-01 6.766381766381766340e-03 2.056623931623931603e-02
0.000000000000000000e+00 8.835470085470085166e-01 9.608707264957264682e-01 1.175213675213675202e-02 1.255341880341880392e-02
0.000000000000000000e+00 8.807870370370370905e-01 9.805021367521367104e-01 1.442307692307692388e-02 1.442307692307692388e-02
0.000000000000000000e+00 9.181801994301994618e-01 9.945245726495726135e-01 6.944444444444444059e-03 1.095085470085470011e-02
0.000000000000000000e+00 9.384793447293446889e-01 9.740918803418803229e-01 7.300569800569800365e-03 1.816239316239316379e-02
0.000000000000000000e+00 6.130698005698005382e-01 6.545138888888888395e-01 7.122507122507122646e-03 1.682692307692307612e-02
0.000000000000000000e+00 7.412749287749287319e-01 2.991452991452991581e-02 9.615384615384615918e-03 9.081196581196581893e-03
0.000000000000000000e+00 8.000356125356125059e-01 2.524038461538461592e-02 7.834757834757835257e-03 1.095085470085470011e-02
0.000000000000000000e+00 8.039529914529914834e-01 2.270299145299145213e-02 8.547008547008547868e-03 1.068376068376068397e-02
0.000000000000000000e+00 8.130341880341880323e-01 1.923076923076923184e-02 9.615384615384615918e-03 1.121794871794871799e-02
0.000000000000000000e+00 8.186431623931623713e-01 1.629273504273504383e-02 9.081196581196581893e-03 1.068376068376068397e-02
0.000000000000000000e+00 8.054665242165242045e-01 5.422008547008547175e-02 5.519943019943019703e-03 8.012820512820512109e-03
0.000000000000000000e+00 8.197115384615384359e-01 5.715811965811965628e-02 5.876068376068376009e-03 1.121794871794871799e-02
0.000000000000000000e+00 8.278133903133902960e-01 5.809294871794871973e-02 6.054131054131053728e-03 7.745726495726495964e-03
0.000000000000000000e+00 8.489138176638176825e-01 4.073183760683760785e-02 1.014957264957264994e-02 8.279914529914529989e-03
0.000000000000000000e+00 9.710648148148147696e-01 1.623931623931623991e-01 6.232193732193732315e-03 1.014957264957264994e-02
0.000000000000000000e+00 9.841524216524216717e-01 5.206997863247863068e-01 6.054131054131053728e-03 1.469017094017094002e-02
0.000000000000000000e+00 8.121438746438746081e-01 5.635683760683760785e-02 6.410256410256410034e-03 1.282051282051282007e-02
