0.000000000000000000e+00 3.347578347578347713e-02 3.528311965811966044e-01 1.032763532763532680e-02 9.081196581196581893e-03
0.000000000000000000e+00 5.065883190883190695e-02 3.580395299145299193e-01 1.050569800569800538e-02 9.882478632478632063e-03
0.000000000000000000e+00 6.917735042735043138e-02 3.607104700854700807e-01 1.620370370370370280e-02 1.522435897435897405e-02
0.000000000000000000e+00 9.677706552706552556e-02 3.708600427350427498e-01 1.157407407407407343e-02 1.095085470085470011e-02
0.000000000000000000e+00 1.101317663817663883e-01 3.766025641025640969e-01 1.193019943019943060e-02 1.014957264957264994e-02
0.000000000000000000e+00 7.353988603988603767e-02 2.824519230769230727e-01 8.903133903133903307e-03 1.255341880341880392e-02
0.000000000000000000e+00 8.618233618233618609e-02 2.783119658119658224e-01 6.410256410256410034e-03 1.175213675213675202e-02
0.000000000000000000e+00 1.810897435897435848e-01 3.162393162393162260e-01 8.547008547008547868e-03 1.495726495726495790e-02
0.000000000000000000e+00 2.237357549857549865e-01 3.271901709401709435e-01 9.081196581196581893e-03 1.549145299145299193e-02
0.000000000000000000e+00 2.244480056980056870e-01 3.565705128205128305e-01 1.335470085470085409e-02 1.228632478632478604e-02
0.000000000000000000e+00 1.735220797720797847e-01 4.013087606837607013e-01 1.157407407407407343e-02 9.882478632478632063e-03
0.000000000000000000e+00 1.857193732193732072e-01 3.040865384615384359e-01 4.629629629629629373e-03 1.041666666666666609e-02
0.000000000000000000e+00 3.518518518518518601e-01 2.745726495726495964e-01 7.478632478632478951e-03 1.282051282051282007e-02
0.000000000000000000e+00 4.069622507122507282e-01 3.923611111111111049e-01 8.012820512820512109e-03 1.442307692307692388e-02
0.000000000000000000e+00 4.153311965811966044e-01 4.218750000000000000e-01 8.368945868945869282e-03 1.308760683760683795e-02
0.000000000000000000e+00 4.264601139601139623e-01 4.245459401709401615e-01 8.903133903133903307e-03 1.469017094017094002e-02
0.000000000000000000e+00 4.459579772079771964e-01 3.843482905982906206e-01 8.012820512820512109e-03 1.228632478632478604e-02
0.000000000000000000e+00 4.593126780626780592e-01 4.254807692307692180e-01 8.012820512820512109e-03 1.282051282051282007e-02
0.000000000000000000e+00 4.697293447293447444e-01 4.599358974358974117e-01 7.478632478632478951e-03 1.442307692307692388e-02
0.000000000000000000e+00 5.091702279202279247e-01 5.391292735042735318e-01 1.228632478632478604e-02 1.095085470085470011e-02
0.000000000000000000e+00 4.834401709401709435e-01 6.717414529914529364e-01 9.259259259259258745e-03 1.976495726495726413e-02
0.000000000000000000e+00 5.509259259259259300e-01 7.713675213675214026e-01 7.834757834757835257e-03 1.549145299145299193e-02
0.000000000000000000e+00 7.061075498575498655e-01 6.809561965811965489e-01 1.299857549857549865e-02 1.201923076923076990e-02
0.000000000000000000e+00 7.558760683760683552e-01 5.600961538461538547e-01 1.246438746438746463e-02 9.615384615384615918e-03
0.000000000000000000e+00 6.663995726495726135e-01 2.568108974358974117e-01 5.876068376068376009e-03 8.814102564102564014e-03
0.000000000000000000e+00 6.886574074074074403e-01 2.652243589743589758e-01 5.876068376068376009e-03 7.478632478632478951e-03
0.000000000000000000e+00 7.256944444444444198e-01 2.628205128205128305e-01 7.300569800569800365e-03 4.273504273504273934e-03
0.000000000000000000e+00 7.382478632478632896e-01 2.688301282051281937e-01 7.122507122507122646e-03 6.677350427350427046e-03
0.000000000000000000e+00 7.553418803418803229e-01 2.745726495726495964e-01 1.103988603988603941e-02 1.014957264957264994e-02
0.000000000000000000e+00 8.282585470085470636e-01 3.079594017094017255e-01 6.588319088319088621e-03 1.228632478632478604e-02
0.000000000000000000e+00 8.365384615384615641e-01 3.099626068376068466e-01 7.478632478632478951e-03 1.575854700854700807e-02
0.000000000000000000e+00 8.450854700854700807e-01 3.130341880341880323e-01 6.766381766381766340e-03 1.655982905982905998e-02
0.000000000000000000e+00 8.542556980056980054e-01 3.133012820512820484e-01 6.588319088319088621e-03 1.388888888888888812e-02
0.000000000000000000e+00 8.776709401709401615e-01 2.887286324786324521e-01 9.615384615384615918e-03 9.615384615384615918e-03
0.000000000000000000e+00 8.227386039886039892e-01 2.692307692307692180e-01 7.300569800569800365e-03 1.175213675213675202e-02
0.000000000000000000e+00 8.264779202279202153e-01 2.652243589743589758e-01 9.081196581196581893e-03 1.282051282051282007e-02
0.000000000000000000e+00 8.367165242165242045e-01 2.604166666666666852e-01 1.032763532763532680e-02 1.335470085470085409e-02
0.000000000000000000e+00 8.429487179487179516e-01 2.576121794871794601e-01 1.068376068376068397e-02 1.308760683760683795e-02
0.000000000000000000e+00 8.773148148148147696e-01 2.111378205128205121e-01 6.054131054131053728e-03 1.255341880341880392e-02
0.000000000000000000e+00 8.886217948717948234e-01 2.118055555555555525e-01 1.121794871794871799e-02 8.547008547008547868e-03
0.000000000000000000e+00 8.829237891737892197e-01 1.804220085470085444e-01 5.163817663817663398e-03 1.148504273504273587e-02
0.000000000000000000e+00 8.852386039886039892e-01 1.678685897435897301e-01 5.163817663817663398e-03 1.308760683760683795e-02
0.000000000000000000e+00 8.878205128205127750e-01 1.527777777777777901e-01 5.698005698005698290e-03 1.068376068376068397e-02
0.000000000000000000e+00 8.992165242165242045e-01 1.469017094017094072e-01 1.175213675213675202e-02 8.012820512820512109e-03
0.000000000000000000e+00 8.985042735042735318e-01 1.617254273504273587e-01 1.175213675213675202e-02 8.814102564102564014e-03
0.000000000000000000e+00 8.893340455840456071e-01 1.175213675213675202e-01 9.437321937321937332e-03 1.068376068376068397e-02
0.000000000000000000e+00 8.944978632478632896e-01 1.211271367521367520e-01 9.437321937321937332e-03 1.041666666666666609e-02
0.000000000000000000e+00 7.567663817663817794e-01 1.669337606837606736e-01 9.615384615384615918e-03 1.068376068376068397e-02
0.000000000000000000e+00 7.346866096866097040e-01 1.985844017094016978e-01 6.410256410256410034e-03 9.348290598290598039e-03
0.000000000000000000e+00 7.490206552706553111e-01 1.903044871794871695e-01 9.081196581196581893e-03 1.095085470085470011e-02
0.000000000000000000e+00 7.530270655270655533e-01 1.857638888888888951e-01 9.615384615384615918e-03 1.148504273504273587e-02
0.000000000000000000e+00 8.079594017094017255e-01 1.435630341880341776e-01 9.793447293447292770e-03 1.041666666666666609e-02
0.000000000000000000e+00 8.021723646723646906e-02 6.940438034188034511e-01 1.299857549857549865e-02 1.148504273504273587e-02
0.000000000000000000e+00 8.609330484330483813e-02 6.864316239316239354e-01 1.264245014245014322e-02 1.121794871794871799e-02
0.000000000000000000e+00 3.739316239316239476e-03 8.254540598290598385e-01 6.766381766381766340e-03 1.682692307692307612e-02
0.000000000000000000e+00 6.321225071225071608e-03 9.134615384615384359e-01 1.157407407407407343e-02 1.175213675213675202e-02
0.000000000000000000e+00 3.009259259259259092e-02 8.762019230769231282e-01 1.032763532763532680e-02 1.949786324786324798e-02
0.000000000000000000e+00 1.850961538461538547e-01 2.270299145299145283e-01 8.725071225071224720e-03 1.442307692307692388e-02
0.000000000000000000e+00 1.722756410256410242e-01 5.319177350427350959e-01 1.086182336182336255e-02 9.882478632478632063e-03
0.000000000000000000e+00 3.141025641025640969e-01 1.609241452991453103e-01 6.766381766381766340e-03 1.148504273504273587e-02
0.000000000000000000e+00 3.325320512820512664e-01 1.454326923076923184e-01 6.944444444444444059e-03 1.148504273504273587e-02
0.000000000000000000e+00 4.877136752136752018e-01 3.750000000000000000e-01 7.834757834757835257e-03 1.175213675213675202e-02
0.000000000000000000e+00 5.982905982905982745e-01 9.971955128205127750e-01 8.903133903133903307e-03 5.074786324786324972e-03
0.000000000000000000e+00 6.962250712250712681e-01 5.490117521367521292e-01 7.122507122507122646e-03 1.575854700854700807e-02
0.000000000000000000e+00 9.778311965811965489e-01 3.432158119658119955e-02 4.451566951566951653e-03 9.348290598290598039e-03
