0.000000000000000000e+00 1.284722222222222099e-01 1.318108974358974395e-01 6.944444444444444059e-03 1.041666666666666609e-02
0.000000000000000000e+00 1.668447293447293533e-01 1.981837606837606736e-01 1.032763532763532680e-02 6.944444444444444059e-03
0.000000000000000000e+00 1.365740740740740700e-01 7.411858974358974395e-02 6.766381766381766340e-03 1.095085470085470011e-02
0.000000000000000000e+00 1.392450142450142314e-01 8.360042735042734485e-02 6.410256410256410034e-03 9.615384615384615918e-03
0.000000000000000000e+00 1.539351851851851749e-01 1.287393162393162260e-01 6.588319088319088621e-03 1.121794871794871799e-02
0.000000000000000000e+00 1.622150997150997032e-01 1.510416666666666574e-01 6.766381766381766340e-03 1.095085470085470011e-02
0.000000000000000000e+00 1.743233618233618332e-01 1.539797008547008628e-01 5.698005698005698290e-03 1.308760683760683795e-02
0.000000000000000000e+00 1.551816239316239354e-01 1.049679487179487197e-01 7.300569800569800365e-03 1.282051282051282007e-02
0.000000000000000000e+00 1.397792022792022741e-02 3.468215811965811857e-01 9.793447293447292770e-03 1.041666666666666609e-02
0.000000000000000000e+00 2.386039886039886121e-02 3.548344017094017255e-01 9.615384615384615918e-03 9.882478632478632063e-03
0.000000000000000000e+00 3.169515669515669820e-02 3.608440170940170888e-01 9.615384615384615918e-03 9.081196581196581893e-03
0.000000000000000000e+00 6.499287749287749327e-02 4.041132478632478708e-01 1.032763532763532680e-02 1.121794871794871799e-02
0.000000000000000000e+00 9.918981481481481399e-01 5.475427350427350057e-03 1.050569800569800538e-02 8.279914529914529989e-03
0.000000000000000000e+00 9.919871794871795156e-01 1.268696581196581200e-02 8.903133903133903307e-03 7.745726495726495964e-03
0.000000000000000000e+00 9.926994301994301884e-01 2.470619658119658016e-02 1.210826210826210746e-02 1.362179487179487197e-02
0.000000000000000000e+00 9.935897435897436125e-01 5.368589743589743252e-02 9.259259259259258745e-03 9.081196581196581893e-03
0.000000000000000000e+00 9.906517094017094349e-01 4.941239316239316032e-02 8.725071225071224720e-03 8.012820512820512109e-03
0.000000000000000000e+00 9.829059829059828557e-01 1.283386752136752018e-01 8.903133903133903307e-03 1.041666666666666609e-02
0.000000000000000000e+00 9.605591168091167642e-01 1.959134615384615363e-01 4.095441595441595348e-03 9.882478632478632063e-03
0.000000000000000000e+00 9.588675213675214026e-01 2.045940170940170888e-01 4.985754985754985678e-03 1.068376068376068397e-02
0.000000000000000000e+00 9.574430199430199462e-01 2.188835470085470081e-01 6.766381766381766340e-03 1.469017094017094002e-02
0.000000000000000000e+00 9.437321937321937471e-01 2.584134615384615641e-01 5.341880341880341984e-03 1.201923076923076990e-02
0.000000000000000000e+00 9.498753561253561184e-01 2.612179487179487336e-01 5.163817663817663398e-03 1.228632478632478604e-02
0.000000000000000000e+00 9.455128205128204844e-01 2.855235042735042583e-01 6.410256410256410034e-03 1.228632478632478604e-02
0.000000000000000000e+00 9.429309116809116986e-01 2.988782051282051211e-01 6.588319088319088621e-03 1.228632478632478604e-02
0.000000000000000000e+00 9.403490028490028019e-01 3.122329059829059839e-01 5.698005698005698290e-03 1.442307692307692388e-02
0.000000000000000000e+00 9.375890313390313757e-01 3.269230769230769273e-01 6.232193732193732315e-03 1.335470085470085409e-02
0.000000000000000000e+00 9.351851851851852304e-01 3.405448717948718063e-01 6.410256410256410034e-03 1.495726495726495790e-02
0.000000000000000000e+00 9.334045584045583821e-01 3.545673076923077094e-01 6.054131054131053728e-03 1.575854700854700807e-02
0.000000000000000000e+00 9.035790598290598385e-01 3.959668803418803229e-01 6.944444444444444059e-03 1.629273504273504383e-02
0.000000000000000000e+00 9.241452991452991927e-01 4.041132478632478708e-01 7.122507122507122646e-03 1.602564102564102422e-02
0.000000000000000000e+00 9.205840455840456071e-01 4.202724358974359031e-01 6.766381766381766340e-03 1.362179487179487197e-02
0.000000000000000000e+00 9.184472934472934780e-01 4.340277777777777901e-01 6.766381766381766340e-03 1.495726495726495790e-02
0.000000000000000000e+00 9.139957264957264682e-01 4.632745726495726690e-01 6.766381766381766340e-03 1.522435897435897405e-02
0.000000000000000000e+00 9.110576923076922906e-01 4.782318376068376287e-01 7.300569800569800365e-03 1.789529914529914417e-02
0.000000000000000000e+00 8.804309116809116986e-01 4.837072649572649596e-01 5.876068376068376009e-03 1.228632478632478604e-02
0.000000000000000000e+00 8.754451566951566566e-01 5.037393162393162260e-01 7.300569800569800365e-03 1.549145299145299193e-02
0.000000000000000000e+00 8.725071225071224790e-01 5.189636752136752573e-01 6.410256410256410034e-03 1.282051282051282007e-02
0.000000000000000000e+00 8.782941595441595695e-01 5.352564102564102422e-01 7.656695156695156670e-03 1.709401709401709574e-02
0.000000000000000000e+00 8.908475783475783283e-01 5.494123931623932089e-01 6.766381766381766340e-03 1.335470085470085409e-02
0.000000000000000000e+00 9.051816239316239354e-01 5.166933760683760646e-01 6.588319088319088621e-03 1.522435897435897405e-02
0.000000000000000000e+00 8.436609686609686243e-01 5.397970085470085166e-01 1.068376068376068397e-02 1.068376068376068397e-02
0.000000000000000000e+00 8.409009971509971981e-01 5.535523504273504036e-01 1.228632478632478604e-02 1.095085470085470011e-02
0.000000000000000000e+00 8.379629629629629095e-01 5.691773504273504036e-01 1.032763532763532680e-02 1.014957264957264994e-02
0.000000000000000000e+00 8.360933048433047965e-01 5.751869658119658224e-01 1.121794871794871799e-02 8.279914529914529989e-03
0.000000000000000000e+00 8.340455840455840431e-01 5.831997863247863068e-01 1.673789173789173856e-02 1.575854700854700807e-02
0.000000000000000000e+00 8.340455840455840431e-01 5.922809829059828557e-01 1.175213675213675202e-02 1.148504273504273587e-02
0.000000000000000000e+00 8.271011396011396233e-01 6.065705128205127750e-01 1.638176638176638139e-02 1.549145299145299193e-02
0.000000000000000000e+00 8.266559829059828557e-01 6.163194444444444198e-01 1.157407407407407343e-02 1.201923076923076990e-02
0.000000000000000000e+00 9.610042735042735318e-01 6.136485042735042583e-01 9.615384615384615918e-03 8.814102564102564014e-03
0.000000000000000000e+00 7.269408831908832358e-01 5.853365384615384359e-01 5.876068376068376009e-03 1.629273504273504383e-02
0.000000000000000000e+00 7.313034188034187588e-01 6.241987179487179516e-01 4.629629629629629373e-03 1.495726495726495790e-02
0.000000000000000000e+00 8.257656695156695426e-01 6.241987179487179516e-01 1.299857549857549865e-02 1.175213675213675202e-02
0.000000000000000000e+00 8.242521367521367104e-01 6.334134615384615641e-01 1.139601139601139658e-02 9.882478632478632063e-03
0.000000000000000000e+00 8.230056980056980054e-01 6.410256410256410797e-01 1.246438746438746463e-02 1.068376068376068397e-02
0.000000000000000000e+00 8.219373219373219408e-01 6.487713675213675479e-01 1.317663817663817724e-02 1.175213675213675202e-02
0.000000000000000000e+00 8.468660968660968180e-01 6.486378205128204844e-01 7.122507122507122646e-03 1.469017094017094002e-02
0.000000000000000000e+00 8.425925925925925597e-01 6.701388888888888395e-01 8.190883190883190695e-03 1.762820512820512803e-02
0.000000000000000000e+00 8.326210826210825866e-01 7.266292735042735318e-01 7.122507122507122646e-03 1.575854700854700807e-02
0.000000000000000000e+00 8.670762108262107803e-01 6.765491452991453381e-01 7.300569800569800365e-03 1.388888888888888812e-02
0.000000000000000000e+00 8.652955840455840431e-01 7.230235042735042583e-01 7.656695156695156670e-03 1.709401709401709574e-02
0.000000000000000000e+00 8.617343304843304574e-01 7.419871794871795156e-01 8.368945868945869282e-03 1.923076923076923184e-02
0.000000000000000000e+00 7.420762108262107803e-01 7.542735042735042583e-01 7.300569800569800365e-03 1.709401709401709574e-02
0.000000000000000000e+00 7.581018518518518601e-01 7.542735042735042583e-01 5.876068376068376009e-03 1.495726495726495790e-02
0.000000000000000000e+00 7.741274928774928288e-01 7.517361111111111605e-01 6.944444444444444059e-03 1.682692307692307612e-02
0.000000000000000000e+00 7.897970085470085166e-01 7.500000000000000000e-01 6.944444444444444059e-03 1.869658119658119608e-02
0.000000000000000000e+00 7.579237891737892197e-01 7.976762820512820484e-01 6.944444444444444059e-03 1.522435897435897405e-02
0.000000000000000000e+00 7.675391737891738009e-01 7.980769230769231282e-01 6.232193732193732315e-03 1.602564102564102422e-02
0.000000000000000000e+00 7.763532763532763337e-01 7.982104700854700807e-01 7.122507122507122646e-03 1.896367521367521222e-02
0.000000000000000000e+00 8.183760683760683552e-01 8.135683760683760646e-01 8.547008547008547868e-03 1.976495726495726413e-02
0.000000000000000000e+00 8.141025641025640969e-01 8.323985042735042583e-01 8.190883190883190695e-03 1.842948717948717993e-02
0.000000000000000000e+00 8.920940170940171443e-01 8.040865384615384359e-01 1.175213675213675202e-02 1.041666666666666609e-02
0.000000000000000000e+00 9.126602564102563875e-01 9.519230769230768718e-01 1.584757834757834910e-02 1.068376068376068397e-02
0.000000000000000000e+00 9.583333333333333703e-01 9.477831196581196771e-01 1.282051282051282007e-02 1.041666666666666609e-02
0.000000000000000000e+00 9.759615384615384359e-01 9.456463675213675479e-01 1.531339031339031334e-02 1.095085470085470011e-02
0.000000000000000000e+00 9.935007122507122368e-01 9.432425213675214026e-01 1.264245014245014322e-02 1.041666666666666609e-02
0.000000000000000000e+00 9.017094017094017255e-01 9.833066239316239354e-01 1.424501424501424529e-02 9.882478632478632063e-03
0.000000000000000000e+00 9.199608262108261991e-01 9.807692307692307265e-01 1.477920227920227932e-02 6.410256410256410034e-03
0.000000000000000000e+00 9.361645299145299193e-01 9.815705128205127750e-01 1.299857549857549865e-02 1.068376068376068397e-02
0.000000000000000000e+00 9.747150997150997309e-01 9.752938034188034511e-01 1.602564102564102422e-02 5.608974358974358997e-03
0.000000000000000000e+00 7.127849002849002691e-01 9.375000000000000000e-01 6.766381766381766340e-03 1.869658119658119608e-02
0.000000000000000000e+00 1.546474358974359031e-01 8.727297008547008073e-01 8.725071225071224720e-03 1.736111111111111188e-02
0.000000000000000000e+00 1.724537037037036924e-01 9.592681623931623713e-01 9.793447293447292770e-03 1.896367521367521222e-02
0.000000000000000000e+00 2.041488603988604045e-01 7.745726495726495964e-01 8.012820512820512109e-03 1.549145299145299193e-02
0.000000000000000000e+00 2.748397435897436125e-01 8.082264957264957417e-01 1.442307692307692388e-02 1.228632478632478604e-02
0.000000000000000000e+00 3.046652421652421561e-01 8.103632478632478708e-01 1.175213675213675202e-02 1.175213675213675202e-02
0.000000000000000000e+00 3.392094017094017255e-01 8.763354700854700807e-01 1.317663817663817724e-02 1.014957264957264994e-02
0.000000000000000000e+00 2.260505698005698116e-01 8.293269230769231282e-01 8.368945868945869282e-03 2.029914529914529989e-02
0.000000000000000000e+00 2.385149572649572780e-01 8.285256410256410797e-01 6.944444444444444059e-03 1.549145299145299193e-02
0.000000000000000000e+00 2.467948717948718063e-01 8.289262820512820484e-01 8.190883190883190695e-03 1.949786324786324798e-02
0.000000000000000000e+00 2.536502849002849058e-01 8.310630341880341776e-01 6.944444444444444059e-03 1.629273504273504383e-02
0.000000000000000000e+00 2.617521367521367659e-01 8.314636752136752573e-01 1.032763532763532680e-02 1.709401709401709574e-02
0.000000000000000000e+00 2.699430199430199462e-01 8.336004273504273865e-01 1.175213675213675202e-02 1.869658119658119608e-02
0.000000000000000000e+00 2.755519943019942852e-01 8.390758547008546619e-01 1.121794871794871799e-02 1.682692307692307612e-02
0.000000000000000000e+00 2.839209401709401615e-01 8.441506410256410797e-01 1.335470085470085409e-02 1.842948717948717993e-02
0.000000000000000000e+00 2.893518518518518601e-01 8.524305555555555802e-01 1.246438746438746463e-02 1.575854700854700807e-02
0.000000000000000000e+00 2.930021367521367659e-01 8.619123931623932089e-01 1.513532763532763475e-02 1.388888888888888812e-02
0.000000000000000000e+00 2.955840455840456071e-01 8.712606837606837740e-01 1.282051282051282007e-02 1.068376068376068397e-02
0.000000000000000000e+00 2.942485754985754709e-01 8.820779914529914834e-01 1.299857549857549865e-02 1.095085470085470011e-02
0.000000000000000000e+00 2.956730769230769273e-01 8.952991452991453381e-01 1.584757834757834910e-02 1.228632478632478604e-02
0.000000000000000000e+00 2.927350427350427498e-01 9.074519230769231282e-01 1.388888888888888812e-02 1.308760683760683795e-02
0.000000000000000000e+00 2.864138176638176825e-01 9.294871794871795156e-01 1.264245014245014322e-02 1.869658119658119608e-02
0.000000000000000000e+00 2.683404558404558493e-01 9.441773504273504036e-01 1.709401709401709574e-02 1.602564102564102422e-02
0.000000000000000000e+00 2.435007122507122646e-01 9.425747863247863068e-01 7.656695156695156670e-03 2.243589743589743599e-02
0.000000000000000000e+00 2.337072649572649596e-01 9.424412393162393542e-01 8.012820512820512109e-03 1.736111111111111188e-02
0.000000000000000000e+00 2.247150997150997032e-01 9.375000000000000000e-01 1.032763532763532680e-02 1.976495726495726413e-02
0.000000000000000000e+00 2.175925925925925875e-01 9.338942307692307265e-01 8.547008547008547868e-03 1.469017094017094002e-02
0.000000000000000000e+00 2.096688034188034233e-01 9.298878205128204844e-01 1.477920227920227932e-02 2.003205128205128374e-02
0.000000000000000000e+00 2.027243589743589758e-01 9.249465811965812412e-01 1.442307692307692388e-02 2.029914529914529989e-02
0.000000000000000000e+00 3.400106837606837740e-01 5.989583333333333703e-01 8.368945868945869282e-03 2.911324786324786390e-02
0.000000000000000000e+00 5.091702279202279247e-01 4.407051282051282007e-03 9.081196581196581893e-03 7.745726495726495964e-03
0.000000000000000000e+00 5.916132478632478708e-01 2.156784188034188143e-01 5.519943019943019703e-03 1.041666666666666609e-02
0.000000000000000000e+00 6.267806267806267373e-01 3.806089743589743390e-01 7.122507122507122646e-03 1.282051282051282007e-02
0.000000000000000000e+00 6.392450142450142314e-01 4.958600427350427498e-01 9.615384615384615918e-03 1.682692307692307612e-02
0.000000000000000000e+00 6.213497150997151497e-01 8.716613247863247427e-01 6.944444444444444059e-03 2.270299145299145213e-02
0.000000000000000000e+00 7.288105413105413488e-01 5.876068376068376009e-03 9.615384615384615918e-03 7.478632478632478951e-03
0.000000000000000000e+00 8.913817663817663606e-01 6.979166666666666297e-01 1.531339031339031334e-02 1.175213675213675202e-02
