0.000000000000000000e+00 5.608974358974358997e-03 2.524038461538461592e-02 6.588319088319088621e-03 1.148504273504273587e-02
0.000000000000000000e+00 2.136752136752136967e-03 2.029914529914529989e-02 3.561253561253561323e-03 6.410256410256410034e-03
0.000000000000000000e+00 1.469017094017094002e-02 1.923076923076923184e-02 7.300569800569800365e-03 7.478632478632478951e-03
0.000000000000000000e+00 1.834045584045583890e-02 1.509081196581196598e-02 8.190883190883190695e-03 1.041666666666666609e-02
0.000000000000000000e+00 2.225783475783475740e-02 9.615384615384615918e-03 8.547008547008547868e-03 7.478632478632478951e-03
0.000000000000000000e+00 2.893518518518518531e-02 3.031517094017094002e-02 8.725071225071224720e-03 6.677350427350427046e-03
0.000000000000000000e+00 3.222934472934473049e-02 2.524038461538461592e-02 8.547008547008547868e-03 5.608974358974358997e-03
0.000000000000000000e+00 3.579059829059828834e-02 2.043269230769230796e-02 8.903133903133903307e-03 6.143162393162393022e-03
0.000000000000000000e+00 3.810541310541310650e-02 1.562500000000000000e-02 8.190883190883190695e-03 5.074786324786324972e-03
0.000000000000000000e+00 4.202279202279202153e-02 1.014957264957264994e-02 8.903133903133903307e-03 6.410256410256410034e-03
0.000000000000000000e+00 7.140313390313390851e-02 7.625534188034188698e-02 7.834757834757835257e-03 8.279914529914529989e-03
0.000000000000000000e+00 2.127849002849002691e-02 1.513087606837606736e-01 1.014957264957264994e-02 1.201923076923076990e-02
0.000000000000000000e+00 1.167200854700854717e-01 1.197916666666666713e-01 1.157407407407407343e-02 8.814102564102564014e-03
0.000000000000000000e+00 3.543447293447293117e-02 1.579861111111111049e-01 1.068376068376068397e-02 1.255341880341880392e-02
0.000000000000000000e+00 4.077635327635327489e-02 1.590544871794871695e-01 8.190883190883190695e-03 9.348290598290598039e-03
0.000000000000000000e+00 4.967948717948717646e-02 1.653311965811965767e-01 9.615384615384615918e-03 1.068376068376068397e-02
0.000000000000000000e+00 5.466524216524216301e-02 1.673344017094016978e-01 9.615384615384615918e-03 1.095085470085470011e-02
0.000000000000000000e+00 5.849358974358974395e-02 1.765491452991453103e-01 1.193019943019943060e-02 6.944444444444444059e-03
0.000000000000000000e+00 3.623575498575498655e-02 3.559027777777777901e-01 1.014957264957264994e-02 7.211538461538461939e-03
0.000000000000000000e+00 3.570156695156695426e-02 3.767361111111111049e-01 1.157407407407407343e-02 7.745726495726495964e-03
0.000000000000000000e+00 8.146367521367521569e-02 3.814102564102563875e-01 1.121794871794871799e-02 8.012820512820512109e-03
0.000000000000000000e+00 9.419515669515669820e-02 3.832799145299145560e-01 1.032763532763532680e-02 8.012820512820512109e-03
0.000000000000000000e+00 1.364850427350427220e-01 3.872863247863247982e-01 1.335470085470085409e-02 8.547008547008547868e-03
0.000000000000000000e+00 1.536680911680911588e-01 3.888888888888888951e-01 1.317663817663817724e-02 9.081196581196581893e-03
0.000000000000000000e+00 4.353632478632478431e-02 4.795673076923077094e-01 1.121794871794871799e-02 7.745726495726495964e-03
0.000000000000000000e+00 4.220085470085470358e-02 4.873130341880341776e-01 1.139601139601139658e-02 9.348290598290598039e-03
0.000000000000000000e+00 1.112891737891737870e-02 5.324519230769231282e-01 1.228632478632478604e-02 8.279914529914529989e-03
0.000000000000000000e+00 9.437321937321937332e-03 5.399305555555555802e-01 1.282051282051282007e-02 8.814102564102564014e-03
0.000000000000000000e+00 2.964743589743589619e-02 5.490117521367521292e-01 1.121794871794871799e-02 8.814102564102564014e-03
0.000000000000000000e+00 3.089387464387464283e-02 5.405982905982905651e-01 1.086182336182336255e-02 9.081196581196581893e-03
0.000000000000000000e+00 3.116096866096866244e-02 5.324519230769231282e-01 1.068376068376068397e-02 9.348290598290598039e-03
0.000000000000000000e+00 3.409900284900285045e-02 5.247061965811965489e-01 1.086182336182336255e-02 8.814102564102564014e-03
0.000000000000000000e+00 3.543447293447293117e-02 5.164262820512820484e-01 9.971509971509971357e-03 8.814102564102564014e-03
0.000000000000000000e+00 3.774928774928774933e-02 5.090811965811965489e-01 1.068376068376068397e-02 7.478632478632478951e-03
0.000000000000000000e+00 3.908475783475783699e-02 5.021367521367521292e-01 1.157407407407407343e-02 8.547008547008547868e-03
0.000000000000000000e+00 2.457264957264957209e-02 5.725160256410256610e-01 1.139601139601139658e-02 8.814102564102564014e-03
0.000000000000000000e+00 2.288105413105413072e-02 5.801282051282051766e-01 1.157407407407407343e-02 8.012820512820512109e-03
0.000000000000000000e+00 2.056623931623931603e-02 5.885416666666666297e-01 1.193019943019943060e-02 1.041666666666666609e-02
0.000000000000000000e+00 1.691595441595441715e-02 6.028311965811965489e-01 1.780626780626780661e-02 1.335470085470085409e-02
0.000000000000000000e+00 1.620370370370370280e-02 6.133814102564102422e-01 1.424501424501424529e-02 9.882478632478632063e-03
0.000000000000000000e+00 1.353276353276353268e-02 6.209935897435897578e-01 1.175213675213675202e-02 9.615384615384615918e-03
0.000000000000000000e+00 1.148504273504273587e-02 6.302083333333333703e-01 1.406695156695156670e-02 9.348290598290598039e-03
0.000000000000000000e+00 5.778133903133902960e-02 6.522435897435897578e-01 7.300569800569800365e-03 1.388888888888888812e-02
0.000000000000000000e+00 6.543803418803419147e-02 6.531784188034187588e-01 8.012820512820512109e-03 1.629273504273504383e-02
0.000000000000000000e+00 7.300569800569800538e-02 6.533119658119658224e-01 7.834757834757835257e-03 1.549145299145299193e-02
0.000000000000000000e+00 8.173076923076923184e-02 6.514423076923077094e-01 7.122507122507122646e-03 1.442307692307692388e-02
0.000000000000000000e+00 8.849715099715099731e-02 6.537126068376067911e-01 6.766381766381766340e-03 1.522435897435897405e-02
0.000000000000000000e+00 9.766737891737892197e-02 6.542467948717948234e-01 7.656695156695156670e-03 1.362179487179487197e-02
0.000000000000000000e+00 1.147613960113960108e-01 6.542467948717948234e-01 7.300569800569800365e-03 1.415598290598290600e-02
0.000000000000000000e+00 1.213497150997150942e-01 6.545138888888888395e-01 8.368945868945869282e-03 1.682692307692307612e-02
0.000000000000000000e+00 1.302528490028490027e-01 6.531784188034187588e-01 7.656695156695156670e-03 1.629273504273504383e-02
0.000000000000000000e+00 1.461894586894586789e-01 6.537126068376067911e-01 8.903133903133903307e-03 1.842948717948717993e-02
0.000000000000000000e+00 5.519943019943019703e-03 9.194711538461538547e-01 8.547008547008547868e-03 1.789529914529914417e-02
0.000000000000000000e+00 1.371082621082621127e-02 9.184027777777777901e-01 6.766381766381766340e-03 1.789529914529914417e-02
0.000000000000000000e+00 2.252492877492877354e-02 9.188034188034187588e-01 7.300569800569800365e-03 1.709401709401709574e-02
0.000000000000000000e+00 3.356481481481481816e-02 9.193376068376067911e-01 8.725071225071224720e-03 1.976495726495726413e-02
0.000000000000000000e+00 4.131054131054130718e-02 9.198717948717948234e-01 7.834757834757835257e-03 1.655982905982905998e-02
0.000000000000000000e+00 4.950142450142450135e-02 9.212072649572649041e-01 8.903133903133903307e-03 1.923076923076923184e-02
0.000000000000000000e+00 6.730769230769230449e-02 9.216079059829059839e-01 8.190883190883190695e-03 2.110042735042735179e-02
0.000000000000000000e+00 7.674501424501424529e-02 9.206730769230768718e-01 7.834757834757835257e-03 1.709401709401709574e-02
0.000000000000000000e+00 8.547008547008547175e-02 9.225427350427350959e-01 6.766381766381766340e-03 1.762820512820512803e-02
0.000000000000000000e+00 1.032763532763532749e-01 9.208066239316239354e-01 1.032763532763532680e-02 2.644230769230769204e-02
0.000000000000000000e+00 6.828703703703703498e-02 9.581997863247863068e-01 1.655982905982905998e-02 1.362179487179487197e-02
0.000000000000000000e+00 8.912037037037036369e-02 9.595352564102563875e-01 1.477920227920227932e-02 1.095085470085470011e-02
0.000000000000000000e+00 1.121794871794871834e-01 9.228098290598291120e-01 8.547008547008547868e-03 1.976495726495726413e-02
0.000000000000000000e+00 1.202813390313390296e-01 9.225427350427350959e-01 9.793447293447292770e-03 1.923076923076923184e-02
0.000000000000000000e+00 1.305199430199430188e-01 9.206730769230768718e-01 8.190883190883190695e-03 1.816239316239316379e-02
0.000000000000000000e+00 1.501068376068376009e-01 9.208066239316239354e-01 7.478632478632478951e-03 1.682692307692307612e-02
0.000000000000000000e+00 1.751246438746438816e-01 9.230769230769231282e-01 9.793447293447292770e-03 2.510683760683760785e-02
0.000000000000000000e+00 1.849180911680911588e-01 9.224091880341880323e-01 8.012820512820512109e-03 2.270299145299145213e-02
0.000000000000000000e+00 1.923967236467236386e-01 9.224091880341880323e-01 6.944444444444444059e-03 1.789529914529914417e-02
0.000000000000000000e+00 2.445690883190883291e-01 9.620726495726495964e-01 1.371082621082621127e-02 1.175213675213675202e-02
0.000000000000000000e+00 2.923789173789173579e-01 1.300747863247863345e-01 5.341880341880341984e-03 9.081196581196581893e-03
0.000000000000000000e+00 3.044871794871794601e-01 1.482371794871794879e-01 9.971509971509971357e-03 7.478632478632478951e-03
0.000000000000000000e+00 3.454415954415954171e-01 1.478365384615384637e-01 1.103988603988603941e-02 8.279914529914529989e-03
0.000000000000000000e+00 3.675213675213675479e-01 1.481036324786324798e-01 8.903133903133903307e-03 9.348290598290598039e-03
0.000000000000000000e+00 2.728810541310541238e-01 2.303685897435897301e-01 6.944444444444444059e-03 1.041666666666666609e-02
0.000000000000000000e+00 3.095619658119658224e-01 1.594551282051281937e-01 5.163817663817663398e-03 1.282051282051282007e-02
0.000000000000000000e+00 3.188212250712250673e-01 1.589209401709401615e-01 4.451566951566951653e-03 1.014957264957264994e-02
0.000000000000000000e+00 3.253205128205128305e-01 1.586538461538461453e-01 6.054131054131053728e-03 1.228632478632478604e-02
0.000000000000000000e+00 3.302172364672364413e-01 1.597222222222222099e-01 5.163817663817663398e-03 1.068376068376068397e-02
0.000000000000000000e+00 3.362713675213675479e-01 1.606570512820512941e-01 7.300569800569800365e-03 1.041666666666666609e-02
0.000000000000000000e+00 3.422364672364672233e-01 1.615918803418803507e-01 8.547008547008547868e-03 1.121794871794871799e-02
0.000000000000000000e+00 3.467770655270655533e-01 1.642628205128205121e-01 7.656695156695156670e-03 1.014957264957264994e-02
0.000000000000000000e+00 3.526531339031339085e-01 1.669337606837606736e-01 9.793447293447292770e-03 1.175213675213675202e-02
0.000000000000000000e+00 3.571047008547008628e-01 1.716079059829059839e-01 9.793447293447292770e-03 1.041666666666666609e-02
0.000000000000000000e+00 3.598646723646723444e-01 1.768162393162393264e-01 1.068376068376068397e-02 8.012820512820512109e-03
0.000000000000000000e+00 3.619123931623931534e-01 1.812232905982905928e-01 9.437321937321937332e-03 7.211538461538461939e-03
0.000000000000000000e+00 3.611111111111111049e-01 1.873664529914529919e-01 9.615384615384615918e-03 7.745726495726495964e-03
0.000000000000000000e+00 3.622685185185185452e-01 1.948450854700854717e-01 1.157407407407407343e-02 8.279914529914529989e-03
0.000000000000000000e+00 3.606659544159543929e-01 2.012553418803418870e-01 1.014957264957264994e-02 7.745726495726495964e-03
0.000000000000000000e+00 3.559472934472934225e-01 2.134081196581196493e-01 9.615384615384615918e-03 1.068376068376068397e-02
0.000000000000000000e+00 3.436609686609686798e-01 2.212873931623931534e-01 1.139601139601139658e-02 8.814102564102564014e-03
0.000000000000000000e+00 3.247863247863247982e-01 2.204861111111111049e-01 5.698005698005698290e-03 1.255341880341880392e-02
0.000000000000000000e+00 3.176638176638176825e-01 2.206196581196581130e-01 6.054131054131053728e-03 1.014957264957264994e-02
0.000000000000000000e+00 3.113425925925926152e-01 2.180822649572649596e-01 8.012820512820512109e-03 1.148504273504273587e-02
0.000000000000000000e+00 3.059116809116809166e-01 2.163461538461538547e-01 6.766381766381766340e-03 9.081196581196581893e-03
0.000000000000000000e+00 2.998575498575498655e-01 2.142094017094016978e-01 9.615384615384615918e-03 1.175213675213675202e-02
0.000000000000000000e+00 2.946937321937321830e-01 2.119391025641025605e-01 9.971509971509971357e-03 1.148504273504273587e-02
0.000000000000000000e+00 2.463497150997150942e-01 3.448183760683760646e-01 8.012820512820512109e-03 8.547008547008547868e-03
0.000000000000000000e+00 2.442129629629629650e-01 3.600427350427350404e-01 9.793447293447292770e-03 8.547008547008547868e-03
0.000000000000000000e+00 2.394943019943019946e-01 3.688568376068376287e-01 1.032763532763532680e-02 8.547008547008547868e-03
0.000000000000000000e+00 2.399394586894586789e-01 3.772702991452991372e-01 1.050569800569800538e-02 8.814102564102564014e-03
0.000000000000000000e+00 2.816061253561253364e-01 3.442841880341880323e-01 1.086182336182336255e-02 8.547008547008547868e-03
0.000000000000000000e+00 2.713675213675213471e-01 4.019764957264957417e-01 1.282051282051282007e-02 9.081196581196581893e-03
0.000000000000000000e+00 2.869480056980057148e-01 4.027777777777777901e-01 1.121794871794871799e-02 8.547008547008547868e-03
0.000000000000000000e+00 3.035078347578347713e-01 4.047809829059829112e-01 1.264245014245014322e-02 8.814102564102564014e-03
0.000000000000000000e+00 3.193554131054130996e-01 4.065170940170940161e-01 1.335470085470085409e-02 8.547008547008547868e-03
0.000000000000000000e+00 3.359152421652421561e-01 4.077190170940170888e-01 1.193019943019943060e-02 8.279914529914529989e-03
0.000000000000000000e+00 3.523860398860398924e-01 4.087873931623931534e-01 1.317663817663817724e-02 8.279914529914529989e-03
0.000000000000000000e+00 3.687678062678062529e-01 4.098557692307692180e-01 1.175213675213675202e-02 9.348290598290598039e-03
0.000000000000000000e+00 3.849715099715099731e-01 4.107905982905982745e-01 1.068376068376068397e-02 8.547008547008547868e-03
0.000000000000000000e+00 2.021901709401709435e-01 5.397970085470085166e-01 6.232193732193732315e-03 1.175213675213675202e-02
0.000000000000000000e+00 2.156339031339031265e-01 5.401976495726495964e-01 6.054131054131053728e-03 1.415598290598290600e-02
0.000000000000000000e+00 2.272079772079771964e-01 5.073450854700854995e-01 7.122507122507122646e-03 1.255341880341880392e-02
0.000000000000000000e+00 2.911324786324786529e-01 5.092147435897436125e-01 6.410256410256410034e-03 1.362179487179487197e-02
0.000000000000000000e+00 2.382478632478632341e-01 6.929754273504273865e-01 6.410256410256410034e-03 1.469017094017094002e-02
0.000000000000000000e+00 5.177172364672364413e-01 2.514690170940170888e-01 4.807692307692307959e-03 1.201923076923076990e-02
0.000000000000000000e+00 5.251958689458688934e-01 2.530715811965811857e-01 4.807692307692307959e-03 1.041666666666666609e-02
0.000000000000000000e+00 4.754273504273504036e-01 2.877938034188033956e-01 5.341880341880341984e-03 1.201923076923076990e-02
0.000000000000000000e+00 4.403490028490028574e-01 3.135683760683760646e-01 4.629629629629629373e-03 8.547008547008547868e-03
0.000000000000000000e+00 4.545940170940170888e-01 3.842147435897436125e-01 1.032763532763532680e-02 8.279914529914529989e-03
0.000000000000000000e+00 4.593126780626780592e-01 2.998130341880341776e-01 1.050569800569800538e-02 6.677350427350427046e-03
0.000000000000000000e+00 4.604700854700854440e-01 3.060897435897436125e-01 1.139601139601139658e-02 8.547008547008547868e-03
0.000000000000000000e+00 4.573539886039886260e-01 3.241185897435897578e-01 9.793447293447292770e-03 8.279914529914529989e-03
0.000000000000000000e+00 4.565527065527065775e-01 3.362713675213675479e-01 1.032763532763532680e-02 7.478632478632478951e-03
0.000000000000000000e+00 4.576210826210826421e-01 3.432158119658119677e-01 1.210826210826210746e-02 9.615384615384615918e-03
0.000000000000000000e+00 4.569088319088319139e-01 3.561698717948718063e-01 1.139601139601139658e-02 7.211538461538461939e-03
0.000000000000000000e+00 4.579772079772079785e-01 3.699252136752136932e-01 9.971509971509971357e-03 9.615384615384615918e-03
0.000000000000000000e+00 4.570868945868946098e-01 3.628472222222222099e-01 9.259259259259258745e-03 6.677350427350427046e-03
0.000000000000000000e+00 4.702635327635327767e-01 3.133012820512820484e-01 1.032763532763532680e-02 1.335470085470085409e-02
0.000000000000000000e+00 4.691061253561253364e-01 3.633814102564102422e-01 5.876068376068376009e-03 1.629273504273504383e-02
0.000000000000000000e+00 4.837962962962962798e-01 3.199786324786324521e-01 5.341880341880341984e-03 1.175213675213675202e-02
0.000000000000000000e+00 4.902065527065527228e-01 3.202457264957264682e-01 4.985754985754985678e-03 1.121794871794871799e-02
0.000000000000000000e+00 4.964387464387464144e-01 3.211805555555555802e-01 5.341880341880341984e-03 1.308760683760683795e-02
0.000000000000000000e+00 5.099715099715099731e-01 3.178418803418803229e-01 5.341880341880341984e-03 9.081196581196581893e-03
0.000000000000000000e+00 5.162927350427350959e-01 3.207799145299145560e-01 5.519943019943019703e-03 1.282051282051282007e-02
0.000000000000000000e+00 4.827279202279202153e-01 3.474893162393162260e-01 5.341880341880341984e-03 1.282051282051282007e-02
0.000000000000000000e+00 4.899394586894587067e-01 3.485576923076922906e-01 5.163817663817663398e-03 1.068376068376068397e-02
0.000000000000000000e+00 4.839743589743589758e-01 3.612446581196581130e-01 1.103988603988603941e-02 7.745726495726495964e-03
0.000000000000000000e+00 4.838853276353276556e-01 3.679220085470085722e-01 1.086182336182336255e-02 8.814102564102564014e-03
0.000000000000000000e+00 4.826388888888888951e-01 3.752670940170940161e-01 1.335470085470085409e-02 8.547008547008547868e-03
0.000000000000000000e+00 4.825498575498575748e-01 3.831463675213675479e-01 1.282051282051282007e-02 8.814102564102564014e-03
0.000000000000000000e+00 5.003561253561253919e-01 2.919337606837607013e-01 5.341880341880341984e-03 1.282051282051282007e-02
0.000000000000000000e+00 5.066773504273504036e-01 2.918002136752136932e-01 5.163817663817663398e-03 1.201923076923076990e-02
0.000000000000000000e+00 5.129985754985755264e-01 2.926014957264957417e-01 5.341880341880341984e-03 1.201923076923076990e-02
0.000000000000000000e+00 5.194088319088319139e-01 2.923344017094017255e-01 5.341880341880341984e-03 1.148504273504273587e-02
0.000000000000000000e+00 5.263532763532763337e-01 2.935363247863247982e-01 5.341880341880341984e-03 1.495726495726495790e-02
0.000000000000000000e+00 5.007122507122506727e-01 2.760416666666666852e-01 6.054131054131053728e-03 1.308760683760683795e-02
0.000000000000000000e+00 5.064992877492877632e-01 2.768429487179487336e-01 4.807692307692307959e-03 9.882478632478632063e-03
0.000000000000000000e+00 5.186965811965812412e-01 2.772435897435897578e-01 5.698005698005698290e-03 1.175213675213675202e-02
0.000000000000000000e+00 3.914707977207977363e-01 4.823717948717948789e-01 1.620370370370370280e-02 1.495726495726495790e-02
0.000000000000000000e+00 3.794515669515669543e-01 5.534188034188034511e-01 9.259259259259258745e-03 8.012820512820512109e-03
0.000000000000000000e+00 4.176460113960113740e-01 4.671474358974359031e-01 6.232193732193732315e-03 1.121794871794871799e-02
0.000000000000000000e+00 4.242343304843304574e-01 4.680822649572649596e-01 6.232193732193732315e-03 1.308760683760683795e-02
0.000000000000000000e+00 4.113247863247863068e-01 5.345886752136752573e-01 1.210826210826210746e-02 9.882478632478632063e-03
0.000000000000000000e+00 4.038461538461538547e-01 5.729166666666666297e-01 1.103988603988603941e-02 8.547008547008547868e-03
0.000000000000000000e+00 4.022435897435897578e-01 5.819978632478632896e-01 1.353276353276353268e-02 9.081196581196581893e-03
0.000000000000000000e+00 4.619836182336182206e-01 4.834401709401709435e-01 1.193019943019943060e-02 7.478632478632478951e-03
0.000000000000000000e+00 4.627849002849002691e-01 4.910523504273504036e-01 1.282051282051282007e-02 7.745726495726495964e-03
0.000000000000000000e+00 4.615384615384615641e-01 4.986645299145299193e-01 1.210826210826210746e-02 8.547008547008547868e-03
0.000000000000000000e+00 4.606481481481481399e-01 5.060096153846154188e-01 1.388888888888888812e-02 1.255341880341880392e-02
0.000000000000000000e+00 4.584223646723646906e-01 5.209668803418803229e-01 1.157407407407407343e-02 8.279914529914529989e-03
0.000000000000000000e+00 4.579772079772079785e-01 5.292467948717948234e-01 1.424501424501424529e-02 8.279914529914529989e-03
0.000000000000000000e+00 4.557514245014245291e-01 5.372596153846154188e-01 1.193019943019943060e-02 7.745726495726495964e-03
0.000000000000000000e+00 4.543269230769230727e-01 5.448717948717948234e-01 1.157407407407407343e-02 9.081196581196581893e-03
0.000000000000000000e+00 4.535256410256410242e-01 5.535523504273504036e-01 1.246438746438746463e-02 8.279914529914529989e-03
0.000000000000000000e+00 4.525462962962962798e-01 5.618322649572649041e-01 1.193019943019943060e-02 8.279914529914529989e-03
0.000000000000000000e+00 4.504985754985754709e-01 5.695779914529914834e-01 1.175213675213675202e-02 9.348290598290598039e-03
0.000000000000000000e+00 4.488960113960113740e-01 5.773237179487179516e-01 1.175213675213675202e-02 8.279914529914529989e-03
0.000000000000000000e+00 4.361645299145299193e-01 5.435363247863247427e-01 1.371082621082621127e-02 1.014957264957264994e-02
0.000000000000000000e+00 4.336716524216523982e-01 5.591613247863247427e-01 1.299857549857549865e-02 1.095085470085470011e-02
0.000000000000000000e+00 4.315349002849002691e-01 5.767895299145299193e-01 1.477920227920227932e-02 1.201923076923076990e-02
0.000000000000000000e+00 4.295762108262108359e-01 5.912126068376067911e-01 1.584757834757834910e-02 1.201923076923076990e-02
0.000000000000000000e+00 4.492521367521367659e-01 5.854700854700854995e-01 1.282051282051282007e-02 9.615384615384615918e-03
0.000000000000000000e+00 3.963675213675213471e-01 6.255341880341880323e-01 9.971509971509971357e-03 9.615384615384615918e-03
0.000000000000000000e+00 3.945868945868946098e-01 6.352831196581196771e-01 1.282051282051282007e-02 9.882478632478632063e-03
0.000000000000000000e+00 3.924501424501424252e-01 6.450320512820513219e-01 1.460113960113960073e-02 9.615384615384615918e-03
0.000000000000000000e+00 3.881766381766381668e-01 6.881677350427350959e-01 6.410256410256410034e-03 1.575854700854700807e-02
0.000000000000000000e+00 4.675035612535612395e-01 6.123130341880341776e-01 8.368945868945869282e-03 1.469017094017094002e-02
0.000000000000000000e+00 4.481837606837607013e-01 5.934829059829059839e-01 1.139601139601139658e-02 8.012820512820512109e-03
0.000000000000000000e+00 4.467592592592592449e-01 6.017628205128204844e-01 1.246438746438746463e-02 8.547008547008547868e-03
0.000000000000000000e+00 4.454237891737891641e-01 6.093750000000000000e-01 1.157407407407407343e-02 8.279914529914529989e-03
0.000000000000000000e+00 4.447115384615384359e-01 6.184561965811965489e-01 1.442307692307692388e-02 1.095085470085470011e-02
0.000000000000000000e+00 4.417735042735042583e-01 6.358173076923077094e-01 1.317663817663817724e-02 9.882478632478632063e-03
0.000000000000000000e+00 4.409722222222222099e-01 6.446314102564102422e-01 1.228632478632478604e-02 8.279914529914529989e-03
0.000000000000000000e+00 4.399038461538461453e-01 6.537126068376067911e-01 1.193019943019943060e-02 9.348290598290598039e-03
0.000000000000000000e+00 4.395477207977208089e-01 6.622596153846154188e-01 1.299857549857549865e-02 1.041666666666666609e-02
0.000000000000000000e+00 6.673789173789174134e-01 2.168803418803418870e-01 5.341880341880341984e-03 1.121794871794871799e-02
0.000000000000000000e+00 6.591880341880341776e-01 2.528044871794871695e-01 5.341880341880341984e-03 1.201923076923076990e-02
0.000000000000000000e+00 6.602564102564102422e-01 2.715010683760683552e-01 5.341880341880341984e-03 1.308760683760683795e-02
0.000000000000000000e+00 6.225071225071224790e-01 6.991185897435897578e-01 1.103988603988603941e-02 5.154914529914529642e-02
0.000000000000000000e+00 5.192307692307692735e-01 8.553685897435897578e-01 1.246438746438746463e-02 9.882478632478632063e-03
0.000000000000000000e+00 5.170940170940171443e-01 8.663194444444444198e-01 1.175213675213675202e-02 1.095085470085470011e-02
0.000000000000000000e+00 7.693198005698005382e-01 4.006410256410256054e-03 9.437321937321937332e-03 6.944444444444444059e-03
0.000000000000000000e+00 7.641559829059828557e-01 1.896367521367521222e-02 1.157407407407407343e-02 1.175213675213675202e-02
0.000000000000000000e+00 7.662927350427350959e-01 1.241987179487179412e-02 9.081196581196581893e-03 7.211538461538461939e-03
0.000000000000000000e+00 7.633547008547008073e-01 2.537393162393162399e-02 8.190883190883190695e-03 8.547008547008547868e-03
0.000000000000000000e+00 7.581018518518518601e-01 3.311965811965811995e-02 1.193019943019943060e-02 1.068376068376068397e-02
0.000000000000000000e+00 7.571225071225071712e-01 3.872863247863247982e-02 8.547008547008547868e-03 6.944444444444444059e-03
0.000000000000000000e+00 7.560541310541311066e-01 4.326923076923076816e-02 1.032763532763532680e-02 9.081196581196581893e-03
0.000000000000000000e+00 7.548967236467236663e-01 4.861111111111111188e-02 9.437321937321937332e-03 6.944444444444444059e-03
0.000000000000000000e+00 7.540954415954416179e-01 5.235042735042735179e-02 8.903133903133903307e-03 5.876068376068376009e-03
0.000000000000000000e+00 7.530270655270655533e-01 5.769230769230769551e-02 1.032763532763532680e-02 8.012820512820512109e-03
0.000000000000000000e+00 7.717236467236466835e-01 5.742521367521367243e-02 5.698005698005698290e-03 9.615384615384615918e-03
0.000000000000000000e+00 7.680733618233618332e-01 6.984508547008547175e-02 6.232193732193732315e-03 1.148504273504273587e-02
0.000000000000000000e+00 7.596153846153845812e-01 1.012286324786324798e-01 5.698005698005698290e-03 1.068376068376068397e-02
0.000000000000000000e+00 7.864138176638176825e-01 7.318376068376068744e-02 5.163817663817663398e-03 9.081196581196581893e-03
0.000000000000000000e+00 7.839209401709401615e-01 9.895833333333332871e-02 6.232193732193732315e-03 1.041666666666666609e-02
0.000000000000000000e+00 7.809829059829059839e-01 1.093750000000000000e-01 6.410256410256410034e-03 1.201923076923076990e-02
0.000000000000000000e+00 8.025284900284900269e-01 8.480235042735043138e-02 8.547008547008547868e-03 6.677350427350427046e-03
0.000000000000000000e+00 7.268518518518518601e-01 1.133814102564102561e-01 4.629629629629629373e-03 1.255341880341880392e-02
0.000000000000000000e+00 7.152777777777777901e-01 1.152510683760683829e-01 4.985754985754985678e-03 1.095085470085470011e-02
0.000000000000000000e+00 7.033475783475783283e-01 1.168536324786324798e-01 4.985754985754985678e-03 9.348290598290598039e-03
0.000000000000000000e+00 7.028133903133902960e-01 1.408920940170940161e-01 4.629629629629629373e-03 9.348290598290598039e-03
0.000000000000000000e+00 7.097578347578347158e-01 1.404914529914529919e-01 4.629629629629629373e-03 1.121794871794871799e-02
0.000000000000000000e+00 7.163461538461538547e-01 1.408920940170940161e-01 4.629629629629629373e-03 1.148504273504273587e-02
0.000000000000000000e+00 7.472400284900284628e-01 1.486378205128205121e-01 6.588319088319088621e-03 1.255341880341880392e-02
0.000000000000000000e+00 7.438568376068376287e-01 1.598557692307692180e-01 6.588319088319088621e-03 1.148504273504273587e-02
0.000000000000000000e+00 9.407941595441595695e-01 4.273504273504273587e-02 1.050569800569800538e-02 7.478632478632478951e-03
0.000000000000000000e+00 9.560185185185184897e-01 5.435363247863247982e-02 1.032763532763532680e-02 7.211538461538461939e-03
0.000000000000000000e+00 9.720441595441595695e-01 5.475427350427350404e-02 9.615384615384615918e-03 7.478632478632478951e-03
0.000000000000000000e+00 9.886039886039885705e-01 6.276709401709401961e-03 5.341880341880341984e-03 9.882478632478632063e-03
0.000000000000000000e+00 9.540598290598291120e-01 6.410256410256409687e-02 1.175213675213675202e-02 6.944444444444444059e-03
0.000000000000000000e+00 9.579772079772079785e-01 6.957799145299145560e-02 1.103988603988603941e-02 7.745726495726495964e-03
0.000000000000000000e+00 8.822115384615384359e-01 1.153846153846153910e-01 8.368945868945869282e-03 1.549145299145299193e-02
0.000000000000000000e+00 8.136574074074074403e-01 2.243589743589743668e-01 1.157407407407407343e-02 8.012820512820512109e-03
0.000000000000000000e+00 8.478454415954416179e-01 2.218215811965811857e-01 9.437321937321937332e-03 8.279914529914529989e-03
0.000000000000000000e+00 8.610220797720797847e-01 2.210202991452991372e-01 1.086182336182336255e-02 7.745726495726495964e-03
0.000000000000000000e+00 8.743767806267805920e-01 2.195512820512820484e-01 9.793447293447292770e-03 6.944444444444444059e-03
0.000000000000000000e+00 8.900462962962962798e-01 2.184829059829059839e-01 1.406695156695156670e-02 9.081196581196581893e-03
0.000000000000000000e+00 9.301994301994301884e-01 2.136752136752136655e-01 9.259259259259258745e-03 7.478632478632478951e-03
0.000000000000000000e+00 9.528133903133902960e-01 2.100694444444444475e-01 1.032763532763532680e-02 7.211538461538461939e-03
0.000000000000000000e+00 9.698183760683760646e-01 2.091346153846153910e-01 1.228632478632478604e-02 8.012820512820512109e-03
0.000000000000000000e+00 9.831730769230768718e-01 2.067307692307692180e-01 1.121794871794871799e-02 8.012820512820512109e-03
0.000000000000000000e+00 7.334401709401708880e-01 2.876602564102563875e-01 6.054131054131053728e-03 1.549145299145299193e-02
0.000000000000000000e+00 8.464209401709401615e-01 4.127938034188033956e-01 1.371082621082621127e-02 1.041666666666666609e-02
0.000000000000000000e+00 8.807870370370370905e-01 4.077190170940170888e-01 1.371082621082621127e-02 1.041666666666666609e-02
0.000000000000000000e+00 9.030448717948718063e-01 4.047809829059829112e-01 1.442307692307692388e-02 9.348290598290598039e-03
0.000000000000000000e+00 9.333155270655271174e-01 3.978365384615384359e-01 1.834045584045583890e-02 1.362179487179487197e-02
0.000000000000000000e+00 9.494301994301994618e-01 3.951655982905982745e-01 1.353276353276353268e-02 8.814102564102564014e-03
0.000000000000000000e+00 9.489850427350426942e-01 4.153311965811966044e-01 1.121794871794871799e-02 9.081196581196581893e-03
0.000000000000000000e+00 9.662571225071224790e-01 4.085202991452991372e-01 1.193019943019943060e-02 8.814102564102564014e-03
0.000000000000000000e+00 9.763176638176638278e-01 3.888888888888888951e-01 1.103988603988603941e-02 9.081196581196581893e-03
0.000000000000000000e+00 9.900284900284900269e-01 3.866185897435897578e-01 1.246438746438746463e-02 9.348290598290598039e-03
0.000000000000000000e+00 7.917556980056980054e-01 5.475427350427350959e-01 1.157407407407407343e-02 1.816239316239316379e-02
0.000000000000000000e+00 8.116096866096865758e-01 5.507478632478632896e-01 8.903133903133903307e-03 1.549145299145299193e-02
0.000000000000000000e+00 8.157941595441595695e-01 5.897435897435897578e-01 1.050569800569800538e-02 1.335470085470085409e-02
0.000000000000000000e+00 8.457086894586894887e-01 6.395566239316239354e-01 1.157407407407407343e-02 1.789529914529914417e-02
0.000000000000000000e+00 8.267450142450142314e-01 5.643696581196581130e-01 1.388888888888888812e-02 1.121794871794871799e-02
0.000000000000000000e+00 7.153668091168091658e-01 7.835202991452991927e-01 1.371082621082621127e-02 1.041666666666666609e-02
0.000000000000000000e+00 8.728632478632478708e-01 7.783119658119658224e-01 1.282051282051282007e-02 1.068376068376068397e-02
0.000000000000000000e+00 9.024216524216523982e-01 7.530715811965812412e-01 1.103988603988603941e-02 3.071581196581196424e-02
0.000000000000000000e+00 9.069622507122506727e-01 7.776442307692307265e-01 7.300569800569800365e-03 1.629273504273504383e-02
0.000000000000000000e+00 9.108796296296296502e-01 7.966079059829059839e-01 8.012820512820512109e-03 1.896367521367521222e-02
0.000000000000000000e+00 7.064636752136752573e-01 9.385683760683760646e-01 1.655982905982905998e-02 1.388888888888888812e-02
0.000000000000000000e+00 7.045940170940171443e-01 9.825053418803418870e-01 1.638176638176638139e-02 1.255341880341880392e-02
0.000000000000000000e+00 7.515135327635327211e-01 8.985042735042735318e-01 6.232193732193732315e-03 1.655982905982905998e-02
0.000000000000000000e+00 7.601495726495726135e-01 8.994391025641025328e-01 7.834757834757835257e-03 1.896367521367521222e-02
0.000000000000000000e+00 7.678952991452991927e-01 9.455128205128204844e-01 6.588319088319088621e-03 1.175213675213675202e-02
0.000000000000000000e+00 7.769764957264957417e-01 9.038461538461538547e-01 7.656695156695156670e-03 1.976495726495726413e-02
0.000000000000000000e+00 7.855235042735042583e-01 9.051816239316239354e-01 8.368945868945869282e-03 2.190170940170940023e-02
0.000000000000000000e+00 7.849893162393162260e-01 9.503205128205127750e-01 6.944444444444444059e-03 1.709401709401709574e-02
0.000000000000000000e+00 7.942485754985755264e-01 9.535256410256410797e-01 6.588319088319088621e-03 1.602564102564102422e-02
0.000000000000000000e+00 8.031517094017094349e-01 9.532585470085470636e-01 7.656695156695156670e-03 1.976495726495726413e-02
0.000000000000000000e+00 8.037749287749287319e-01 9.047809829059828557e-01 7.122507122507122646e-03 1.842948717948717993e-02
0.000000000000000000e+00 8.118767806267805920e-01 9.086538461538461453e-01 7.656695156695156670e-03 2.083333333333333218e-02
0.000000000000000000e+00 8.332443019943019946e-01 9.586004273504273865e-01 6.944444444444444059e-03 1.816239316239316379e-02
0.000000000000000000e+00 8.424145299145299193e-01 9.594017094017094349e-01 6.766381766381766340e-03 1.976495726495726413e-02
0.000000000000000000e+00 8.498041310541311066e-01 9.606036324786324521e-01 7.656695156695156670e-03 2.056623931623931603e-02
0.000000000000000000e+00 8.471331908831908342e-01 8.253205128205127750e-01 8.725071225071224720e-03 9.081196581196581893e-03
0.000000000000000000e+00 8.588853276353276556e-01 9.643429487179486781e-01 6.944444444444444059e-03 1.789529914529914417e-02
0.000000000000000000e+00 8.676994301994301884e-01 9.654113247863247427e-01 7.122507122507122646e-03 1.789529914529914417e-02
0.000000000000000000e+00 8.546118233618233972e-01 8.708600427350426942e-01 1.157407407407407343e-02 1.095085470085470011e-02
0.000000000000000000e+00 8.550569800569800538e-01 8.810096153846154188e-01 1.388888888888888812e-02 1.201923076923076990e-02
0.000000000000000000e+00 8.806980056980057148e-01 8.262553418803418870e-01 1.282051282051282007e-02 1.148504273504273587e-02
0.000000000000000000e+00 9.546830484330484090e-01 8.649839743589743390e-01 1.691595441595441715e-02 1.415598290598290600e-02
0.000000000000000000e+00 8.880876068376067911e-01 8.779380341880341776e-01 1.299857549857549865e-02 9.081196581196581893e-03
0.000000000000000000e+00 8.899572649572649041e-01 8.888888888888888395e-01 1.566951566951567051e-02 1.014957264957264994e-02
0.000000000000000000e+00 8.931623931623932089e-01 9.082532051282051766e-01 1.353276353276353268e-02 9.882478632478632063e-03
0.000000000000000000e+00 8.946759259259259300e-01 9.201388888888888395e-01 1.299857549857549865e-02 9.615384615384615918e-03
0.000000000000000000e+00 1.386217948717948789e-01 3.603098290598290565e-01 1.299857549857549865e-02 8.012820512820512109e-03
0.000000000000000000e+00 6.292735042735042583e-01 4.473824786324786390e-02 5.698005698005698290e-03 1.575854700854700807e-02
0.000000000000000000e+00 9.140847578347578439e-01 8.206463675213675479e-01 8.725071225071224720e-03 1.949786324786324798e-02
