0.000000000000000000e+00 3.783831908831909036e-02 7.198183760683760091e-02 6.232193732193732315e-03 8.814102564102564014e-03
0.000000000000000000e+00 4.362535612535612534e-02 7.171474358974358476e-02 6.410256410256410034e-03 9.348290598290598039e-03
0.000000000000000000e+00 5.475427350427350404e-02 1.287393162393162260e-01 7.300569800569800365e-03 6.410256410256410034e-03
0.000000000000000000e+00 6.107549857549857825e-02 9.535256410256409687e-02 6.766381766381766340e-03 1.014957264957264994e-02
0.000000000000000000e+00 6.054131054131053902e-02 7.211538461538460898e-02 6.054131054131053728e-03 8.547008547008547868e-03
0.000000000000000000e+00 6.588319088319088968e-02 7.238247863247863900e-02 5.698005698005698290e-03 9.081196581196581893e-03
0.000000000000000000e+00 7.104700854700854440e-02 7.211538461538460898e-02 5.698005698005698290e-03 1.335470085470085409e-02
0.000000000000000000e+00 8.164173789173789775e-02 7.345085470085470358e-02 5.163817663817663398e-03 1.068376068376068397e-02
0.000000000000000000e+00 8.805199430199429911e-02 7.264957264957265515e-02 5.163817663817663398e-03 1.068376068376068397e-02
0.000000000000000000e+00 1.096866096866096901e-01 6.423611111111110494e-02 7.122507122507122646e-03 1.041666666666666609e-02
0.000000000000000000e+00 1.185897435897435848e-01 5.395299145299145560e-02 7.478632478632478951e-03 1.014957264957264994e-02
0.000000000000000000e+00 1.253561253561253641e-01 4.447115384615384776e-02 5.341880341880341984e-03 9.882478632478632063e-03
0.000000000000000000e+00 1.976495726495726413e-02 1.586538461538461453e-01 5.341880341880341984e-03 1.121794871794871799e-02
0.000000000000000000e+00 8.903133903133903307e-03 1.642628205128205121e-01 5.341880341880341984e-03 1.175213675213675202e-02
0.000000000000000000e+00 9.081196581196581893e-03 1.877670940170940161e-01 4.985754985754985678e-03 1.121794871794871799e-02
0.000000000000000000e+00 7.745726495726495964e-03 2.127403846153846090e-01 4.807692307692307959e-03 9.348290598290598039e-03
0.000000000000000000e+00 7.122507122507122646e-03 2.275641025641025605e-01 5.341880341880341984e-03 1.121794871794871799e-02
0.000000000000000000e+00 4.629629629629629373e-03 2.670940170940170888e-01 6.054131054131053728e-03 1.228632478632478604e-02
0.000000000000000000e+00 4.985754985754985678e-03 2.808493589743589758e-01 5.341880341880341984e-03 1.095085470085470011e-02
0.000000000000000000e+00 5.965099715099715302e-03 3.024839743589743390e-01 6.232193732193732315e-03 1.255341880341880392e-02
0.000000000000000000e+00 4.086538461538461592e-02 3.405448717948718063e-01 1.157407407407407343e-02 9.615384615384615918e-03
0.000000000000000000e+00 1.077279202279202326e-02 3.441506410256410242e-01 6.588319088319088621e-03 1.201923076923076990e-02
0.000000000000000000e+00 1.273148148148148077e-02 3.567040598290598385e-01 6.944444444444444059e-03 1.255341880341880392e-02
0.000000000000000000e+00 1.415598290598290600e-02 3.707264957264957417e-01 7.300569800569800365e-03 1.388888888888888812e-02
0.000000000000000000e+00 4.424857549857549865e-02 3.588408119658119677e-01 1.086182336182336255e-02 9.882478632478632063e-03
0.000000000000000000e+00 4.326923076923076816e-02 3.530982905982906206e-01 1.032763532763532680e-02 7.478632478632478951e-03
0.000000000000000000e+00 4.870014245014245291e-02 3.847489316239316448e-01 9.793447293447292770e-03 9.348290598290598039e-03
0.000000000000000000e+00 7.051282051282051211e-02 5.220352564102563875e-01 1.424501424501424529e-02 1.201923076923076990e-02
0.000000000000000000e+00 6.917735042735043138e-02 5.153579059829059839e-01 1.442307692307692388e-02 1.095085470085470011e-02
0.000000000000000000e+00 6.882122507122506727e-02 5.074786324786324521e-01 1.193019943019943060e-02 1.068376068376068397e-02
0.000000000000000000e+00 6.677350427350427220e-02 5.002670940170940161e-01 1.353276353276353268e-02 1.068376068376068397e-02
0.000000000000000000e+00 6.356837606837606458e-02 4.882478632478632341e-01 1.353276353276353268e-02 1.175213675213675202e-02
0.000000000000000000e+00 6.294515669515669820e-02 4.738247863247863068e-01 1.299857549857549865e-02 1.175213675213675202e-02
0.000000000000000000e+00 6.063034188034188005e-02 4.596688034188033956e-01 1.193019943019943060e-02 1.228632478632478604e-02
0.000000000000000000e+00 5.991809116809116570e-02 4.524572649572649596e-01 1.121794871794871799e-02 1.068376068376068397e-02
0.000000000000000000e+00 5.965099715099714955e-02 4.456463675213675479e-01 1.282051282051282007e-02 1.095085470085470011e-02
0.000000000000000000e+00 5.537749287749287735e-02 4.338942307692307820e-01 1.032763532763532680e-02 9.348290598290598039e-03
0.000000000000000000e+00 5.466524216524216301e-02 4.274839743589743390e-01 9.971509971509971357e-03 8.279914529914529989e-03
0.000000000000000000e+00 5.288461538461538408e-02 4.202724358974359031e-01 1.103988603988603941e-02 1.095085470085470011e-02
0.000000000000000000e+00 1.317663817663817794e-01 4.252136752136752018e-01 1.210826210826210746e-02 1.068376068376068397e-02
0.000000000000000000e+00 1.391559829059829112e-01 4.596688034188033956e-01 8.725071225071224720e-03 9.081196581196581893e-03
0.000000000000000000e+00 1.384437321937321830e-01 4.682158119658119677e-01 1.121794871794871799e-02 1.068376068376068397e-02
0.000000000000000000e+00 1.628383190883190834e-01 4.543269230769230727e-01 1.513532763532763475e-02 2.029914529914529989e-02
0.000000000000000000e+00 1.108440170940170888e-01 3.165064102564102422e-01 1.228632478632478604e-02 9.615384615384615918e-03
0.000000000000000000e+00 1.145833333333333287e-01 3.319978632478632341e-01 1.157407407407407343e-02 9.615384615384615918e-03
0.000000000000000000e+00 1.180555555555555525e-01 3.564369658119658224e-01 1.175213675213675202e-02 8.814102564102564014e-03
0.000000000000000000e+00 1.205484330484330457e-01 3.728632478632478708e-01 1.139601139601139658e-02 1.014957264957264994e-02
0.000000000000000000e+00 1.399572649572649596e-01 3.326655982905982745e-01 5.698005698005698290e-03 1.201923076923076990e-02
0.000000000000000000e+00 1.418269230769230727e-01 3.424145299145299193e-01 8.368945868945869282e-03 1.228632478632478604e-02
0.000000000000000000e+00 1.473468660968660915e-01 3.653846153846153633e-01 8.725071225071224720e-03 1.228632478632478604e-02
0.000000000000000000e+00 1.494836182336182206e-01 3.743322649572649596e-01 9.437321937321937332e-03 1.308760683760683795e-02
0.000000000000000000e+00 1.499287749287749327e-01 3.848824786324786529e-01 9.615384615384615918e-03 1.442307692307692388e-02
0.000000000000000000e+00 1.556267806267806197e-01 4.082532051282051211e-01 9.259259259259258745e-03 1.308760683760683795e-02
0.000000000000000000e+00 1.540242165242165229e-01 2.091346153846153910e-01 4.985754985754985678e-03 9.615384615384615918e-03
0.000000000000000000e+00 1.604344729344729381e-01 2.091346153846153910e-01 5.341880341880341984e-03 1.175213675213675202e-02
0.000000000000000000e+00 1.664886039886039892e-01 2.098023504273504314e-01 5.341880341880341984e-03 1.469017094017094002e-02
0.000000000000000000e+00 1.732549857549857686e-01 2.088675213675213749e-01 5.341880341880341984e-03 1.175213675213675202e-02
0.000000000000000000e+00 1.806445868945869004e-01 2.086004273504273587e-01 5.519943019943019703e-03 1.282051282051282007e-02
0.000000000000000000e+00 1.867877492877492995e-01 2.098023504273504314e-01 4.985754985754985678e-03 1.362179487179487197e-02
0.000000000000000000e+00 1.990740740740740700e-01 2.094017094017094072e-01 4.629629629629629373e-03 1.388888888888888812e-02
0.000000000000000000e+00 2.124287749287749327e-01 2.083333333333333426e-01 6.054131054131053728e-03 1.068376068376068397e-02
0.000000000000000000e+00 2.264066951566951480e-01 2.081997863247863345e-01 4.095441595441595348e-03 1.148504273504273587e-02
0.000000000000000000e+00 2.855235042735042583e-01 2.286324786324786251e-01 6.588319088319088621e-03 7.478632478632478951e-03
0.000000000000000000e+00 2.988782051282051211e-01 2.079326923076923184e-01 5.519943019943019703e-03 1.148504273504273587e-02
0.000000000000000000e+00 3.101851851851851749e-01 2.098023504273504314e-01 5.341880341880341984e-03 1.148504273504273587e-02
0.000000000000000000e+00 3.386752136752136932e-01 2.071314102564102699e-01 5.341880341880341984e-03 1.255341880341880392e-02
0.000000000000000000e+00 3.446403133903133686e-01 2.071314102564102699e-01 4.807692307692307959e-03 1.095085470085470011e-02
0.000000000000000000e+00 3.512286324786324521e-01 2.063301282051281937e-01 5.163817663817663398e-03 1.415598290598290600e-02
0.000000000000000000e+00 3.585292022792022637e-01 2.069978632478632341e-01 5.163817663817663398e-03 1.175213675213675202e-02
0.000000000000000000e+00 3.422364672364672233e-01 5.889423076923076816e-02 3.917378917378917629e-03 7.745726495726495964e-03
0.000000000000000000e+00 3.480235042735042583e-01 5.836004273504273587e-02 4.095441595441595348e-03 8.814102564102564014e-03
0.000000000000000000e+00 3.537215099715099731e-01 5.942841880341880045e-02 4.807692307692307959e-03 9.348290598290598039e-03
0.000000000000000000e+00 3.712606837606837740e-01 5.862713675213675202e-02 4.629629629629629373e-03 8.814102564102564014e-03
0.000000000000000000e+00 3.784722222222222099e-01 5.836004273504273587e-02 4.451566951566951653e-03 8.814102564102564014e-03
0.000000000000000000e+00 4.429309116809116986e-01 3.859508547008547175e-02 9.793447293447292770e-03 7.211538461538461939e-03
0.000000000000000000e+00 4.439992877492877632e-01 3.285256410256410381e-02 1.014957264957264994e-02 6.944444444444444059e-03
0.000000000000000000e+00 4.439992877492877632e-01 2.791132478632478778e-02 8.725071225071224720e-03 5.074786324786324972e-03
0.000000000000000000e+00 4.436431623931623713e-01 2.283653846153846020e-02 7.656695156695156670e-03 5.608974358974358997e-03
0.000000000000000000e+00 4.428418803418803229e-01 1.789529914529914417e-02 4.629629629629629373e-03 5.341880341880341984e-03
0.000000000000000000e+00 4.417735042735042583e-01 9.748931623931623991e-03 5.698005698005698290e-03 7.211538461538461939e-03
0.000000000000000000e+00 4.426638176638176825e-01 2.136752136752136967e-03 7.122507122507122646e-03 3.739316239316239476e-03
0.000000000000000000e+00 4.607371794871794601e-01 4.353632478632478431e-02 1.050569800569800538e-02 6.944444444444444059e-03
0.000000000000000000e+00 4.610042735042735318e-01 3.859508547008547175e-02 9.259259259259258745e-03 6.677350427350427046e-03
0.000000000000000000e+00 4.617165242165242045e-01 3.418803418803419147e-02 1.068376068376068397e-02 6.944444444444444059e-03
0.000000000000000000e+00 4.613603988603988681e-01 2.724358974358974395e-02 1.246438746438746463e-02 1.068376068376068397e-02
0.000000000000000000e+00 4.623397435897436125e-01 1.936431623931623991e-02 7.656695156695156670e-03 6.677350427350427046e-03
0.000000000000000000e+00 4.630519943019942852e-01 1.148504273504273587e-02 7.656695156695156670e-03 8.547008547008547868e-03
0.000000000000000000e+00 4.995548433048432879e-01 5.689102564102564014e-02 4.451566951566951653e-03 9.081196581196581893e-03
0.000000000000000000e+00 5.055199430199430743e-01 5.742521367521367243e-02 4.629629629629629373e-03 1.014957264957264994e-02
0.000000000000000000e+00 5.114850427350426942e-01 5.715811965811965628e-02 4.807692307692307959e-03 9.615384615384615918e-03
0.000000000000000000e+00 5.183404558404558493e-01 5.595619658119658363e-02 4.273504273504273934e-03 9.348290598290598039e-03
0.000000000000000000e+00 5.241274928774928288e-01 5.702457264957264821e-02 4.095441595441595348e-03 9.882478632478632063e-03
0.000000000000000000e+00 5.307158119658119677e-01 5.689102564102564014e-02 4.807692307692307959e-03 9.081196581196581893e-03
0.000000000000000000e+00 5.435363247863247427e-01 5.755876068376068050e-02 4.451566951566951653e-03 9.882478632478632063e-03
0.000000000000000000e+00 5.493233618233618332e-01 5.729166666666666435e-02 4.273504273504273934e-03 1.095085470085470011e-02
0.000000000000000000e+00 5.550213675213675479e-01 5.635683760683760785e-02 4.985754985754985678e-03 1.014957264957264994e-02
0.000000000000000000e+00 5.675747863247863068e-01 5.622329059829059977e-02 5.163817663817663398e-03 1.041666666666666609e-02
0.000000000000000000e+00 4.183582621082621023e-01 2.267628205128205121e-01 5.876068376068376009e-03 8.012820512820512109e-03
0.000000000000000000e+00 4.914529914529914278e-01 2.052617521367521292e-01 4.629629629629629373e-03 9.348290598290598039e-03
0.000000000000000000e+00 4.963497150997150942e-01 2.059294871794871695e-01 3.739316239316239476e-03 1.014957264957264994e-02
0.000000000000000000e+00 5.510149572649573058e-01 2.056623931623931534e-01 4.095441595441595348e-03 9.615384615384615918e-03
0.000000000000000000e+00 5.525284900284900269e-01 2.251602564102564152e-01 6.766381766381766340e-03 9.081196581196581893e-03
0.000000000000000000e+00 5.650819088319087857e-01 2.262286324786324798e-01 1.050569800569800538e-02 8.012820512820512109e-03
0.000000000000000000e+00 5.581374643874643660e-01 2.064636752136752018e-01 4.095441595441595348e-03 9.081196581196581893e-03
0.000000000000000000e+00 5.714031339031339085e-01 2.065972222222222099e-01 5.341880341880341984e-03 1.255341880341880392e-02
0.000000000000000000e+00 5.779024216524216717e-01 2.064636752136752018e-01 4.451566951566951653e-03 1.121794871794871799e-02
0.000000000000000000e+00 5.838675213675214026e-01 2.057959401709401615e-01 4.985754985754985678e-03 1.148504273504273587e-02
0.000000000000000000e+00 5.909900284900284628e-01 2.048611111111111049e-01 5.341880341880341984e-03 1.121794871794871799e-02
0.000000000000000000e+00 6.055911680911680861e-01 2.049946581196581130e-01 4.985754985754985678e-03 1.041666666666666609e-02
0.000000000000000000e+00 6.176103988603988126e-01 2.056623931623931534e-01 4.451566951566951653e-03 9.615384615384615918e-03
0.000000000000000000e+00 6.254451566951566566e-01 2.069978632478632341e-01 5.519943019943019703e-03 1.282051282051282007e-02
0.000000000000000000e+00 6.310541310541311066e-01 2.049946581196581130e-01 3.561253561253561323e-03 1.308760683760683795e-02
0.000000000000000000e+00 6.430733618233618332e-01 7.785790598290598385e-02 4.095441595441595348e-03 9.882478632478632063e-03
0.000000000000000000e+00 2.180377492877492995e-01 4.953258547008547175e-01 6.232193732193732315e-03 4.540598290598290947e-03
0.000000000000000000e+00 2.303240740740740700e-01 4.826388888888888951e-01 1.264245014245014322e-02 9.081196581196581893e-03
0.000000000000000000e+00 2.720797720797720753e-01 4.962606837606837740e-01 5.341880341880341984e-03 1.175213675213675202e-02
0.000000000000000000e+00 2.795584045584045829e-01 4.802350427350427498e-01 1.282051282051282007e-02 9.615384615384615918e-03
0.000000000000000000e+00 2.854344729344729381e-01 4.959935897435897578e-01 6.054131054131053728e-03 1.228632478632478604e-02
0.000000000000000000e+00 2.922898860398860377e-01 4.954594017094017255e-01 5.876068376068376009e-03 1.121794871794871799e-02
0.000000000000000000e+00 2.994123931623931534e-01 4.951923076923077094e-01 5.519943019943019703e-03 9.615384615384615918e-03
0.000000000000000000e+00 3.125890313390313202e-01 4.754273504273504036e-01 1.014957264957264994e-02 8.547008547008547868e-03
0.000000000000000000e+00 3.131232193732193525e-01 4.930555555555555802e-01 6.232193732193732315e-03 9.615384615384615918e-03
0.000000000000000000e+00 3.336894586894587067e-01 4.910523504273504036e-01 5.698005698005698290e-03 8.279914529914529989e-03
0.000000000000000000e+00 3.470441595441595695e-01 4.894497863247863068e-01 5.341880341880341984e-03 8.279914529914529989e-03
0.000000000000000000e+00 3.289707977207977363e-01 4.730235042735042583e-01 1.121794871794871799e-02 1.014957264957264994e-02
0.000000000000000000e+00 7.701210826210826144e-02 6.562500000000000000e-01 8.012820512820512109e-03 1.655982905982905998e-02
0.000000000000000000e+00 7.870370370370370627e-02 6.749465811965812412e-01 7.478632478632478951e-03 1.549145299145299193e-02
0.000000000000000000e+00 8.146367521367521569e-02 6.900373931623932089e-01 7.300569800569800365e-03 1.575854700854700807e-02
0.000000000000000000e+00 1.042556980056980054e-01 6.881677350427350959e-01 8.368945868945869282e-03 2.751068376068376009e-02
0.000000000000000000e+00 1.528668091168091103e-01 6.995192307692307265e-01 8.368945868945869282e-03 8.012820512820512109e-03
0.000000000000000000e+00 1.826032763532763614e-01 6.577190170940171443e-01 6.232193732193732315e-03 1.522435897435897405e-02
0.000000000000000000e+00 2.030804843304843399e-01 6.535790598290598385e-01 7.656695156695156670e-03 1.709401709401709574e-02
0.000000000000000000e+00 1.804665242165242045e-01 6.931089743589743390e-01 6.232193732193732315e-03 1.335470085470085409e-02
0.000000000000000000e+00 1.973824786324786251e-01 6.895032051282051766e-01 7.300569800569800365e-03 1.415598290598290600e-02
0.000000000000000000e+00 5.128205128205128027e-02 8.559027777777777901e-01 7.122507122507122646e-03 1.469017094017094002e-02
0.000000000000000000e+00 2.181267806267806197e-01 7.630876068376067911e-01 1.460113960113960073e-02 1.014957264957264994e-02
0.000000000000000000e+00 2.375356125356125336e-01 8.961004273504273865e-01 1.175213675213675202e-02 1.495726495726495790e-02
0.000000000000000000e+00 2.470619658119658224e-01 8.926282051282051766e-01 1.371082621082621127e-02 1.549145299145299193e-02
0.000000000000000000e+00 3.203347578347578439e-01 9.476495726495726135e-01 1.103988603988603941e-02 2.564102564102564014e-02
0.000000000000000000e+00 3.341346153846153633e-01 9.419070512820513219e-01 6.944444444444444059e-03 1.896367521367521222e-02
0.000000000000000000e+00 2.317485754985754987e-01 6.834935897435897578e-01 6.588319088319088621e-03 1.495726495726495790e-02
0.000000000000000000e+00 2.332621082621082753e-01 6.431623931623932089e-01 7.834757834757835257e-03 1.869658119658119608e-02
0.000000000000000000e+00 2.468839031339031265e-01 6.392895299145299193e-01 7.300569800569800365e-03 1.575854700854700807e-02
0.000000000000000000e+00 2.620192307692307820e-01 6.351495726495726135e-01 6.588319088319088621e-03 1.495726495726495790e-02
0.000000000000000000e+00 2.761752136752136932e-01 6.315438034188034511e-01 7.122507122507122646e-03 1.629273504273504383e-02
0.000000000000000000e+00 2.840099715099715372e-01 6.307425213675214026e-01 6.054131054131053728e-03 1.469017094017094002e-02
0.000000000000000000e+00 2.910434472934472772e-01 6.291399572649573058e-01 5.519943019943019703e-03 1.362179487179487197e-02
0.000000000000000000e+00 2.980769230769230727e-01 6.276709401709401615e-01 6.054131054131053728e-03 1.442307692307692388e-02
0.000000000000000000e+00 3.047542735042735318e-01 6.251335470085470636e-01 5.519943019943019703e-03 1.362179487179487197e-02
0.000000000000000000e+00 3.275462962962962798e-01 6.252670940170940161e-01 6.232193732193732315e-03 1.388888888888888812e-02
0.000000000000000000e+00 3.020833333333333148e-01 6.673344017094017255e-01 7.656695156695156670e-03 1.842948717948717993e-02
0.000000000000000000e+00 3.165954415954416179e-01 6.655982905982905651e-01 6.410256410256410034e-03 1.869658119658119608e-02
0.000000000000000000e+00 3.299501424501424252e-01 6.617254273504273865e-01 6.410256410256410034e-03 1.896367521367521222e-02
0.000000000000000000e+00 3.511396011396011319e-01 6.595886752136752573e-01 6.410256410256410034e-03 1.629273504273504383e-02
0.000000000000000000e+00 3.803418803418803229e-01 6.599893162393162260e-01 5.341880341880341984e-03 1.495726495726495790e-02
0.000000000000000000e+00 3.993945868945869004e-01 6.575854700854700807e-01 5.698005698005698290e-03 1.442307692307692388e-02
0.000000000000000000e+00 4.063390313390313202e-01 6.569177350427350959e-01 6.766381766381766340e-03 1.682692307692307612e-02
0.000000000000000000e+00 4.366987179487179516e-01 7.053952991452991927e-01 1.477920227920227932e-02 1.068376068376068397e-02
0.000000000000000000e+00 4.216524216524216717e-01 6.271367521367521292e-01 1.139601139601139658e-02 8.547008547008547868e-03
0.000000000000000000e+00 5.370370370370370905e-01 9.847756410256410797e-01 1.388888888888888812e-02 1.282051282051282007e-02
0.000000000000000000e+00 5.487001424501424252e-01 9.201388888888888395e-01 1.513532763532763475e-02 1.335470085470085409e-02
0.000000000000000000e+00 5.947293447293446889e-01 8.934294871794872250e-01 1.353276353276353268e-02 1.228632478632478604e-02
0.000000000000000000e+00 4.790776353276353094e-01 5.442040598290598385e-01 1.513532763532763475e-02 1.255341880341880392e-02
0.000000000000000000e+00 5.004451566951566566e-01 4.559294871794871695e-01 1.442307692307692388e-02 1.121794871794871799e-02
0.000000000000000000e+00 5.187856125356125059e-01 4.586004273504273310e-01 1.228632478632478604e-02 1.228632478632478604e-02
0.000000000000000000e+00 5.327635327635327211e-01 4.615384615384615641e-01 1.032763532763532680e-02 1.014957264957264994e-02
0.000000000000000000e+00 5.746972934472934780e-01 4.642094017094017255e-01 9.081196581196581893e-03 9.081196581196581893e-03
0.000000000000000000e+00 5.969551282051281937e-01 4.439102564102563875e-01 1.228632478632478604e-02 1.068376068376068397e-02
0.000000000000000000e+00 6.199252136752136932e-01 4.535256410256410242e-01 1.228632478632478604e-02 1.121794871794871799e-02
0.000000000000000000e+00 6.490384615384615641e-01 4.584668803418803229e-01 6.766381766381766340e-03 1.736111111111111188e-02
0.000000000000000000e+00 6.583867521367521292e-01 4.596688034188033956e-01 6.232193732193732315e-03 1.495726495726495790e-02
0.000000000000000000e+00 6.720085470085470636e-01 4.568643162393162260e-01 1.103988603988603941e-02 9.348290598290598039e-03
0.000000000000000000e+00 6.840277777777777901e-01 4.724893162393162260e-01 1.335470085470085409e-02 9.615384615384615918e-03
0.000000000000000000e+00 6.850961538461538547e-01 4.806356837606837740e-01 1.014957264957264994e-02 8.279914529914529989e-03
0.000000000000000000e+00 6.870548433048433434e-01 5.121527777777777901e-01 1.442307692307692388e-02 1.041666666666666609e-02
0.000000000000000000e+00 6.890135327635327211e-01 5.345886752136752573e-01 1.228632478632478604e-02 8.814102564102564014e-03
0.000000000000000000e+00 7.363782051282051766e-01 4.551282051282051211e-01 1.014957264957264994e-02 1.068376068376068397e-02
0.000000000000000000e+00 6.431623931623932089e-01 8.420138888888888395e-01 1.246438746438746463e-02 1.095085470085470011e-02
0.000000000000000000e+00 6.650641025641025328e-01 8.266559829059828557e-01 7.122507122507122646e-03 1.869658119658119608e-02
0.000000000000000000e+00 7.150106837606837740e-01 8.193108974358974672e-01 6.944444444444444059e-03 1.842948717948717993e-02
0.000000000000000000e+00 7.238247863247863068e-01 8.250534188034187588e-01 8.547008547008547868e-03 1.709401709401709574e-02
0.000000000000000000e+00 7.335292022792022637e-01 8.259882478632478708e-01 7.656695156695156670e-03 2.110042735042735179e-02
0.000000000000000000e+00 7.612179487179486781e-01 8.337339743589743390e-01 7.478632478632478951e-03 2.056623931623931603e-02
0.000000000000000000e+00 7.671830484330484090e-01 8.593750000000000000e-01 1.584757834757834910e-02 1.255341880341880392e-02
0.000000000000000000e+00 8.162393162393162260e-01 8.951655982905982745e-01 1.317663817663817724e-02 1.255341880341880392e-02
0.000000000000000000e+00 8.138354700854700807e-01 8.490918803418803229e-01 6.944444444444444059e-03 1.976495726495726413e-02
0.000000000000000000e+00 8.785612535612535856e-01 8.627136752136752573e-01 8.547008547008547868e-03 2.243589743589743599e-02
0.000000000000000000e+00 9.017094017094017255e-01 9.222756410256410797e-01 1.851851851851851749e-02 1.228632478632478604e-02
0.000000000000000000e+00 8.055555555555555802e-01 7.079326923076922906e-01 1.317663817663817724e-02 1.041666666666666609e-02
0.000000000000000000e+00 8.414351851851852304e-01 7.593482905982905651e-01 1.086182336182336255e-02 1.068376068376068397e-02
0.000000000000000000e+00 8.315527065527065220e-01 7.092681623931623713e-01 1.246438746438746463e-02 1.041666666666666609e-02
0.000000000000000000e+00 8.480235042735042583e-01 6.924412393162393542e-01 1.477920227920227932e-02 9.882478632478632063e-03
0.000000000000000000e+00 8.549679487179486781e-01 7.100694444444444198e-01 1.335470085470085409e-02 9.882478632478632063e-03
0.000000000000000000e+00 8.735754985754985436e-01 7.102029914529914834e-01 1.424501424501424529e-02 1.014957264957264994e-02
0.000000000000000000e+00 8.650284900284900269e-01 5.936164529914529364e-01 5.698005698005698290e-03 1.255341880341880392e-02
0.000000000000000000e+00 8.649394586894586512e-01 6.111111111111111605e-01 6.232193732193732315e-03 1.549145299145299193e-02
0.000000000000000000e+00 8.919159544159543929e-01 6.215277777777777901e-01 1.068376068376068397e-02 1.014957264957264994e-02
0.000000000000000000e+00 8.927172364672364413e-01 5.978899572649573058e-01 8.725071225071224720e-03 9.348290598290598039e-03
0.000000000000000000e+00 8.914707977207977363e-01 5.885416666666666297e-01 1.442307692307692388e-02 1.201923076923076990e-02
0.000000000000000000e+00 8.925391737891738009e-01 5.651709401709401615e-01 1.299857549857549865e-02 1.068376068376068397e-02
0.000000000000000000e+00 8.727742165242164951e-01 4.572649572649572502e-01 1.228632478632478604e-02 9.615384615384615918e-03
0.000000000000000000e+00 8.737535612535612950e-01 3.401442307692307820e-01 1.317663817663817724e-02 9.348290598290598039e-03
0.000000000000000000e+00 9.009081196581196771e-01 3.247863247863247982e-01 1.335470085470085409e-02 9.615384615384615918e-03
0.000000000000000000e+00 8.748219373219373596e-01 2.776442307692307820e-01 5.341880341880341984e-03 8.814102564102564014e-03
0.000000000000000000e+00 7.990562678062678170e-01 1.208600427350427359e-01 4.451566951566951653e-03 1.095085470085470011e-02
0.000000000000000000e+00 7.912215099715099731e-01 1.034989316239316171e-01 8.368945868945869282e-03 7.211538461538461939e-03
0.000000000000000000e+00 7.549857549857549310e-01 7.411858974358974395e-02 4.629629629629629373e-03 1.041666666666666609e-02
0.000000000000000000e+00 7.534722222222222099e-01 4.981303418803419147e-02 1.086182336182336255e-02 7.745726495726495964e-03
0.000000000000000000e+00 7.541844729344728826e-01 3.899572649572649596e-02 7.300569800569800365e-03 7.478632478632478951e-03
0.000000000000000000e+00 7.536502849002848503e-01 1.428952991452991407e-02 9.437321937321937332e-03 7.211538461538461939e-03
0.000000000000000000e+00 7.542735042735042583e-01 8.814102564102564014e-03 9.615384615384615918e-03 7.478632478632478951e-03
0.000000000000000000e+00 7.727029914529914834e-01 2.804487179487179585e-02 9.081196581196581893e-03 8.012820512820512109e-03
0.000000000000000000e+00 7.751068376068376287e-01 1.963141025641025605e-02 9.259259259259258745e-03 7.745726495726495964e-03
0.000000000000000000e+00 7.751068376068376287e-01 1.041666666666666609e-02 8.547008547008547868e-03 7.478632478632478951e-03
0.000000000000000000e+00 7.894408831908832358e-01 2.938034188034188005e-03 8.368945868945869282e-03 4.807692307692307959e-03
0.000000000000000000e+00 7.929131054131054457e-01 3.498931623931623991e-02 4.629629629629629373e-03 8.012820512820512109e-03
0.000000000000000000e+00 6.997863247863247982e-02 5.981570512820513219e-01 7.478632478632478951e-03 1.255341880341880392e-02
0.000000000000000000e+00 5.965099715099715372e-01 9.309561965811965489e-01 5.341880341880341984e-03 2.003205128205128374e-02
0.000000000000000000e+00 8.725961538461538547e-01 1.676014957264957139e-01 6.588319088319088621e-03 8.814102564102564014e-03
0.000000000000000000e+00 8.931623931623932089e-01 5.499465811965812412e-01 9.971509971509971357e-03 1.068376068376068397e-02
0.000000000000000000e+00 8.927172364672364413e-01 5.407318376068376287e-01 1.406695156695156670e-02 1.095085470085470011e-02
