0.000000000000000000e+00 1.160968660968660915e-01 2.604166666666666852e-01 1.175213675213675202e-02 1.014957264957264994e-02
0.000000000000000000e+00 1.502849002849002968e-01 1.879006410256410242e-01 1.210826210826210746e-02 1.041666666666666609e-02
0.000000000000000000e+00 1.656873219373219408e-01 1.929754273504273587e-01 1.264245014245014322e-02 1.041666666666666609e-02
0.000000000000000000e+00 1.918625356125356063e-01 1.276709401709401615e-01 5.876068376068376009e-03 1.228632478632478604e-02
0.000000000000000000e+00 2.056623931623931534e-01 1.260683760683760646e-01 6.410256410256410034e-03 1.388888888888888812e-02
0.000000000000000000e+00 1.461004273504273587e-01 6.850961538461539102e-02 1.299857549857549865e-02 9.882478632478632063e-03
0.000000000000000000e+00 1.607905982905983022e-01 6.583867521367521569e-02 1.388888888888888812e-02 1.041666666666666609e-02
0.000000000000000000e+00 1.761930199430199462e-01 6.169871794871795156e-02 1.264245014245014322e-02 1.121794871794871799e-02
0.000000000000000000e+00 1.911502849002849058e-01 5.822649572649572780e-02 1.014957264957264994e-02 1.068376068376068397e-02
0.000000000000000000e+00 2.069088319088319139e-01 5.528846153846153633e-02 1.175213675213675202e-02 1.014957264957264994e-02
0.000000000000000000e+00 1.531339031339031334e-02 4.345619658119658224e-01 1.673789173789173856e-02 1.388888888888888812e-02
0.000000000000000000e+00 1.130698005698005729e-02 4.448450854700854440e-01 1.371082621082621127e-02 8.814102564102564014e-03
0.000000000000000000e+00 1.121794871794871799e-02 4.543269230769230727e-01 1.638176638176638139e-02 1.068376068376068397e-02
0.000000000000000000e+00 9.437321937321937332e-03 4.640758547008547175e-01 1.388888888888888812e-02 1.041666666666666609e-02
0.000000000000000000e+00 9.526353276353276625e-03 4.736912393162392987e-01 1.727207977207977085e-02 1.148504273504273587e-02
0.000000000000000000e+00 6.944444444444444059e-03 9.093215811965812412e-01 8.903133903133903307e-03 1.949786324786324798e-02
0.000000000000000000e+00 2.596153846153846367e-01 1.562500000000000000e-02 6.766381766381766340e-03 1.362179487179487197e-02
0.000000000000000000e+00 3.383190883190883014e-01 3.138354700854700807e-02 1.175213675213675202e-02 9.882478632478632063e-03
0.000000000000000000e+00 3.523860398860398924e-01 2.777777777777777624e-02 1.175213675213675202e-02 1.068376068376068397e-02
0.000000000000000000e+00 3.660078347578347713e-01 2.497329059829059977e-02 1.157407407407407343e-02 9.882478632478632063e-03
0.000000000000000000e+00 2.572115384615384359e-01 4.006410256410256054e-03 6.232193732193732315e-03 6.410256410256410034e-03
0.000000000000000000e+00 7.876602564102563875e-01 5.101495726495726413e-02 1.193019943019943060e-02 9.615384615384615918e-03
0.000000000000000000e+00 8.154380341880341776e-01 5.608974358974359170e-02 9.437321937321937332e-03 7.478632478632478951e-03
0.000000000000000000e+00 7.844551282051281937e-01 1.869658119658119608e-02 1.335470085470085409e-02 9.081196581196581893e-03
0.000000000000000000e+00 7.840990028490028019e-01 1.188568376068376009e-02 1.193019943019943060e-02 7.211538461538461939e-03
0.000000000000000000e+00 6.193019943019942852e-01 3.281250000000000000e-01 9.259259259259258745e-03 1.736111111111111188e-02
0.000000000000000000e+00 6.332799145299145005e-01 3.241185897435897578e-01 8.012820512820512109e-03 1.522435897435897405e-02
0.000000000000000000e+00 6.347044159544159569e-01 4.225427350427350404e-01 7.656695156695156670e-03 1.655982905982905998e-02
0.000000000000000000e+00 6.651531339031339085e-01 3.108974358974359031e-01 1.121794871794871799e-02 1.068376068376068397e-02
0.000000000000000000e+00 6.996972934472934780e-01 4.369658119658119677e-01 1.371082621082621127e-02 1.228632478632478604e-02
0.000000000000000000e+00 7.257834757834757955e-01 4.623397435897436125e-01 1.103988603988603941e-02 1.923076923076923184e-02
0.000000000000000000e+00 8.267450142450142314e-01 4.035790598290598385e-01 1.424501424501424529e-02 3.792735042735042444e-02
0.000000000000000000e+00 8.622685185185184897e-01 4.178685897435897578e-01 1.620370370370370280e-02 1.255341880341880392e-02
0.000000000000000000e+00 9.252136752136752573e-01 4.758279914529914278e-01 7.834757834757835257e-03 2.056623931623931603e-02
0.000000000000000000e+00 9.239672364672364413e-01 4.586004273504273310e-01 7.834757834757835257e-03 1.709401709401709574e-02
0.000000000000000000e+00 9.355413105413105113e-01 4.718215811965811857e-01 7.834757834757835257e-03 1.949786324786324798e-02
0.000000000000000000e+00 9.145299145299145005e-01 5.141559829059828557e-01 8.190883190883190695e-03 2.083333333333333218e-02
0.000000000000000000e+00 9.261039886039885705e-01 5.173611111111111605e-01 8.190883190883190695e-03 1.655982905982905998e-02
0.000000000000000000e+00 9.659900284900284628e-01 4.874465811965811857e-01 1.745014245014244944e-02 1.121794871794871799e-02
0.000000000000000000e+00 9.838853276353276556e-01 4.674145299145299193e-01 6.944444444444444059e-03 1.495726495726495790e-02
0.000000000000000000e+00 9.952813390313390851e-01 4.715544871794871695e-01 8.368945868945869282e-03 1.896367521367521222e-02
0.000000000000000000e+00 9.654558404558404305e-01 7.410523504273504036e-01 8.903133903133903307e-03 2.163461538461538408e-02
0.000000000000000000e+00 9.664351851851852304e-01 9.843750000000000000e-01 1.371082621082621127e-02 2.644230769230769204e-02
0.000000000000000000e+00 7.723468660968660915e-01 9.688835470085470636e-01 9.793447293447292770e-03 2.323717948717948789e-02
0.000000000000000000e+00 7.824074074074074403e-01 9.694177350427350959e-01 8.547008547008547868e-03 2.163461538461538408e-02
0.000000000000000000e+00 8.034188034188034511e-01 9.722222222222222099e-01 7.834757834757835257e-03 2.350427350427350404e-02
0.000000000000000000e+00 5.129985754985755264e-01 2.190170940170940023e-02 1.353276353276353268e-02 1.068376068376068397e-02
0.000000000000000000e+00 8.803418803418803229e-01 3.163728632478632341e-01 3.561253561253561323e-03 1.041666666666666609e-02
0.000000000000000000e+00 8.926282051282051766e-01 3.175747863247863068e-01 5.698005698005698290e-03 1.282051282051282007e-02
0.000000000000000000e+00 9.119480056980057148e-01 2.781784188034188143e-01 6.232193732193732315e-03 1.148504273504273587e-02
0.000000000000000000e+00 9.198717948717948234e-01 2.783119658119658224e-01 6.766381766381766340e-03 1.014957264957264994e-02
0.000000000000000000e+00 9.579772079772079785e-01 3.071581196581196771e-01 1.210826210826210746e-02 1.282051282051282007e-02
0.000000000000000000e+00 9.690170940170940161e-01 2.994123931623931534e-01 6.766381766381766340e-03 1.549145299145299193e-02
0.000000000000000000e+00 9.789886039886039892e-01 3.120993589743589758e-01 7.834757834757835257e-03 1.469017094017094002e-02
0.000000000000000000e+00 9.960826210826211335e-01 2.524038461538461453e-01 7.478632478632478951e-03 1.068376068376068397e-02
0.000000000000000000e+00 9.886930199430199462e-01 5.157585470085470636e-01 5.519943019943019703e-03 1.388888888888888812e-02
