0.000000000000000000e+00 3.469551282051281937e-01 8.517628205128204844e-01 9.437321937321937332e-03 2.190170940170940023e-02
0.000000000000000000e+00 3.563924501424501345e-01 8.502938034188034511e-01 9.081196581196581893e-03 2.216880341880341984e-02
0.000000000000000000e+00 4.594907407407407551e-01 8.526976495726495964e-01 8.368945868945869282e-03 2.163461538461538408e-02
0.000000000000000000e+00 4.777421652421652287e-01 8.466880341880341776e-01 1.139601139601139658e-02 3.685897435897435986e-02
0.000000000000000000e+00 4.878917378917378977e-01 8.464209401709401615e-01 9.971509971509971357e-03 2.350427350427350404e-02
0.000000000000000000e+00 5.068554131054131551e-01 8.440170940170940161e-01 8.725071225071224720e-03 2.243589743589743599e-02
0.000000000000000000e+00 7.549857549857549865e-02 1.388888888888888951e-01 1.424501424501424529e-02 1.121794871794871799e-02
0.000000000000000000e+00 7.514245014245014842e-02 1.323450854700854717e-01 1.210826210826210746e-02 7.211538461538461939e-03
0.000000000000000000e+00 7.638888888888889506e-02 1.250000000000000000e-01 1.317663817663817724e-02 8.547008547008547868e-03
0.000000000000000000e+00 7.567663817663818071e-02 1.189903846153846090e-01 1.246438746438746463e-02 8.814102564102564014e-03
0.000000000000000000e+00 7.870370370370370627e-02 1.100427350427350404e-01 1.745014245014244944e-02 1.388888888888888812e-02
0.000000000000000000e+00 2.759971509971510112e-02 5.048076923076922906e-01 1.388888888888888812e-02 1.014957264957264994e-02
0.000000000000000000e+00 4.941239316239316032e-02 5.092147435897436125e-01 1.442307692307692388e-02 1.629273504273504383e-02
0.000000000000000000e+00 6.063034188034188005e-02 4.987980769230769273e-01 1.727207977207977085e-02 1.201923076923076990e-02
0.000000000000000000e+00 7.612179487179486503e-02 5.463408119658119677e-01 7.300569800569800365e-03 1.469017094017094002e-02
0.000000000000000000e+00 5.252849002849002691e-02 5.992254273504273865e-01 7.834757834757835257e-03 1.842948717948717993e-02
0.000000000000000000e+00 4.487179487179487197e-02 6.728098290598291120e-01 7.478632478632478951e-03 1.762820512820512803e-02
0.000000000000000000e+00 4.300213675213675202e-02 6.985844017094017255e-01 7.656695156695156670e-03 2.056623931623931603e-02
0.000000000000000000e+00 1.014066951566951619e-01 9.659455128205127750e-01 6.944444444444444059e-03 2.216880341880341984e-02
0.000000000000000000e+00 1.243767806267806336e-01 9.610042735042735318e-01 8.725071225071224720e-03 2.243589743589743599e-02
0.000000000000000000e+00 5.907229344729344467e-01 2.991452991452991581e-02 8.012820512820512109e-03 1.335470085470085409e-02
0.000000000000000000e+00 6.029202279202279247e-01 2.751068376068376009e-02 6.766381766381766340e-03 1.175213675213675202e-02
0.000000000000000000e+00 6.580306267806267373e-01 1.081730769230769273e-01 1.157407407407407343e-02 9.081196581196581893e-03
0.000000000000000000e+00 6.795762108262107803e-01 1.258012820512820484e-01 9.793447293447292770e-03 1.549145299145299193e-02
0.000000000000000000e+00 6.301638176638176825e-01 1.749465811965811995e-02 9.259259259259258745e-03 8.279914529914529989e-03
0.000000000000000000e+00 7.952279202279202153e-01 9.268162393162393542e-02 1.282051282051282007e-02 1.014957264957264994e-02
0.000000000000000000e+00 8.364494301994301884e-01 1.614583333333333426e-01 5.876068376068376009e-03 1.522435897435897405e-02
0.000000000000000000e+00 8.462428774928775210e-01 1.619925213675213749e-01 6.232193732193732315e-03 9.348290598290598039e-03
0.000000000000000000e+00 8.551460113960114295e-01 1.307425213675213749e-01 6.232193732193732315e-03 1.362179487179487197e-02
0.000000000000000000e+00 8.465099715099715372e-01 1.331463675213675202e-01 6.410256410256410034e-03 1.682692307692307612e-02
0.000000000000000000e+00 8.465990028490028019e-01 1.203258547008547036e-01 6.944444444444444059e-03 1.201923076923076990e-02
0.000000000000000000e+00 9.055377492877493273e-01 1.291399572649572780e-01 6.944444444444444059e-03 1.682692307692307612e-02
0.000000000000000000e+00 8.958333333333333703e-01 1.263354700854700807e-01 6.410256410256410034e-03 1.495726495726495790e-02
0.000000000000000000e+00 9.293981481481481399e-01 7.178151709401708880e-01 1.798433048433048520e-02 1.736111111111111188e-02
0.000000000000000000e+00 8.675213675213675479e-01 4.802350427350427498e-01 1.032763532763532680e-02 1.869658119658119608e-02
0.000000000000000000e+00 7.109152421652421561e-01 4.727564102564102422e-01 8.012820512820512109e-03 1.655982905982905998e-02
0.000000000000000000e+00 7.191951566951566566e-01 4.726228632478632341e-01 7.122507122507122646e-03 1.469017094017094002e-02
0.000000000000000000e+00 7.362001424501424252e-01 4.736912393162392987e-01 6.588319088319088621e-03 1.629273504273504383e-02
0.000000000000000000e+00 8.732193732193732627e-01 3.177083333333333148e-01 6.766381766381766340e-03 1.575854700854700807e-02
0.000000000000000000e+00 9.486289173789174134e-01 3.218482905982906206e-01 1.442307692307692388e-02 1.121794871794871799e-02
0.000000000000000000e+00 9.639423076923077094e-01 3.239850427350427498e-01 1.584757834757834910e-02 1.068376068376068397e-02
0.000000000000000000e+00 9.589565527065526673e-01 3.142361111111111049e-01 1.584757834757834910e-02 1.041666666666666609e-02
0.000000000000000000e+00 9.599358974358974672e-01 2.755074786324786529e-01 3.561253561253561323e-03 9.348290598290598039e-03
0.000000000000000000e+00 9.874465811965812412e-01 2.610844017094017255e-01 1.335470085470085409e-02 1.041666666666666609e-02
0.000000000000000000e+00 9.884259259259259300e-01 2.720352564102563875e-01 1.602564102564102422e-02 1.041666666666666609e-02
0.000000000000000000e+00 9.922542735042735318e-01 2.879273504273504036e-01 1.406695156695156670e-02 1.014957264957264994e-02
0.000000000000000000e+00 9.967948717948718063e-01 3.255876068376068466e-01 6.410256410256410034e-03 1.014957264957264994e-02
0.000000000000000000e+00 9.258368945868945543e-01 8.106303418803419147e-02 1.157407407407407343e-02 8.814102564102564014e-03
0.000000000000000000e+00 9.633190883190883014e-01 9.949252136752136100e-02 1.210826210826210746e-02 9.348290598290598039e-03
0.000000000000000000e+00 9.652777777777777901e-01 1.250000000000000000e-01 1.103988603988603941e-02 8.547008547008547868e-03
0.000000000000000000e+00 9.662571225071224790e-01 1.326121794871794879e-01 1.228632478632478604e-02 9.882478632478632063e-03
0.000000000000000000e+00 9.673254985754985436e-01 1.404914529914529919e-01 1.406695156695156670e-02 9.615384615384615918e-03
0.000000000000000000e+00 9.696403133903134242e-01 1.646634615384615363e-01 1.335470085470085409e-02 1.041666666666666609e-02
0.000000000000000000e+00 9.732905982905982745e-01 1.778846153846153910e-01 1.210826210826210746e-02 9.081196581196581893e-03
0.000000000000000000e+00 9.763176638176638278e-01 1.900373931623931534e-01 1.317663817663817724e-02 1.095085470085470011e-02
0.000000000000000000e+00 8.783831908831908342e-01 1.228632478632478604e-02 1.068376068376068397e-02 1.068376068376068397e-02
0.000000000000000000e+00 8.886217948717948234e-01 7.077991452991452999e-03 5.876068376068376009e-03 1.201923076923076990e-02
0.000000000000000000e+00 8.960113960113960108e-01 1.495726495726495790e-02 6.410256410256410034e-03 1.442307692307692388e-02
0.000000000000000000e+00 9.228098290598291120e-01 2.550747863247863206e-02 5.519943019943019703e-03 1.201923076923076990e-02
0.000000000000000000e+00 9.262820512820513219e-01 5.141559829059828834e-02 7.834757834757835257e-03 9.882478632478632063e-03
0.000000000000000000e+00 9.497863247863247427e-01 9.615384615384615918e-03 1.032763532763532680e-02 9.081196581196581893e-03
0.000000000000000000e+00 9.494301994301994618e-01 2.871260683760683621e-02 1.353276353276353268e-02 1.148504273504273587e-02
0.000000000000000000e+00 9.544159544159543929e-01 6.957799145299145560e-02 1.246438746438746463e-02 9.348290598290598039e-03
0.000000000000000000e+00 9.561075498575498655e-01 6.236645299145299193e-02 1.335470085470085409e-02 8.279914529914529989e-03
0.000000000000000000e+00 9.539707977207977363e-01 5.675747863247863206e-02 1.121794871794871799e-02 8.279914529914529989e-03
0.000000000000000000e+00 6.420049857549857686e-01 9.276175213675214026e-01 1.620370370370370280e-02 1.335470085470085409e-02
0.000000000000000000e+00 7.650462962962962798e-01 8.266559829059828834e-02 1.371082621082621127e-02 3.018162393162393195e-02
0.000000000000000000e+00 9.064280626780626404e-01 7.407852564102563875e-01 1.299857549857549865e-02 2.216880341880341984e-02
0.000000000000000000e+00 8.626246438746438816e-01 9.699519230769231282e-01 1.371082621082621127e-02 1.362179487179487197e-02
0.000000000000000000e+00 9.591346153846154188e-01 9.654113247863247427e-01 1.584757834757834910e-02 9.882478632478632063e-03
