0.000000000000000000e+00 6.561609686609685965e-02 3.352029914529914417e-02 6.232193732193732315e-03 1.148504273504273587e-02
0.000000000000000000e+00 6.080840455840455516e-02 5.822649572649572780e-02 5.519943019943019703e-03 1.121794871794871799e-02
0.000000000000000000e+00 5.920584045584045829e-02 6.917735042735043138e-02 5.163817663817663398e-03 9.615384615384615918e-03
0.000000000000000000e+00 5.404202279202278969e-02 1.145833333333333287e-01 6.232193732193732315e-03 1.121794871794871799e-02
0.000000000000000000e+00 5.074786324786324798e-02 1.274038461538461453e-01 6.766381766381766340e-03 1.335470085470085409e-02
0.000000000000000000e+00 3.952991452991452825e-02 1.754807692307692180e-01 7.122507122507122646e-03 1.175213675213675202e-02
0.000000000000000000e+00 3.151709401709401615e-02 2.047275641025640969e-01 6.410256410256410034e-03 1.201923076923076990e-02
0.000000000000000000e+00 7.069088319088319416e-02 1.858974358974359031e-01 1.139601139601139658e-02 1.068376068376068397e-02
0.000000000000000000e+00 1.077279202279202291e-01 1.840277777777777901e-01 5.698005698005698290e-03 1.228632478632478604e-02
0.000000000000000000e+00 9.659900284900284351e-02 1.493055555555555525e-01 6.232193732193732315e-03 1.282051282051282007e-02
0.000000000000000000e+00 1.039886039886039892e-01 1.485042735042735040e-01 5.698005698005698290e-03 1.068376068376068397e-02
0.000000000000000000e+00 9.846866096866097040e-02 1.371527777777777901e-01 5.698005698005698290e-03 1.148504273504273587e-02
0.000000000000000000e+00 1.187678062678062668e-01 1.332799145299145283e-01 5.698005698005698290e-03 1.068376068376068397e-02
0.000000000000000000e+00 9.366096866096866591e-02 1.153846153846153910e-01 6.054131054131053728e-03 1.175213675213675202e-02
0.000000000000000000e+00 1.094195156695156740e-01 1.105769230769230727e-01 5.163817663817663398e-03 1.014957264957264994e-02
0.000000000000000000e+00 1.160078347578347574e-01 1.100427350427350404e-01 5.163817663817663398e-03 1.014957264957264994e-02
0.000000000000000000e+00 1.225071225071225067e-01 1.097756410256410242e-01 6.410256410256410034e-03 1.282051282051282007e-02
0.000000000000000000e+00 1.363069800569800538e-01 1.084401709401709435e-01 5.876068376068376009e-03 1.228632478632478604e-02
0.000000000000000000e+00 1.491274928774928843e-01 1.068376068376068327e-01 5.163817663817663398e-03 1.068376068376068397e-02
0.000000000000000000e+00 1.558938746438746359e-01 1.056356837606837601e-01 5.519943019943019703e-03 1.362179487179487197e-02
0.000000000000000000e+00 1.467236467236467112e-01 1.318108974358974395e-01 5.698005698005698290e-03 1.148504273504273587e-02
0.000000000000000000e+00 1.680911680911680861e-01 1.172542735042735040e-01 1.353276353276353268e-02 8.012820512820512109e-03
0.000000000000000000e+00 1.683582621082621023e-01 1.229967948717948650e-01 1.086182336182336255e-02 6.143162393162393022e-03
0.000000000000000000e+00 1.680021367521367659e-01 1.283386752136752018e-01 9.793447293447292770e-03 6.143162393162393022e-03
0.000000000000000000e+00 1.675569800569800538e-01 1.339476495726495686e-01 1.210826210826210746e-02 7.211538461538461939e-03
0.000000000000000000e+00 1.683582621082621023e-01 1.395566239316239354e-01 9.437321937321937332e-03 7.745726495726495964e-03
0.000000000000000000e+00 1.672898860398860377e-01 1.465010683760683829e-01 1.157407407407407343e-02 7.211538461538461939e-03
0.000000000000000000e+00 1.665776353276353372e-01 1.521100427350427220e-01 1.014957264957264994e-02 6.677350427350427046e-03
0.000000000000000000e+00 1.664886039886039892e-01 1.574519230769230727e-01 1.139601139601139658e-02 6.143162393162393022e-03
0.000000000000000000e+00 1.654202279202279247e-01 1.630608974358974395e-01 1.282051282051282007e-02 7.745726495726495964e-03
0.000000000000000000e+00 1.652421652421652287e-01 1.693376068376068466e-01 1.139601139601139658e-02 6.944444444444444059e-03
0.000000000000000000e+00 1.635505698005698116e-01 1.761485042735042861e-01 1.086182336182336255e-02 8.814102564102564014e-03
0.000000000000000000e+00 1.654202279202279247e-01 1.824252136752136655e-01 1.068376068376068397e-02 8.547008547008547868e-03
0.000000000000000000e+00 2.043269230769230727e-01 1.782852564102564152e-01 6.588319088319088621e-03 1.308760683760683795e-02
0.000000000000000000e+00 1.931980056980056870e-01 2.017895299145299193e-01 5.698005698005698290e-03 9.882478632478632063e-03
0.000000000000000000e+00 2.332621082621082753e-01 1.742788461538461453e-01 5.698005698005698290e-03 1.522435897435897405e-02
0.000000000000000000e+00 2.398504273504273587e-01 1.728098290598290565e-01 4.985754985754985678e-03 1.282051282051282007e-02
0.000000000000000000e+00 2.648682336182336394e-01 8.506944444444444753e-02 5.519943019943019703e-03 1.255341880341880392e-02
0.000000000000000000e+00 2.792022792022791911e-01 1.233974358974359031e-01 1.317663817663817724e-02 1.068376068376068397e-02
0.000000000000000000e+00 2.636217948717948789e-01 1.662660256410256332e-01 4.451566951566951653e-03 1.148504273504273587e-02
0.000000000000000000e+00 3.399216524216523982e-01 6.116452991452991234e-02 4.985754985754985678e-03 1.175213675213675202e-02
0.000000000000000000e+00 3.462428774928774655e-01 6.116452991452991234e-02 5.519943019943019703e-03 1.228632478632478604e-02
0.000000000000000000e+00 4.083867521367521292e-01 5.114850427350427220e-02 9.793447293447292770e-03 6.677350427350427046e-03
0.000000000000000000e+00 4.103454415954416179e-01 5.542200854700854440e-02 8.368945868945869282e-03 5.608974358974358997e-03
0.000000000000000000e+00 2.733262108262108359e-01 2.649572649572649596e-01 5.698005698005698290e-03 1.175213675213675202e-02
0.000000000000000000e+00 3.027955840455840431e-01 2.791132478632478708e-01 1.157407407407407343e-02 9.615384615384615918e-03
0.000000000000000000e+00 2.988782051282051211e-01 2.995459401709401615e-01 9.081196581196581893e-03 7.745726495726495964e-03
0.000000000000000000e+00 5.353454415954416179e-01 1.051014957264957278e-01 6.232193732193732315e-03 1.201923076923076990e-02
0.000000000000000000e+00 5.081018518518518601e-01 1.696047008547008628e-01 1.299857549857549865e-02 1.121794871794871799e-02
0.000000000000000000e+00 5.063212250712251228e-01 1.780181623931623991e-01 1.014957264957264994e-02 7.745726495726495964e-03
0.000000000000000000e+00 5.066773504273504036e-01 1.845619658119658224e-01 1.050569800569800538e-02 9.615384615384615918e-03
0.000000000000000000e+00 5.066773504273504036e-01 1.912393162393162260e-01 8.725071225071224720e-03 8.547008547008547868e-03
0.000000000000000000e+00 5.096153846153845812e-01 1.979166666666666574e-01 1.353276353276353268e-02 1.014957264957264994e-02
0.000000000000000000e+00 4.954594017094017255e-01 1.223290598290598247e-01 6.944444444444444059e-03 1.335470085470085409e-02
0.000000000000000000e+00 5.588497150997151497e-01 4.193376068376068050e-02 1.086182336182336255e-02 8.547008547008547868e-03
0.000000000000000000e+00 4.549501424501424252e-01 2.279647435897435848e-01 5.698005698005698290e-03 1.201923076923076990e-02
0.000000000000000000e+00 4.616274928774928843e-01 2.274305555555555525e-01 5.519943019943019703e-03 1.201923076923076990e-02
0.000000000000000000e+00 4.472934472934472772e-01 3.231837606837607013e-01 5.341880341880341984e-03 1.388888888888888812e-02
0.000000000000000000e+00 4.477386039886039892e-01 3.361378205128205399e-01 5.876068376068376009e-03 1.362179487179487197e-02
0.000000000000000000e+00 1.558938746438746359e-01 2.636217948717948789e-01 7.656695156695156670e-03 7.478632478632478951e-03
0.000000000000000000e+00 1.623931623931623991e-01 3.019497863247863068e-01 6.054131054131053728e-03 1.362179487179487197e-02
0.000000000000000000e+00 1.374643874643874664e-01 3.340010683760683552e-01 5.698005698005698290e-03 1.469017094017094002e-02
0.000000000000000000e+00 1.446759259259259300e-01 3.329326923076922906e-01 5.519943019943019703e-03 1.201923076923076990e-02
0.000000000000000000e+00 1.517094017094016978e-01 3.313301282051281937e-01 5.698005698005698290e-03 1.362179487179487197e-02
0.000000000000000000e+00 1.596331908831908897e-01 3.294604700854700807e-01 5.519943019943019703e-03 1.148504273504273587e-02
0.000000000000000000e+00 1.762820512820512941e-01 3.275908119658119677e-01 5.698005698005698290e-03 1.308760683760683795e-02
0.000000000000000000e+00 1.836716524216524260e-01 3.263888888888888951e-01 6.232193732193732315e-03 1.335470085470085409e-02
0.000000000000000000e+00 1.582977207977208089e-01 3.644497863247863068e-01 5.341880341880341984e-03 9.882478632478632063e-03
0.000000000000000000e+00 1.471688034188034233e-01 3.806089743589743390e-01 6.944444444444444059e-03 1.282051282051282007e-02
0.000000000000000000e+00 1.450320512820512941e-01 4.047809829059829112e-01 5.876068376068376009e-03 1.308760683760683795e-02
0.000000000000000000e+00 1.276709401709401615e-01 4.134615384615384359e-01 6.410256410256410034e-03 1.655982905982905998e-02
0.000000000000000000e+00 1.266915954415954448e-01 4.326923076923077094e-01 6.232193732193732315e-03 1.602564102564102422e-02
0.000000000000000000e+00 1.420049857549857686e-01 4.437767094017093794e-01 6.232193732193732315e-03 1.362179487179487197e-02
0.000000000000000000e+00 1.406695156695156601e-01 4.615384615384615641e-01 7.478632478632478951e-03 1.549145299145299193e-02
0.000000000000000000e+00 8.618233618233618609e-02 5.129540598290598385e-01 1.388888888888888812e-02 1.201923076923076990e-02
0.000000000000000000e+00 2.731481481481481399e-01 4.089209401709401615e-01 4.629629629629629373e-03 1.228632478632478604e-02
0.000000000000000000e+00 7.042378917378917802e-02 6.541132478632478708e-01 1.193019943019943060e-02 1.068376068376068397e-02
0.000000000000000000e+00 8.466880341880342331e-02 6.519764957264957417e-01 1.299857549857549865e-02 9.081196581196581893e-03
0.000000000000000000e+00 1.050569800569800538e-01 6.491720085470085166e-01 1.531339031339031334e-02 9.348290598290598039e-03
0.000000000000000000e+00 1.334579772079771964e-01 7.092681623931623713e-01 8.012820512820512109e-03 2.003205128205128374e-02
0.000000000000000000e+00 2.061075498575498655e-01 6.006944444444444198e-01 7.300569800569800365e-03 1.816239316239316379e-02
0.000000000000000000e+00 2.239138176638176547e-01 5.965544871794872250e-01 7.300569800569800365e-03 1.575854700854700807e-02
0.000000000000000000e+00 2.395833333333333426e-01 5.925480769230768718e-01 6.944444444444444059e-03 1.469017094017094002e-02
0.000000000000000000e+00 3.110754985754985991e-01 5.829326923076922906e-01 7.478632478632478951e-03 1.575854700854700807e-02
0.000000000000000000e+00 3.187321937321937471e-01 5.811965811965812412e-01 6.410256410256410034e-03 1.549145299145299193e-02
0.000000000000000000e+00 3.269230769230769273e-01 5.787927350427350959e-01 7.122507122507122646e-03 1.762820512820512803e-02
0.000000000000000000e+00 3.432158119658119677e-01 5.754540598290598385e-01 8.012820512820512109e-03 1.842948717948717993e-02
0.000000000000000000e+00 3.519408831908831803e-01 5.731837606837606458e-01 6.944444444444444059e-03 1.762820512820512803e-02
0.000000000000000000e+00 3.603098290598290565e-01 5.703792735042735318e-01 6.588319088319088621e-03 1.575854700854700807e-02
0.000000000000000000e+00 3.172186609686609704e-01 8.059561965811965489e-01 7.656695156695156670e-03 2.003205128205128374e-02
0.000000000000000000e+00 3.020833333333333148e-01 8.633814102564102422e-01 8.012820512820512109e-03 1.949786324786324798e-02
0.000000000000000000e+00 3.358262108262108359e-01 8.677884615384615641e-01 8.190883190883190695e-03 2.083333333333333218e-02
0.000000000000000000e+00 3.461538461538461453e-01 8.644497863247863068e-01 7.122507122507122646e-03 2.056623931623931603e-02
0.000000000000000000e+00 3.552350427350427498e-01 8.625801282051281937e-01 8.903133903133903307e-03 2.590811965811965975e-02
0.000000000000000000e+00 3.648504273504273310e-01 8.595085470085470636e-01 7.478632478632478951e-03 2.350427350427350404e-02
0.000000000000000000e+00 3.734864672364672233e-01 8.600427350427350959e-01 8.012820512820512109e-03 2.190170940170940023e-02
0.000000000000000000e+00 3.115206552706552556e-01 9.700854700854700807e-01 8.012820512820512109e-03 2.297008547008547175e-02
0.000000000000000000e+00 3.495370370370370350e-01 9.102564102564102422e-01 9.615384615384615918e-03 3.044871794871794810e-02
0.000000000000000000e+00 3.599537037037037202e-01 9.102564102564102422e-01 6.944444444444444059e-03 2.029914529914529989e-02
0.000000000000000000e+00 3.681445868945869004e-01 9.047809829059828557e-01 6.944444444444444059e-03 1.415598290598290600e-02
0.000000000000000000e+00 2.307692307692307820e-01 6.276709401709401615e-01 1.780626780626780661e-02 1.282051282051282007e-02
0.000000000000000000e+00 4.553952991452991372e-01 7.788461538461538547e-01 1.655982905982905998e-02 1.388888888888888812e-02
0.000000000000000000e+00 4.821937321937321830e-01 8.687232905982905651e-01 1.745014245014244944e-02 1.415598290598290600e-02
0.000000000000000000e+00 5.089921652421652842e-01 8.806089743589743390e-01 1.905270655270655325e-02 1.335470085470085409e-02
0.000000000000000000e+00 5.191417378917378977e-01 8.685897435897436125e-01 1.584757834757834910e-02 1.068376068376068397e-02
0.000000000000000000e+00 5.227920227920227481e-01 9.017094017094017255e-01 1.566951566951567051e-02 1.282051282051282007e-02
0.000000000000000000e+00 5.243055555555555802e-01 9.149305555555555802e-01 1.584757834757834910e-02 1.362179487179487197e-02
0.000000000000000000e+00 5.271545584045583821e-01 9.272168803418803229e-01 1.477920227920227932e-02 1.522435897435897405e-02
0.000000000000000000e+00 4.920762108262108359e-01 9.485844017094017255e-01 1.691595441595441715e-02 1.308760683760683795e-02
0.000000000000000000e+00 5.923254985754985436e-01 6.581196581196581130e-01 7.656695156695156670e-03 1.923076923076923184e-02
0.000000000000000000e+00 6.015847578347578439e-01 7.310363247863247427e-01 8.012820512820512109e-03 1.923076923076923184e-02
0.000000000000000000e+00 6.128917378917378977e-01 7.267628205128204844e-01 7.834757834757835257e-03 1.869658119658119608e-02
0.000000000000000000e+00 6.059472934472934780e-01 7.569444444444444198e-01 8.547008547008547868e-03 1.976495726495726413e-02
0.000000000000000000e+00 8.923611111111111605e-01 9.212072649572649041e-01 1.050569800569800538e-02 2.083333333333333218e-02
0.000000000000000000e+00 9.344729344729344467e-01 9.102564102564102422e-01 1.246438746438746463e-02 2.243589743589743599e-02
0.000000000000000000e+00 9.434650997150997309e-01 9.093215811965812412e-01 1.299857549857549865e-02 2.163461538461538408e-02
0.000000000000000000e+00 2.215099715099715094e-01 3.616452991452991372e-01 5.698005698005698290e-03 9.081196581196581893e-03
0.000000000000000000e+00 3.891559829059829112e-01 5.189636752136752573e-01 7.656695156695156670e-03 1.655982905982905998e-02
0.000000000000000000e+00 3.905804843304843121e-01 5.371260683760683552e-01 5.876068376068376009e-03 1.549145299145299193e-02
0.000000000000000000e+00 1.961360398860398924e-01 8.146367521367521569e-02 1.121794871794871799e-02 5.341880341880341984e-03
