0.000000000000000000e+00 3.507834757834758094e-02 4.660790598290598385e-02 1.175213675213675202e-02 9.348290598290598039e-03
0.000000000000000000e+00 4.513888888888888812e-02 5.101495726495726413e-02 9.793447293447292770e-03 9.081196581196581893e-03
0.000000000000000000e+00 6.232193732193732488e-02 5.836004273504273587e-02 1.068376068376068397e-02 9.348290598290598039e-03
0.000000000000000000e+00 5.270655270655270896e-02 6.917735042735043138e-02 8.190883190883190695e-03 9.081196581196581893e-03
0.000000000000000000e+00 1.781517094017094072e-01 1.028311965811965802e-02 9.081196581196581893e-03 9.882478632478632063e-03
0.000000000000000000e+00 1.948896011396011319e-01 2.150106837606837601e-02 6.588319088319088621e-03 8.279914529914529989e-03
0.000000000000000000e+00 2.131410256410256332e-01 3.044871794871794810e-02 7.478632478632478951e-03 7.478632478632478951e-03
0.000000000000000000e+00 2.184829059829059839e-01 3.472222222222222376e-02 7.122507122507122646e-03 7.478632478632478951e-03
0.000000000000000000e+00 2.343304843304843399e-01 4.300213675213675202e-02 7.478632478632478951e-03 8.012820512820512109e-03
0.000000000000000000e+00 2.419871794871794879e-01 4.727564102564102422e-02 6.054131054131053728e-03 6.410256410256410034e-03
0.000000000000000000e+00 2.475961538461538547e-01 5.088141025641025605e-02 5.163817663817663398e-03 9.882478632478632063e-03
0.000000000000000000e+00 2.548967236467236663e-01 5.502136752136752018e-02 8.368945868945869282e-03 9.081196581196581893e-03
0.000000000000000000e+00 2.976317663817663606e-01 8.640491452991452825e-02 9.793447293447292770e-03 1.148504273504273587e-02
0.000000000000000000e+00 4.600249287749287874e-01 6.663995726495726413e-02 1.193019943019943060e-02 9.348290598290598039e-03
0.000000000000000000e+00 4.618945868945869004e-01 7.184829059829059283e-02 1.210826210826210746e-02 9.081196581196581893e-03
0.000000000000000000e+00 4.702635327635327767e-01 5.809294871794871973e-02 1.068376068376068397e-02 8.279914529914529989e-03
0.000000000000000000e+00 4.652777777777777901e-01 5.208333333333333565e-02 1.103988603988603941e-02 9.081196581196581893e-03
0.000000000000000000e+00 4.820156695156695426e-01 4.313568376068376009e-02 7.122507122507122646e-03 1.095085470085470011e-02
0.000000000000000000e+00 4.749821937321937471e-01 7.411858974358974395e-02 6.232193732193732315e-03 7.211538461538461939e-03
0.000000000000000000e+00 5.341880341880341776e-01 1.083066239316239354e-01 9.259259259259258745e-03 6.143162393162393022e-03
0.000000000000000000e+00 9.368767806267805920e-01 1.121794871794871799e-02 7.656695156695156670e-03 1.175213675213675202e-02
0.000000000000000000e+00 9.354522792022792466e-01 2.630876068376068397e-02 8.725071225071224720e-03 1.148504273504273587e-02
0.000000000000000000e+00 9.939458689458688934e-01 1.586538461538461453e-01 8.547008547008547868e-03 1.175213675213675202e-02
0.000000000000000000e+00 1.620370370370370350e-01 1.454326923076923184e-01 1.103988603988603941e-02 1.522435897435897405e-02
0.000000000000000000e+00 1.534900284900284906e-01 1.889690170940170888e-01 9.615384615384615918e-03 1.362179487179487197e-02
0.000000000000000000e+00 1.441417378917378977e-01 1.991185897435897301e-01 8.368945868945869282e-03 1.362179487179487197e-02
0.000000000000000000e+00 2.035256410256410242e-01 1.303418803418803507e-01 1.103988603988603941e-02 1.014957264957264994e-02
0.000000000000000000e+00 2.261396011396011319e-01 1.444978632478632341e-01 9.615384615384615918e-03 1.014957264957264994e-02
0.000000000000000000e+00 2.367343304843304852e-01 1.507745726495726413e-01 1.050569800569800538e-02 1.201923076923076990e-02
0.000000000000000000e+00 2.292556980056980054e-01 1.657318376068376009e-01 1.050569800569800538e-02 9.882478632478632063e-03
0.000000000000000000e+00 2.421652421652421561e-01 1.738782051282051211e-01 1.175213675213675202e-02 8.012820512820512109e-03
0.000000000000000000e+00 2.547186609686609704e-01 1.822916666666666574e-01 9.793447293447292770e-03 1.041666666666666609e-02
0.000000000000000000e+00 2.838319088319088412e-01 1.813568376068376009e-01 9.971509971509971357e-03 9.615384615384615918e-03
0.000000000000000000e+00 2.955840455840456071e-01 1.887019230769230727e-01 1.175213675213675202e-02 1.095085470085470011e-02
0.000000000000000000e+00 3.086716524216523982e-01 1.973824786324786251e-01 1.014957264957264994e-02 9.615384615384615918e-03
0.000000000000000000e+00 3.040420227920228036e-01 2.147435897435897301e-01 1.086182336182336255e-02 1.121794871794871799e-02
0.000000000000000000e+00 3.153490028490028574e-01 2.211538461538461453e-01 9.971509971509971357e-03 8.547008547008547868e-03
0.000000000000000000e+00 3.227386039886039892e-01 2.061965811965811857e-01 1.157407407407407343e-02 1.014957264957264994e-02
0.000000000000000000e+00 3.357371794871794601e-01 2.140758547008546897e-01 1.299857549857549865e-02 1.255341880341880392e-02
0.000000000000000000e+00 3.255876068376068466e-01 2.282318376068376009e-01 9.081196581196581893e-03 8.814102564102564014e-03
0.000000000000000000e+00 3.497150997150997309e-01 2.441239316239316171e-01 1.175213675213675202e-02 9.615384615384615918e-03
0.000000000000000000e+00 3.694800569800569812e-01 2.357104700854700807e-01 1.139601139601139658e-02 9.882478632478632063e-03
0.000000000000000000e+00 4.023326210826210780e-01 2.560096153846153633e-01 1.086182336182336255e-02 1.095085470085470011e-02
0.000000000000000000e+00 4.144408831908831803e-01 2.640224358974359031e-01 1.121794871794871799e-02 9.882478632478632063e-03
0.000000000000000000e+00 4.237001424501424252e-01 2.702991452991452825e-01 1.086182336182336255e-02 1.068376068376068397e-02
0.000000000000000000e+00 4.699074074074073848e-01 3.134348290598290565e-01 6.410256410256410034e-03 8.814102564102564014e-03
0.000000000000000000e+00 2.637998575498575748e-01 3.728632478632478708e-01 1.121794871794871799e-02 1.442307692307692388e-02
0.000000000000000000e+00 2.390491452991453103e-01 3.974358974358974117e-01 1.228632478632478604e-02 1.602564102564102422e-02
0.000000000000000000e+00 2.126068376068376009e-01 4.286858974358974117e-01 1.103988603988603941e-02 1.442307692307692388e-02
0.000000000000000000e+00 2.724358974358974117e-01 4.031784188034188143e-01 1.032763532763532680e-02 1.201923076923076990e-02
0.000000000000000000e+00 2.315705128205128305e-01 4.627403846153846367e-01 1.121794871794871799e-02 1.469017094017094002e-02
0.000000000000000000e+00 2.646901709401709435e-01 4.813034188034188143e-01 1.014957264957264994e-02 1.228632478632478604e-02
0.000000000000000000e+00 2.686075498575498655e-01 4.727564102564102422e-01 1.193019943019943060e-02 1.388888888888888812e-02
0.000000000000000000e+00 2.730591168091168197e-01 4.636752136752136932e-01 1.228632478632478604e-02 1.282051282051282007e-02
0.000000000000000000e+00 2.875712250712250673e-01 5.014690170940171443e-01 1.175213675213675202e-02 9.882478632478632063e-03
0.000000000000000000e+00 2.908653846153846367e-01 4.927884615384615641e-01 1.299857549857549865e-02 8.547008547008547868e-03
0.000000000000000000e+00 2.946937321937321830e-01 4.842414529914529919e-01 1.317663817663817724e-02 8.547008547008547868e-03
0.000000000000000000e+00 2.974537037037037202e-01 4.762286324786324521e-01 1.157407407407407343e-02 8.012820512820512109e-03
0.000000000000000000e+00 3.016381766381766583e-01 4.663461538461538547e-01 1.317663817663817724e-02 9.615384615384615918e-03
0.000000000000000000e+00 3.178418803418803229e-01 4.252136752136752018e-01 1.495726495726495790e-02 1.228632478632478604e-02
0.000000000000000000e+00 3.156160968660968735e-01 4.342948717948718063e-01 1.264245014245014322e-02 8.012820512820512109e-03
0.000000000000000000e+00 3.129451566951567121e-01 4.419070512820512664e-01 1.121794871794871799e-02 7.745726495726495964e-03
0.000000000000000000e+00 3.092058404558404305e-01 4.499198717948718063e-01 1.086182336182336255e-02 8.279914529914529989e-03
0.000000000000000000e+00 5.608974358974358997e-03 5.062767094017094349e-01 1.050569800569800538e-02 1.682692307692307612e-02
0.000000000000000000e+00 3.588853276353276556e-01 5.884081196581196771e-01 1.121794871794871799e-02 1.442307692307692388e-02
0.000000000000000000e+00 2.634437321937321830e-01 8.090277777777777901e-01 9.437321937321937332e-03 1.816239316239316379e-02
0.000000000000000000e+00 3.036858974358974117e-01 7.223557692307692735e-01 1.299857549857549865e-02 1.949786324786324798e-02
0.000000000000000000e+00 3.255876068376068466e-01 7.354433760683760646e-01 1.335470085470085409e-02 2.163461538461538408e-02
0.000000000000000000e+00 3.340455840455840431e-01 7.383814102564102422e-01 1.032763532763532680e-02 1.575854700854700807e-02
0.000000000000000000e+00 3.479344729344729381e-01 7.491987179487179516e-01 1.210826210826210746e-02 1.923076923076923184e-02
0.000000000000000000e+00 3.556801994301994063e-01 7.533386752136752573e-01 1.228632478632478604e-02 1.896367521367521222e-02
0.000000000000000000e+00 3.633368945868946098e-01 7.717681623931623713e-01 1.655982905982905998e-02 1.148504273504273587e-02
0.000000000000000000e+00 8.219373219373219408e-01 4.989316239316239354e-01 6.410256410256410034e-03 1.655982905982905998e-02
0.000000000000000000e+00 8.270121082621082476e-01 5.168269230769231282e-01 7.300569800569800365e-03 2.083333333333333218e-02
0.000000000000000000e+00 6.862535612535612950e-01 6.883012820512820484e-01 7.478632478632478951e-03 1.602564102564102422e-02
0.000000000000000000e+00 7.036146723646723444e-01 6.953792735042735318e-01 1.406695156695156670e-02 1.255341880341880392e-02
0.000000000000000000e+00 7.996794871794872250e-01 7.240918803418803229e-01 1.317663817663817724e-02 1.442307692307692388e-02
0.000000000000000000e+00 7.204415954415954726e-01 7.434561965811965489e-01 8.547008547008547868e-03 2.056623931623931603e-02
0.000000000000000000e+00 7.322827635327635587e-01 7.423878205128204844e-01 7.656695156695156670e-03 1.949786324786324798e-02
0.000000000000000000e+00 7.421652421652421561e-01 7.427884615384615641e-01 6.766381766381766340e-03 2.029914529914529989e-02
0.000000000000000000e+00 7.499109686609686243e-01 7.446581196581196771e-01 6.588319088319088621e-03 1.709401709401709574e-02
0.000000000000000000e+00 7.589031339031339085e-01 7.463942307692307265e-01 7.834757834757835257e-03 1.789529914529914417e-02
0.000000000000000000e+00 7.677172364672364413e-01 7.477297008547008073e-01 9.793447293447292770e-03 1.896367521367521222e-02
0.000000000000000000e+00 7.750178062678062529e-01 7.538728632478632896e-01 9.437321937321937332e-03 1.736111111111111188e-02
0.000000000000000000e+00 7.848112535612535856e-01 7.588141025641025328e-01 1.193019943019943060e-02 1.923076923076923184e-02
0.000000000000000000e+00 7.922898860398860377e-01 7.673611111111111605e-01 1.264245014245014322e-02 1.549145299145299193e-02
0.000000000000000000e+00 8.500712250712251228e-01 7.919337606837606458e-01 1.460113960113960073e-02 1.121794871794871799e-02
0.000000000000000000e+00 7.975427350427350959e-01 7.769764957264957417e-01 1.602564102564102422e-02 1.388888888888888812e-02
0.000000000000000000e+00 8.025284900284900269e-01 7.865918803418803229e-01 1.353276353276353268e-02 1.228632478632478604e-02
0.000000000000000000e+00 8.029736467236466835e-01 7.978098290598291120e-01 1.477920227920227932e-02 1.121794871794871799e-02
0.000000000000000000e+00 8.076923076923077094e-01 8.115651709401708880e-01 1.673789173789173856e-02 1.308760683760683795e-02
0.000000000000000000e+00 8.071581196581196771e-01 8.239850427350426942e-01 1.531339031339031334e-02 1.388888888888888812e-02
0.000000000000000000e+00 8.046652421652421561e-01 8.462873931623932089e-01 1.103988603988603941e-02 1.896367521367521222e-02
0.000000000000000000e+00 7.889957264957264682e-01 8.613782051282051766e-01 1.602564102564102422e-02 1.709401709401709574e-02
0.000000000000000000e+00 7.613960113960114295e-01 8.595085470085470636e-01 8.903133903133903307e-03 2.403846153846153980e-02
0.000000000000000000e+00 7.511574074074074403e-01 8.596420940170940161e-01 7.300569800569800365e-03 1.842948717948717993e-02
0.000000000000000000e+00 7.405626780626780592e-01 8.548344017094017255e-01 9.971509971509971357e-03 2.163461538461538408e-02
0.000000000000000000e+00 7.321047008547008073e-01 8.513621794871795156e-01 8.725071225071224720e-03 1.575854700854700807e-02
0.000000000000000000e+00 7.228454415954416179e-01 8.464209401709401615e-01 1.157407407407407343e-02 2.083333333333333218e-02
0.000000000000000000e+00 7.148326210826211335e-01 8.421474358974359031e-01 1.193019943019943060e-02 1.976495726495726413e-02
0.000000000000000000e+00 6.894586894586894887e-01 8.770032051282051766e-01 1.246438746438746463e-02 1.896367521367521222e-02
