0.000000000000000000e+00 6.766381766381766860e-02 1.268696581196581130e-01 1.317663817663817724e-02 1.495726495726495790e-02
0.000000000000000000e+00 7.389601139601139658e-03 3.317307692307692180e-01 6.944444444444444059e-03 1.388888888888888812e-02
0.000000000000000000e+00 3.392094017094016839e-02 3.197115384615384359e-01 7.300569800569800365e-03 1.549145299145299193e-02
0.000000000000000000e+00 4.576210826210826144e-02 3.402777777777777901e-01 1.388888888888888812e-02 1.068376068376068397e-02
0.000000000000000000e+00 4.807692307692307959e-02 3.743322649572649596e-01 6.766381766381766340e-03 9.882478632478632063e-03
0.000000000000000000e+00 4.691951566951566704e-02 3.879540598290598385e-01 1.299857549857549865e-02 8.279914529914529989e-03
0.000000000000000000e+00 3.124109686609686798e-01 1.020299145299145283e-01 8.725071225071224720e-03 1.175213675213675202e-02
0.000000000000000000e+00 2.913105413105412933e-01 1.203258547008547036e-01 1.068376068376068397e-02 1.415598290598290600e-02
0.000000000000000000e+00 2.693198005698005937e-01 1.439636752136752018e-01 9.437321937321937332e-03 1.175213675213675202e-02
0.000000000000000000e+00 2.859686609686609704e-01 1.689369658119658224e-01 9.615384615384615918e-03 1.255341880341880392e-02
0.000000000000000000e+00 3.137464387464387605e-01 1.820245726495726413e-01 9.971509971509971357e-03 1.255341880341880392e-02
0.000000000000000000e+00 3.174857549857549865e-01 1.765491452991453103e-01 1.068376068376068397e-02 1.121794871794871799e-02
0.000000000000000000e+00 3.211360398860398924e-01 1.698717948717948789e-01 1.121794871794871799e-02 1.068376068376068397e-02
0.000000000000000000e+00 3.204237891737891641e-01 1.248664529914529919e-01 7.300569800569800365e-03 1.041666666666666609e-02
0.000000000000000000e+00 3.588853276353276556e-01 1.408920940170940161e-01 1.371082621082621127e-02 1.148504273504273587e-02
0.000000000000000000e+00 3.510505698005698116e-01 1.593215811965811857e-01 8.368945868945869282e-03 7.745726495726495964e-03
0.000000000000000000e+00 3.572827635327635587e-01 1.478365384615384637e-01 1.086182336182336255e-02 6.143162393162393022e-03
0.000000000000000000e+00 3.456196581196581130e-01 1.717414529914529919e-01 1.068376068376068397e-02 8.012820512820512109e-03
0.000000000000000000e+00 3.420584045584045829e-01 1.790865384615384637e-01 9.971509971509971357e-03 6.677350427350427046e-03
0.000000000000000000e+00 3.398326210826210780e-01 1.850961538461538547e-01 1.121794871794871799e-02 7.478632478632478951e-03
0.000000000000000000e+00 3.364494301994301884e-01 1.909722222222222099e-01 9.793447293447292770e-03 7.478632478632478951e-03
0.000000000000000000e+00 3.340455840455840431e-01 1.971153846153846090e-01 9.971509971509971357e-03 8.012820512820512109e-03
0.000000000000000000e+00 3.847044159544159569e-01 5.475427350427350057e-03 1.086182336182336255e-02 8.814102564102564014e-03
0.000000000000000000e+00 4.405270655270655533e-01 1.976495726495726413e-02 9.259259259259258745e-03 6.944444444444444059e-03
0.000000000000000000e+00 4.495192307692307820e-01 2.443910256410256401e-02 7.656695156695156670e-03 7.745726495726495964e-03
0.000000000000000000e+00 4.312678062678062529e-01 1.415598290598290600e-02 7.122507122507122646e-03 8.012820512820512109e-03
0.000000000000000000e+00 3.952101139601139623e-01 2.605502136752136932e-01 1.086182336182336255e-02 1.148504273504273587e-02
0.000000000000000000e+00 3.175747863247863068e-01 4.196047008547008628e-01 7.300569800569800365e-03 1.335470085470085409e-02
0.000000000000000000e+00 3.499821937321937471e-01 3.573717948717948789e-01 1.086182336182336255e-02 1.495726495726495790e-02
0.000000000000000000e+00 3.683226495726495964e-01 3.668536324786324521e-01 1.157407407407407343e-02 1.629273504273504383e-02
0.000000000000000000e+00 3.750000000000000000e-01 3.687232905982906206e-01 8.903133903133903307e-03 1.201923076923076990e-02
0.000000000000000000e+00 3.872863247863247982e-01 3.768696581196581130e-01 9.971509971509971357e-03 1.388888888888888812e-02
0.000000000000000000e+00 3.934294871794871695e-01 3.800747863247863068e-01 1.193019943019943060e-02 1.442307692307692388e-02
0.000000000000000000e+00 4.007300569800569812e-01 3.926282051282051211e-01 1.477920227920227932e-02 9.615384615384615918e-03
0.000000000000000000e+00 3.106303418803418870e-01 6.506410256410256610e-01 1.442307692307692388e-02 1.068376068376068397e-02
0.000000000000000000e+00 4.101673789173789220e-01 6.352831196581196771e-01 1.228632478632478604e-02 9.348290598290598039e-03
0.000000000000000000e+00 3.705484330484330457e-01 6.964476495726495964e-01 1.709401709401709574e-02 1.148504273504273587e-02
0.000000000000000000e+00 4.131944444444444198e-01 6.639957264957264682e-01 1.477920227920227932e-02 1.014957264957264994e-02
0.000000000000000000e+00 4.124821937321937471e-01 6.000267094017094349e-01 1.050569800569800538e-02 9.882478632478632063e-03
0.000000000000000000e+00 4.702635327635327767e-01 6.717414529914529364e-01 1.531339031339031334e-02 9.615384615384615918e-03
0.000000000000000000e+00 4.871794871794871695e-01 6.745459401709401615e-01 1.317663817663817724e-02 9.882478632478632063e-03
0.000000000000000000e+00 5.341880341880341776e-01 7.063301282051281937e-01 1.566951566951567051e-02 1.201923076923076990e-02
0.000000000000000000e+00 5.401531339031339085e-01 6.809561965811965489e-01 1.620370370370370280e-02 1.041666666666666609e-02
0.000000000000000000e+00 5.616096866096865758e-01 6.837606837606837740e-01 1.602564102564102422e-02 1.175213675213675202e-02
0.000000000000000000e+00 5.365918803418803229e-01 6.446314102564102422e-01 1.335470085470085409e-02 9.882478632478632063e-03
0.000000000000000000e+00 4.084757834757834494e-01 9.397702991452991927e-01 1.139601139601139658e-02 1.201923076923076990e-02
0.000000000000000000e+00 4.410612535612535856e-01 9.417735042735042583e-01 1.317663817663817724e-02 1.068376068376068397e-02
0.000000000000000000e+00 4.417735042735042583e-01 9.525908119658119677e-01 1.175213675213675202e-02 1.095085470085470011e-02
0.000000000000000000e+00 4.395477207977208089e-01 9.647435897435897578e-01 1.406695156695156670e-02 1.175213675213675202e-02
0.000000000000000000e+00 4.407941595441595695e-01 9.870459401709401615e-01 1.834045584045583890e-02 1.842948717948717993e-02
0.000000000000000000e+00 4.058048433048432879e-01 9.874465811965812412e-01 9.615384615384615918e-03 1.175213675213675202e-02
0.000000000000000000e+00 4.077635327635327767e-01 9.614049145299145005e-01 8.547008547008547868e-03 9.882478632478632063e-03
0.000000000000000000e+00 4.116809116809116986e-01 9.155982905982905651e-01 1.638176638176638139e-02 1.228632478632478604e-02
0.000000000000000000e+00 4.153311965811966044e-01 8.942307692307692735e-01 1.584757834757834910e-02 1.175213675213675202e-02
0.000000000000000000e+00 4.423967236467236663e-01 9.073183760683760646e-01 1.477920227920227932e-02 1.282051282051282007e-02
0.000000000000000000e+00 4.421296296296296502e-01 8.951655982905982745e-01 1.317663817663817724e-02 1.095085470085470011e-02
0.000000000000000000e+00 4.407941595441595695e-01 8.839476495726495964e-01 1.335470085470085409e-02 1.148504273504273587e-02
0.000000000000000000e+00 4.437321937321937471e-01 8.725961538461538547e-01 1.175213675213675202e-02 1.014957264957264994e-02
0.000000000000000000e+00 4.151531339031339085e-01 8.819444444444444198e-01 1.620370370370370280e-02 1.014957264957264994e-02
0.000000000000000000e+00 4.201388888888888951e-01 8.076923076923077094e-01 1.620370370370370280e-02 9.081196581196581893e-03
0.000000000000000000e+00 4.451566951566951480e-01 8.082264957264957417e-01 1.353276353276353268e-02 1.121794871794871799e-02
0.000000000000000000e+00 4.448005698005698116e-01 8.199786324786324521e-01 1.353276353276353268e-02 1.121794871794871799e-02
0.000000000000000000e+00 4.174679487179487336e-01 8.194444444444444198e-01 1.121794871794871799e-02 1.014957264957264994e-02
0.000000000000000000e+00 4.163105413105412933e-01 8.297275641025640969e-01 8.547008547008547868e-03 8.814102564102564014e-03
0.000000000000000000e+00 4.159544159544159569e-01 8.400106837606837740e-01 9.259259259259258745e-03 9.615384615384615918e-03
0.000000000000000000e+00 4.464031339031339085e-01 8.412126068376067911e-01 1.068376068376068397e-02 1.095085470085470011e-02
0.000000000000000000e+00 4.443554131054130996e-01 8.516292735042735318e-01 1.193019943019943060e-02 9.348290598290598039e-03
0.000000000000000000e+00 4.158653846153846367e-01 8.501602564102563875e-01 9.081196581196581893e-03 9.081196581196581893e-03
0.000000000000000000e+00 7.097578347578347158e-01 6.248664529914529364e-01 1.246438746438746463e-02 1.095085470085470011e-02
0.000000000000000000e+00 7.102029914529914834e-01 6.368856837606837740e-01 1.193019943019943060e-02 9.882478632478632063e-03
0.000000000000000000e+00 7.094907407407406996e-01 6.461004273504273865e-01 1.228632478632478604e-02 8.547008547008547868e-03
0.000000000000000000e+00 6.655982905982905651e-01 6.700053418803418870e-01 1.282051282051282007e-02 1.148504273504273587e-02
0.000000000000000000e+00 6.634615384615384359e-01 6.581196581196581130e-01 1.175213675213675202e-02 9.615384615384615918e-03
0.000000000000000000e+00 6.793981481481481399e-01 7.346420940170940161e-01 1.549145299145299193e-02 5.074786324786324972e-03
0.000000000000000000e+00 7.095797720797720753e-01 7.039262820512820484e-01 1.566951566951567051e-02 1.201923076923076990e-02
0.000000000000000000e+00 7.287215099715099731e-01 7.052617521367521292e-01 1.371082621082621127e-02 1.095085470085470011e-02
0.000000000000000000e+00 7.494658119658119677e-01 7.083333333333333703e-01 1.531339031339031334e-02 1.175213675213675202e-02
0.000000000000000000e+00 7.695868945868945543e-01 7.107371794871795156e-01 1.566951566951567051e-02 1.175213675213675202e-02
0.000000000000000000e+00 7.901531339031339085e-01 7.128739316239316448e-01 1.406695156695156670e-02 1.175213675213675202e-02
0.000000000000000000e+00 6.575854700854700807e-01 8.975694444444444198e-01 7.478632478632478951e-03 1.362179487179487197e-02
0.000000000000000000e+00 6.741452991452991927e-01 9.007745726495726135e-01 7.122507122507122646e-03 1.949786324786324798e-02
0.000000000000000000e+00 6.811787749287748772e-01 8.524305555555555802e-01 7.656695156695156670e-03 1.736111111111111188e-02
0.000000000000000000e+00 7.613960113960114295e-01 8.565705128205127750e-01 7.478632478632478951e-03 1.869658119658119608e-02
0.000000000000000000e+00 8.103632478632478708e-01 7.150106837606837740e-01 1.638176638176638139e-02 1.121794871794871799e-02
0.000000000000000000e+00 8.307514245014244736e-01 7.164797008547008073e-01 1.442307692307692388e-02 1.095085470085470011e-02
0.000000000000000000e+00 8.514066951566952035e-01 7.184829059829059839e-01 1.299857549857549865e-02 1.121794871794871799e-02
0.000000000000000000e+00 8.792735042735042583e-01 8.203792735042735318e-01 1.958689458689458554e-02 1.842948717948717993e-02
0.000000000000000000e+00 9.063390313390313757e-01 7.978098290598291120e-01 8.190883190883190695e-03 1.655982905982905998e-02
0.000000000000000000e+00 9.150641025641025328e-01 7.995459401709401615e-01 7.478632478632478951e-03 1.736111111111111188e-02
0.000000000000000000e+00 9.166666666666666297e-01 8.956997863247863068e-01 1.531339031339031334e-02 1.255341880341880392e-02
0.000000000000000000e+00 9.713319088319087857e-01 8.552350427350426942e-01 1.780626780626780661e-02 1.602564102564102422e-02
0.000000000000000000e+00 9.178240740740740700e-01 9.511217948717948234e-01 1.406695156695156670e-02 1.282051282051282007e-02
0.000000000000000000e+00 9.185363247863247427e-01 9.632745726495726135e-01 1.620370370370370280e-02 1.255341880341880392e-02
0.000000000000000000e+00 9.537037037037037202e-01 9.568643162393162260e-01 1.424501424501424529e-02 1.255341880341880392e-02
0.000000000000000000e+00 9.562856125356125059e-01 9.795673076923077094e-01 1.762820512820512803e-02 1.522435897435897405e-02
0.000000000000000000e+00 9.756944444444444198e-01 9.448450854700854995e-01 1.406695156695156670e-02 1.148504273504273587e-02
0.000000000000000000e+00 9.761396011396011874e-01 9.348290598290598385e-01 1.531339031339031334e-02 1.068376068376068397e-02
0.000000000000000000e+00 9.747150997150997309e-01 9.228098290598291120e-01 1.602564102564102422e-02 1.121794871794871799e-02
0.000000000000000000e+00 9.504985754985755264e-01 9.314903846153845812e-01 1.531339031339031334e-02 1.148504273504273587e-02
0.000000000000000000e+00 9.483618233618233972e-01 9.058493589743589203e-01 1.282051282051282007e-02 1.201923076923076990e-02
0.000000000000000000e+00 9.744480056980057148e-01 8.882211538461538547e-01 1.869658119658119608e-02 1.255341880341880392e-02
0.000000000000000000e+00 9.732905982905982745e-01 5.013354700854700807e-01 6.766381766381766340e-03 1.602564102564102422e-02
0.000000000000000000e+00 9.822827635327635587e-01 5.026709401709401615e-01 7.656695156695156670e-03 1.602564102564102422e-02
0.000000000000000000e+00 9.312678062678062529e-01 5.496794871794872250e-01 7.122507122507122646e-03 1.549145299145299193e-02
0.000000000000000000e+00 9.153311965811965489e-01 5.662393162393162260e-01 1.264245014245014322e-02 9.081196581196581893e-03
0.000000000000000000e+00 9.599358974358974672e-01 5.368589743589743390e-01 6.766381766381766340e-03 1.442307692307692388e-02
0.000000000000000000e+00 9.675035612535612950e-01 5.369925213675214026e-01 6.588319088319088621e-03 1.255341880341880392e-02
0.000000000000000000e+00 9.634081196581196771e-01 5.562232905982905651e-01 8.012820512820512109e-03 1.736111111111111188e-02
0.000000000000000000e+00 9.707977207977207534e-01 5.560897435897436125e-01 7.478632478632478951e-03 1.602564102564102422e-02
0.000000000000000000e+00 9.788105413105413488e-01 5.568910256410256610e-01 7.834757834757835257e-03 1.709401709401709574e-02
0.000000000000000000e+00 9.868233618233618332e-01 5.563568376068376287e-01 7.122507122507122646e-03 1.495726495726495790e-02
0.000000000000000000e+00 9.954594017094017255e-01 5.586271367521367104e-01 7.656695156695156670e-03 1.949786324786324798e-02
0.000000000000000000e+00 9.182692307692307265e-01 5.745192307692307265e-01 1.388888888888888812e-02 1.068376068376068397e-02
0.000000000000000000e+00 9.224537037037037202e-01 6.034989316239316448e-01 1.477920227920227932e-02 1.148504273504273587e-02
0.000000000000000000e+00 9.213853276353276556e-01 6.167200854700854995e-01 1.193019943019943060e-02 9.615384615384615918e-03
0.000000000000000000e+00 9.245904558404558493e-01 6.266025641025640969e-01 1.371082621082621127e-02 1.121794871794871799e-02
0.000000000000000000e+00 9.504985754985755264e-01 5.944177350427350959e-01 7.478632478632478951e-03 1.575854700854700807e-02
0.000000000000000000e+00 9.584223646723646350e-01 5.942841880341880323e-01 7.300569800569800365e-03 1.442307692307692388e-02
0.000000000000000000e+00 9.664351851851852304e-01 5.964209401709401615e-01 6.944444444444444059e-03 1.602564102564102422e-02
0.000000000000000000e+00 9.904736467236466835e-01 5.973557692307692735e-01 8.012820512820512109e-03 1.896367521367521222e-02
0.000000000000000000e+00 9.565527065527065220e-01 6.322115384615384359e-01 7.478632478632478951e-03 1.602564102564102422e-02
0.000000000000000000e+00 9.659009971509971981e-01 6.336805555555555802e-01 6.944444444444444059e-03 1.469017094017094002e-02
0.000000000000000000e+00 9.818376068376067911e-01 6.296741452991453381e-01 5.698005698005698290e-03 9.882478632478632063e-03
0.000000000000000000e+00 9.341168091168091658e-01 6.627938034188034511e-01 6.766381766381766340e-03 9.882478632478632063e-03
0.000000000000000000e+00 9.331374643874643660e-01 6.825587606837606458e-01 7.656695156695156670e-03 9.348290598290598039e-03
0.000000000000000000e+00 9.649216524216523982e-01 6.816239316239316448e-01 1.460113960113960073e-02 1.068376068376068397e-02
0.000000000000000000e+00 9.634971509971509418e-01 6.712072649572649041e-01 1.745014245014244944e-02 1.121794871794871799e-02
0.000000000000000000e+00 9.630519943019942852e-01 6.607905982905982745e-01 1.335470085470085409e-02 9.615384615384615918e-03
0.000000000000000000e+00 9.620726495726495964e-01 6.513087606837606458e-01 1.282051282051282007e-02 8.814102564102564014e-03
0.000000000000000000e+00 8.051994301994301884e-01 4.083867521367521292e-01 9.971509971509971357e-03 9.615384615384615918e-03
0.000000000000000000e+00 6.709401709401708880e-01 3.348023504273504036e-01 6.054131054131053728e-03 1.201923076923076990e-02
0.000000000000000000e+00 6.851851851851852304e-01 3.400106837606837740e-01 1.210826210826210746e-02 9.615384615384615918e-03
0.000000000000000000e+00 6.988069800569800538e-01 3.739316239316239354e-01 7.300569800569800365e-03 1.655982905982905998e-02
0.000000000000000000e+00 7.086004273504273865e-01 3.731303418803418870e-01 6.588319088319088621e-03 1.549145299145299193e-02
0.000000000000000000e+00 7.169693732193732627e-01 3.732638888888888951e-01 6.588319088319088621e-03 1.575854700854700807e-02
0.000000000000000000e+00 7.234686609686609149e-01 3.754006410256410242e-01 5.698005698005698290e-03 1.362179487179487197e-02
0.000000000000000000e+00 7.654024216524216717e-01 3.600427350427350404e-01 1.121794871794871799e-02 1.175213675213675202e-02
0.000000000000000000e+00 7.307692307692307265e-01 3.760683760683760646e-01 7.122507122507122646e-03 1.442307692307692388e-02
0.000000000000000000e+00 7.385149572649573058e-01 3.772702991452991372e-01 8.725071225071224720e-03 1.522435897435897405e-02
0.000000000000000000e+00 7.443019943019942852e-01 3.812767094017093794e-01 8.190883190883190695e-03 1.308760683760683795e-02
0.000000000000000000e+00 7.527599715099715372e-01 3.844818376068376287e-01 9.081196581196581893e-03 1.415598290598290600e-02
0.000000000000000000e+00 7.488425925925925597e-01 3.846153846153846367e-01 6.232193732193732315e-03 1.068376068376068397e-02
0.000000000000000000e+00 7.585470085470085166e-01 3.910256410256410242e-01 9.971509971509971357e-03 1.228632478632478604e-02
0.000000000000000000e+00 7.630876068376067911e-01 3.979700854700854440e-01 1.228632478632478604e-02 1.068376068376068397e-02
0.000000000000000000e+00 7.669159544159543929e-01 4.039797008547008628e-01 1.139601139601139658e-02 8.814102564102564014e-03
0.000000000000000000e+00 7.673611111111111605e-01 4.126602564102563875e-01 1.193019943019943060e-02 9.081196581196581893e-03
0.000000000000000000e+00 7.707443019943019946e-01 4.221420940170940161e-01 1.371082621082621127e-02 9.882478632478632063e-03
0.000000000000000000e+00 7.702101139601139623e-01 4.314903846153846367e-01 1.228632478632478604e-02 1.095085470085470011e-02
0.000000000000000000e+00 7.674501424501424252e-01 4.469818376068376287e-01 9.971509971509971357e-03 1.415598290598290600e-02
0.000000000000000000e+00 7.543625356125356340e-01 4.577991452991452825e-01 1.299857549857549865e-02 1.282051282051282007e-02
0.000000000000000000e+00 7.315705128205127750e-01 4.559294871794871695e-01 7.656695156695156670e-03 1.655982905982905998e-02
0.000000000000000000e+00 6.718304843304843121e-01 4.683493589743589758e-01 9.259259259259258745e-03 1.415598290598290600e-02
0.000000000000000000e+00 6.932870370370370905e-01 4.440438034188033956e-01 9.437321937321937332e-03 1.469017094017094002e-02
0.000000000000000000e+00 6.998753561253561184e-01 4.471153846153846367e-01 9.793447293447292770e-03 1.549145299145299193e-02
0.000000000000000000e+00 7.075320512820513219e-01 4.505876068376068466e-01 6.944444444444444059e-03 1.228632478632478604e-02
0.000000000000000000e+00 7.142984330484331013e-01 4.529914529914529919e-01 8.012820512820512109e-03 1.602564102564102422e-02
0.000000000000000000e+00 7.227564102564102422e-01 4.563301282051281937e-01 5.698005698005698290e-03 1.308760683760683795e-02
0.000000000000000000e+00 7.881054131054131551e-01 1.971153846153846090e-01 5.341880341880341984e-03 1.388888888888888812e-02
0.000000000000000000e+00 7.920227920227920215e-01 2.102029914529914556e-01 5.698005698005698290e-03 1.655982905982905998e-02
0.000000000000000000e+00 8.920940170940171166e-02 6.728098290598291120e-01 7.122507122507122646e-03 1.014957264957264994e-02
