0.000000000000000000e+00 5.956196581196580853e-02 9.602029914529915111e-02 5.519943019943019703e-03 1.095085470085470011e-02
0.000000000000000000e+00 2.546296296296296155e-02 1.482371794871794879e-01 6.766381766381766340e-03 1.121794871794871799e-02
0.000000000000000000e+00 1.985398860398860515e-02 1.765491452991453103e-01 6.232193732193732315e-03 1.228632478632478604e-02
0.000000000000000000e+00 3.863960113960113879e-02 1.778846153846153910e-01 6.410256410256410034e-03 1.228632478632478604e-02
0.000000000000000000e+00 1.484152421652421561e-01 1.806891025641025605e-01 1.121794871794871799e-02 6.677350427350427046e-03
0.000000000000000000e+00 2.085113960113960108e-01 2.483974358974358823e-02 5.341880341880341984e-03 9.615384615384615918e-03
0.000000000000000000e+00 1.879451566951566843e-01 4.794337606837607152e-02 4.807692307692307959e-03 1.095085470085470011e-02
0.000000000000000000e+00 1.941773504273504314e-01 4.794337606837607152e-02 4.807692307692307959e-03 1.095085470085470011e-02
0.000000000000000000e+00 2.000534188034188143e-01 4.647435897435897578e-02 5.519943019943019703e-03 1.121794871794871799e-02
0.000000000000000000e+00 2.065527065527065498e-01 4.487179487179487197e-02 4.985754985754985678e-03 9.615384615384615918e-03
0.000000000000000000e+00 2.211538461538461453e-01 4.353632478632478431e-02 5.698005698005698290e-03 1.068376068376068397e-02
0.000000000000000000e+00 2.274750712250712126e-01 4.220085470085470358e-02 5.519943019943019703e-03 1.121794871794871799e-02
0.000000000000000000e+00 1.815349002849002968e-01 1.073717948717948650e-01 5.876068376068376009e-03 1.282051282051282007e-02
0.000000000000000000e+00 1.960470085470085444e-01 1.014957264957264960e-01 5.341880341880341984e-03 1.014957264957264994e-02
0.000000000000000000e+00 1.971153846153846090e-01 8.253205128205128027e-02 5.698005698005698290e-03 9.615384615384615918e-03
0.000000000000000000e+00 1.810897435897435848e-01 1.217948717948717924e-01 4.985754985754985678e-03 1.121794871794871799e-02
0.000000000000000000e+00 1.937321937321937193e-01 1.428952991452991372e-01 6.054131054131053728e-03 1.228632478632478604e-02
0.000000000000000000e+00 1.943554131054130996e-01 1.298076923076923184e-01 5.163817663817663398e-03 1.014957264957264994e-02
0.000000000000000000e+00 1.381766381766381668e-01 2.804487179487179516e-01 1.032763532763532680e-02 8.012820512820512109e-03
0.000000000000000000e+00 1.677350427350427220e-01 2.775106837606837740e-01 1.317663817663817724e-02 8.012820512820512109e-03
0.000000000000000000e+00 1.937321937321937193e-01 3.195779914529914278e-01 7.478632478632478951e-03 1.522435897435897405e-02
0.000000000000000000e+00 9.802350427350427220e-02 2.868589743589743390e-01 1.086182336182336255e-02 7.478632478632478951e-03
0.000000000000000000e+00 2.519586894586894332e-01 2.419871794871794879e-01 6.410256410256410034e-03 1.388888888888888812e-02
0.000000000000000000e+00 2.674501424501424252e-01 2.402510683760683829e-01 6.054131054131053728e-03 1.255341880341880392e-02
0.000000000000000000e+00 2.808048433048432879e-01 2.369123931623931534e-01 5.341880341880341984e-03 1.068376068376068397e-02
0.000000000000000000e+00 2.735933048433048520e-01 2.609508547008547175e-01 1.371082621082621127e-02 9.081196581196581893e-03
0.000000000000000000e+00 3.296830484330484090e-01 5.876068376068376009e-03 1.050569800569800538e-02 8.547008547008547868e-03
0.000000000000000000e+00 3.715277777777777901e-01 1.079059829059829112e-01 5.163817663817663398e-03 7.478632478632478951e-03
0.000000000000000000e+00 3.409009971509971426e-01 2.294337606837606736e-01 6.232193732193732315e-03 1.228632478632478604e-02
0.000000000000000000e+00 3.474893162393162260e-01 2.278311965811965767e-01 6.232193732193732315e-03 1.228632478632478604e-02
0.000000000000000000e+00 3.546118233618233417e-01 2.262286324786324798e-01 6.232193732193732315e-03 1.282051282051282007e-02
0.000000000000000000e+00 3.683226495726495964e-01 2.240918803418803507e-01 6.944444444444444059e-03 1.495726495726495790e-02
0.000000000000000000e+00 3.759793447293447444e-01 2.220886752136752018e-01 6.588319088319088621e-03 1.362179487179487197e-02
0.000000000000000000e+00 3.828347578347578439e-01 2.199519230769230727e-01 5.698005698005698290e-03 1.201923076923076990e-02
0.000000000000000000e+00 4.070512820512820484e-01 1.828258547008546897e-01 5.698005698005698290e-03 1.308760683760683795e-02
0.000000000000000000e+00 4.080306267806267928e-01 1.960470085470085444e-01 4.095441595441595348e-03 1.068376068376068397e-02
0.000000000000000000e+00 4.534366096866097040e-01 2.417200854700854787e-02 5.163817663817663398e-03 1.095085470085470011e-02
0.000000000000000000e+00 4.549501424501424252e-01 3.832799145299145560e-02 4.985754985754985678e-03 1.095085470085470011e-02
0.000000000000000000e+00 4.558404558404558493e-01 4.847756410256410381e-02 5.341880341880341984e-03 1.041666666666666609e-02
0.000000000000000000e+00 5.844907407407406996e-01 2.536057692307692180e-01 6.232193732193732315e-03 1.469017094017094002e-02
0.000000000000000000e+00 5.870726495726495964e-01 3.326655982905982745e-01 7.122507122507122646e-03 1.415598290598290600e-02
0.000000000000000000e+00 5.795940170940171443e-01 2.811164529914529919e-01 7.122507122507122646e-03 1.469017094017094002e-02
0.000000000000000000e+00 5.906339031339031820e-01 3.502938034188033956e-01 7.478632478632478951e-03 1.522435897435897405e-02
0.000000000000000000e+00 3.276353276353276278e-02 6.853632478632478708e-01 1.495726495726495790e-02 9.081196581196581893e-03
0.000000000000000000e+00 2.372685185185185175e-01 6.403579059829059839e-01 1.299857549857549865e-02 9.882478632478632063e-03
0.000000000000000000e+00 2.509793447293447444e-01 6.368856837606837740e-01 8.725071225071224720e-03 7.211538461538461939e-03
0.000000000000000000e+00 2.875712250712250673e-01 6.303418803418803229e-01 9.259259259259258745e-03 1.014957264957264994e-02
0.000000000000000000e+00 2.970975783475783283e-01 5.998931623931623713e-01 7.656695156695156670e-03 1.869658119658119608e-02
0.000000000000000000e+00 3.043091168091168197e-01 6.495726495726495964e-01 6.766381766381766340e-03 1.762820512820512803e-02
0.000000000000000000e+00 3.295940170940170888e-01 6.410256410256410797e-01 6.054131054131053728e-03 7.478632478632478951e-03
0.000000000000000000e+00 3.353810541310541238e-01 5.900106837606837740e-01 7.300569800569800365e-03 1.762820512820512803e-02
0.000000000000000000e+00 3.372507122507122368e-01 6.396901709401708880e-01 5.698005698005698290e-03 8.012820512820512109e-03
0.000000000000000000e+00 3.496260683760683552e-01 3.856837606837607013e-01 6.944444444444444059e-03 1.495726495726495790e-02
0.000000000000000000e+00 3.376958689458689489e-01 4.256143162393162260e-01 6.944444444444444059e-03 1.469017094017094002e-02
0.000000000000000000e+00 3.658297720797720753e-01 4.285523504273504036e-01 7.300569800569800365e-03 1.629273504273504383e-02
0.000000000000000000e+00 3.742877492877492718e-01 4.254807692307692180e-01 6.410256410256410034e-03 1.495726495726495790e-02
0.000000000000000000e+00 3.816773504273504036e-01 4.242788461538461453e-01 7.300569800569800365e-03 1.949786324786324798e-02
0.000000000000000000e+00 3.897792022792022637e-01 4.222756410256410242e-01 6.410256410256410034e-03 1.816239316239316379e-02
0.000000000000000000e+00 3.968126780626780592e-01 4.230769230769230727e-01 6.588319088319088621e-03 1.549145299145299193e-02
0.000000000000000000e+00 3.776709401709401615e-01 4.572649572649572502e-01 8.190883190883190695e-03 2.403846153846153980e-02
0.000000000000000000e+00 3.862179487179487336e-01 4.573985042735042583e-01 6.054131054131053728e-03 1.629273504273504383e-02
0.000000000000000000e+00 4.042022792022791911e-01 6.076388888888888395e-01 1.210826210826210746e-02 1.068376068376068397e-02
0.000000000000000000e+00 4.235220797720797847e-01 6.038995726495726135e-01 1.620370370370370280e-02 1.175213675213675202e-02
0.000000000000000000e+00 4.633190883190883014e-01 5.966880341880341776e-01 1.495726495726495790e-02 1.175213675213675202e-02
0.000000000000000000e+00 5.027599715099715372e-01 5.885416666666666297e-01 1.477920227920227932e-02 1.148504273504273587e-02
0.000000000000000000e+00 5.308938746438746081e-01 5.833333333333333703e-01 1.442307692307692388e-02 1.014957264957264994e-02
0.000000000000000000e+00 5.496794871794872250e-01 5.785256410256410797e-01 1.424501424501424529e-02 1.282051282051282007e-02
0.000000000000000000e+00 5.539529914529914834e-01 6.026976495726495964e-01 1.139601139601139658e-02 9.348290598290598039e-03
0.000000000000000000e+00 5.783475783475783283e-01 6.116452991452991927e-01 8.547008547008547868e-03 1.816239316239316379e-02
0.000000000000000000e+00 5.877849002849002691e-01 6.103098290598291120e-01 8.547008547008547868e-03 1.655982905982905998e-02
0.000000000000000000e+00 5.667735042735042583e-01 5.603632478632478708e-01 7.834757834757835257e-03 1.495726495726495790e-02
0.000000000000000000e+00 5.753205128205127750e-01 5.590277777777777901e-01 7.478632478632478951e-03 1.655982905982905998e-02
0.000000000000000000e+00 5.845797720797720753e-01 5.587606837606837740e-01 8.190883190883190695e-03 1.869658119658119608e-02
0.000000000000000000e+00 5.973112535612535856e-01 5.550213675213675479e-01 7.656695156695156670e-03 1.655982905982905998e-02
0.000000000000000000e+00 6.056801994301994618e-01 5.534188034188034511e-01 7.656695156695156670e-03 1.602564102564102422e-02
0.000000000000000000e+00 4.872685185185185452e-01 4.281517094017093794e-01 1.513532763532763475e-02 1.175213675213675202e-02
0.000000000000000000e+00 5.182514245014244736e-01 4.274839743589743390e-01 1.299857549857549865e-02 9.348290598290598039e-03
0.000000000000000000e+00 5.098824786324785974e-01 4.361645299145299193e-01 1.620370370370370280e-02 1.228632478632478604e-02
0.000000000000000000e+00 5.215455840455840431e-01 4.507211538461538547e-01 1.282051282051282007e-02 1.095085470085470011e-02
0.000000000000000000e+00 5.226139601139601076e-01 4.599358974358974117e-01 1.353276353276353268e-02 1.282051282051282007e-02
0.000000000000000000e+00 5.250178062678062529e-01 4.676816239316239354e-01 1.264245014245014322e-02 1.228632478632478604e-02
0.000000000000000000e+00 4.958155270655270619e-01 4.821047008547008628e-01 1.371082621082621127e-02 1.014957264957264994e-02
0.000000000000000000e+00 4.648326210826210780e-01 3.663194444444444198e-01 1.335470085470085409e-02 1.148504273504273587e-02
0.000000000000000000e+00 6.054131054131053728e-03 9.652777777777777901e-01 1.103988603988603941e-02 1.068376068376068397e-02
0.000000000000000000e+00 4.469373219373219686e-02 9.496527777777777901e-01 1.887464387464387466e-02 1.308760683760683795e-02
0.000000000000000000e+00 6.846509971509971704e-02 9.443108974358974672e-01 1.691595441595441715e-02 1.362179487179487197e-02
0.000000000000000000e+00 1.071047008547008489e-01 9.350961538461538547e-01 1.477920227920227932e-02 1.282051282051282007e-02
0.000000000000000000e+00 1.281160968660968735e-01 9.288194444444444198e-01 1.869658119658119608e-02 1.469017094017094002e-02
0.000000000000000000e+00 1.461894586894586789e-01 9.256143162393162260e-01 1.531339031339031334e-02 1.362179487179487197e-02
0.000000000000000000e+00 1.979166666666666574e-01 9.151976495726495964e-01 1.513532763532763475e-02 1.362179487179487197e-02
0.000000000000000000e+00 2.296118233618233695e-01 9.067841880341880323e-01 1.905270655270655325e-02 1.228632478632478604e-02
0.000000000000000000e+00 2.483974358974359031e-01 9.035790598290598385e-01 1.424501424501424529e-02 1.388888888888888812e-02
0.000000000000000000e+00 2.662037037037037202e-01 8.977029914529914834e-01 1.602564102564102422e-02 1.388888888888888812e-02
0.000000000000000000e+00 2.938034188034188143e-01 8.934294871794872250e-01 1.424501424501424529e-02 1.282051282051282007e-02
0.000000000000000000e+00 3.099180911680911588e-01 8.883547008547008073e-01 1.371082621082621127e-02 1.335470085470085409e-02
0.000000000000000000e+00 3.236289173789173579e-01 9.083867521367521292e-01 9.793447293447292770e-03 1.228632478632478604e-02
0.000000000000000000e+00 3.118767806267806475e-01 8.016826923076922906e-01 1.228632478632478604e-02 1.148504273504273587e-02
0.000000000000000000e+00 3.140135327635327767e-01 8.110309829059828557e-01 1.620370370370370280e-02 1.255341880341880392e-02
0.000000000000000000e+00 3.142806267806267928e-01 8.307959401709401615e-01 1.887464387464387466e-02 1.629273504273504383e-02
0.000000000000000000e+00 3.158831908831908897e-01 8.538995726495726135e-01 1.602564102564102422e-02 1.228632478632478604e-02
0.000000000000000000e+00 3.696581196581196771e-01 8.751335470085470636e-01 1.353276353276353268e-02 1.255341880341880392e-02
0.000000000000000000e+00 4.235220797720797847e-01 8.625801282051281937e-01 1.406695156695156670e-02 1.415598290598290600e-02
0.000000000000000000e+00 4.413283475783476018e-01 8.595085470085470636e-01 1.798433048433048520e-02 1.388888888888888812e-02
0.000000000000000000e+00 4.892272079772079785e-01 8.485576923076922906e-01 1.691595441595441715e-02 1.388888888888888812e-02
0.000000000000000000e+00 5.132656695156695426e-01 8.412126068376067911e-01 1.691595441595441715e-02 1.362179487179487197e-02
0.000000000000000000e+00 5.365918803418803229e-01 8.612446581196581130e-01 9.081196581196581893e-03 1.148504273504273587e-02
0.000000000000000000e+00 6.609686609686609149e-01 8.315972222222222099e-01 1.673789173789173856e-02 1.362179487179487197e-02
0.000000000000000000e+00 7.876602564102563875e-01 8.486912393162393542e-01 1.691595441595441715e-02 1.308760683760683795e-02
0.000000000000000000e+00 7.897079772079772519e-01 8.616452991452991927e-01 1.282051282051282007e-02 1.228632478632478604e-02
0.000000000000000000e+00 7.917556980056980054e-01 8.731303418803418870e-01 1.086182336182336255e-02 1.175213675213675202e-02
0.000000000000000000e+00 6.859864672364672789e-01 5.307158119658119677e-01 8.012820512820512109e-03 1.495726495726495790e-02
0.000000000000000000e+00 8.627136752136752573e-01 4.541933760683760646e-01 9.971509971509971357e-03 1.629273504273504383e-02
0.000000000000000000e+00 8.704594017094017255e-01 4.535256410256410242e-01 1.014957264957264994e-02 1.655982905982905998e-02
0.000000000000000000e+00 9.537927350427350959e-01 4.543269230769230727e-01 8.368945868945869282e-03 1.549145299145299193e-02
0.000000000000000000e+00 9.685719373219373596e-01 4.500534188034188143e-01 1.228632478632478604e-02 2.724358974358974395e-02
0.000000000000000000e+00 9.759615384615384359e-01 4.503205128205128305e-01 9.259259259259258745e-03 1.549145299145299193e-02
0.000000000000000000e+00 9.904736467236466835e-01 4.484508547008547175e-01 9.437321937321937332e-03 1.602564102564102422e-02
