0.000000000000000000e+00 2.012108262108262130e-02 8.724626068376067911e-01 7.834757834757835257e-03 1.629273504273504383e-02
0.000000000000000000e+00 2.902421652421652287e-02 8.736645299145299193e-01 8.190883190883190695e-03 1.869658119658119608e-02
0.000000000000000000e+00 3.721509971509971704e-02 8.764690170940171443e-01 9.615384615384615918e-03 2.377136752136752018e-02
0.000000000000000000e+00 4.683048433048433296e-02 8.740651709401708880e-01 8.547008547008547868e-03 2.003205128205128374e-02
0.000000000000000000e+00 5.733618233618233834e-02 8.733974358974359031e-01 8.903133903133903307e-03 2.190170940170940023e-02
0.000000000000000000e+00 6.499287749287749327e-02 8.768696581196581130e-01 8.547008547008547868e-03 2.190170940170940023e-02
0.000000000000000000e+00 7.389601139601140178e-02 8.748664529914529364e-01 7.834757834757835257e-03 1.736111111111111188e-02
0.000000000000000000e+00 8.155270655270654978e-02 8.755341880341880323e-01 8.547008547008547868e-03 2.190170940170940023e-02
0.000000000000000000e+00 1.019408831908831942e-01 8.740651709401708880e-01 9.081196581196581893e-03 2.003205128205128374e-02
0.000000000000000000e+00 1.217948717948717924e-01 8.733974358974359031e-01 7.834757834757835257e-03 1.869658119658119608e-02
0.000000000000000000e+00 1.387108262108261991e-01 8.744658119658119677e-01 8.190883190883190695e-03 1.709401709401709574e-02
0.000000000000000000e+00 1.477920227920228036e-01 8.736645299145299193e-01 8.190883190883190695e-03 1.816239316239316379e-02
0.000000000000000000e+00 1.579415954415954448e-01 8.740651709401708880e-01 7.834757834757835257e-03 1.736111111111111188e-02
0.000000000000000000e+00 1.851851851851851749e-01 8.741987179487179516e-01 7.478632478632478951e-03 1.816239316239316379e-02
0.000000000000000000e+00 2.219551282051281937e-01 8.754006410256410797e-01 7.300569800569800365e-03 1.896367521367521222e-02
0.000000000000000000e+00 2.375356125356125336e-01 8.822115384615384359e-01 6.410256410256410034e-03 1.442307692307692388e-02
0.000000000000000000e+00 1.994301994301994341e-01 9.142628205128204844e-01 1.495726495726495790e-02 1.228632478632478604e-02
0.000000000000000000e+00 2.777777777777777901e-01 8.762019230769231282e-01 7.834757834757835257e-03 2.110042735042735179e-02
0.000000000000000000e+00 2.857905982905982745e-01 8.758012820512820484e-01 7.478632478632478951e-03 1.869658119658119608e-02
0.000000000000000000e+00 2.949608262108261991e-01 8.764690170940171443e-01 7.656695156695156670e-03 2.323717948717948789e-02
0.000000000000000000e+00 3.052884615384615641e-01 8.766025641025640969e-01 7.300569800569800365e-03 1.869658119658119608e-02
0.000000000000000000e+00 3.147257834757834494e-01 8.764690170940171443e-01 6.944444444444444059e-03 1.842948717948717993e-02
0.000000000000000000e+00 3.234508547008547175e-01 8.768696581196581130e-01 7.300569800569800365e-03 1.976495726495726413e-02
0.000000000000000000e+00 3.417913105413105668e-01 8.782051282051281937e-01 7.656695156695156670e-03 2.029914529914529989e-02
0.000000000000000000e+00 3.612001424501424252e-01 8.779380341880341776e-01 7.300569800569800365e-03 2.029914529914529989e-02
0.000000000000000000e+00 3.867521367521367659e-01 9.168002136752136932e-01 1.068376068376068397e-02 1.095085470085470011e-02
0.000000000000000000e+00 4.908297720797720753e-01 8.780715811965812412e-01 6.232193732193732315e-03 1.629273504273504383e-02
0.000000000000000000e+00 4.983084045584045829e-01 8.802083333333333703e-01 6.232193732193732315e-03 1.789529914529914417e-02
0.000000000000000000e+00 5.081018518518518601e-01 8.792735042735042583e-01 6.588319088319088621e-03 1.762820512820512803e-02
0.000000000000000000e+00 5.150462962962962798e-01 8.791399572649573058e-01 6.588319088319088621e-03 1.682692307692307612e-02
0.000000000000000000e+00 5.278668091168091658e-01 8.799412393162393542e-01 7.300569800569800365e-03 2.003205128205128374e-02
0.000000000000000000e+00 5.361467236467236663e-01 8.800747863247863068e-01 6.766381766381766340e-03 1.709401709401709574e-02
0.000000000000000000e+00 5.454059829059828557e-01 8.814102564102563875e-01 7.122507122507122646e-03 1.976495726495726413e-02
0.000000000000000000e+00 5.547542735042735318e-01 8.822115384615384359e-01 6.588319088319088621e-03 1.816239316239316379e-02
0.000000000000000000e+00 5.641915954415954726e-01 8.812767094017094349e-01 7.656695156695156670e-03 2.110042735042735179e-02
0.000000000000000000e+00 5.738069800569800538e-01 8.810096153846154188e-01 6.232193732193732315e-03 1.682692307692307612e-02
0.000000000000000000e+00 5.839565527065526673e-01 8.822115384615384359e-01 6.944444444444444059e-03 1.816239316239316379e-02
0.000000000000000000e+00 5.763888888888888395e-01 9.197382478632478708e-01 9.971509971509971357e-03 1.362179487179487197e-02
0.000000000000000000e+00 5.942841880341880323e-01 9.206730769230768718e-01 1.477920227920227932e-02 1.121794871794871799e-02
0.000000000000000000e+00 6.024750712250712681e-01 8.839476495726495964e-01 8.012820512820512109e-03 2.056623931623931603e-02
0.000000000000000000e+00 6.115562678062678170e-01 8.831463675213675479e-01 7.656695156695156670e-03 2.056623931623931603e-02
0.000000000000000000e+00 6.201923076923077094e-01 8.822115384615384359e-01 7.478632478632478951e-03 2.029914529914529989e-02
0.000000000000000000e+00 6.302528490028490582e-01 8.804754273504273865e-01 8.012820512820512109e-03 1.949786324786324798e-02
0.000000000000000000e+00 6.508190883190883014e-01 8.812767094017094349e-01 6.766381766381766340e-03 1.682692307692307612e-02
0.000000000000000000e+00 6.672898860398860377e-01 8.816773504273504036e-01 6.588319088319088621e-03 1.709401709401709574e-02
0.000000000000000000e+00 6.790420227920227481e-01 8.838141025641025328e-01 8.368945868945869282e-03 2.670940170940170819e-02
0.000000000000000000e+00 6.878561253561253919e-01 8.823450854700854995e-01 7.834757834757835257e-03 2.270299145299145213e-02
0.000000000000000000e+00 6.961360398860398924e-01 8.814102564102563875e-01 7.656695156695156670e-03 1.762820512820512803e-02
0.000000000000000000e+00 2.907763532763532610e-01 6.057692307692307265e-01 5.698005698005698290e-03 1.228632478632478604e-02
0.000000000000000000e+00 2.986111111111111049e-01 6.044337606837606458e-01 6.054131054131053728e-03 1.388888888888888812e-02
0.000000000000000000e+00 3.062678062678062529e-01 6.065705128205127750e-01 7.122507122507122646e-03 1.549145299145299193e-02
0.000000000000000000e+00 3.302172364672364413e-01 6.057692307692307265e-01 6.232193732193732315e-03 1.335470085470085409e-02
0.000000000000000000e+00 3.401887464387464144e-01 6.063034188034187588e-01 5.876068376068376009e-03 1.388888888888888812e-02
0.000000000000000000e+00 5.042735042735042583e-01 6.072382478632478708e-01 5.698005698005698290e-03 1.362179487179487197e-02
0.000000000000000000e+00 5.126424501424501345e-01 6.083066239316239354e-01 6.054131054131053728e-03 1.682692307692307612e-02
0.000000000000000000e+00 5.202101139601139623e-01 6.080395299145299193e-01 7.300569800569800365e-03 1.575854700854700807e-02
0.000000000000000000e+00 5.299145299145299193e-01 6.061698717948718063e-01 5.698005698005698290e-03 1.469017094017094002e-02
0.000000000000000000e+00 5.373931623931623713e-01 6.088408119658119677e-01 6.054131054131053728e-03 1.415598290598290600e-02
0.000000000000000000e+00 5.461182336182336394e-01 6.093750000000000000e-01 6.054131054131053728e-03 1.255341880341880392e-02
0.000000000000000000e+00 5.641915954415954726e-01 6.096420940170940161e-01 6.232193732193732315e-03 1.469017094017094002e-02
0.000000000000000000e+00 5.714921652421652842e-01 6.093750000000000000e-01 6.232193732193732315e-03 1.682692307692307612e-02
0.000000000000000000e+00 5.794159544159543929e-01 6.084401709401708880e-01 6.766381766381766340e-03 1.655982905982905998e-02
0.000000000000000000e+00 5.963319088319087857e-01 6.085737179487179516e-01 6.410256410256410034e-03 1.842948717948717993e-02
0.000000000000000000e+00 6.996082621082621023e-01 6.490384615384615641e-01 6.410256410256410034e-03 1.549145299145299193e-02
0.000000000000000000e+00 9.047364672364672789e-01 6.999198717948718063e-01 1.139601139601139658e-02 9.882478632478632063e-03
0.000000000000000000e+00 9.172898860398860377e-01 7.317040598290598385e-01 5.519943019943019703e-03 1.575854700854700807e-02
0.000000000000000000e+00 9.259259259259259300e-01 7.305021367521367104e-01 7.122507122507122646e-03 1.655982905982905998e-02
0.000000000000000000e+00 1.565170940170940161e-01 3.370726495726495964e-01 6.766381766381766340e-03 8.547008547008547868e-03
0.000000000000000000e+00 2.813390313390313341e-02 2.991452991452991372e-01 8.903133903133903307e-03 8.012820512820512109e-03
0.000000000000000000e+00 1.433404558404558458e-02 2.529380341880341776e-01 1.299857549857549865e-02 8.547008547008547868e-03
0.000000000000000000e+00 2.163461538461538408e-02 2.385149572649572780e-01 6.232193732193732315e-03 1.388888888888888812e-02
0.000000000000000000e+00 1.193019943019943060e-02 2.309027777777777901e-01 1.139601139601139658e-02 9.348290598290598039e-03
0.000000000000000000e+00 2.003205128205128374e-02 2.170138888888888951e-01 5.519943019943019703e-03 1.255341880341880392e-02
0.000000000000000000e+00 5.965099715099715302e-03 2.068643162393162260e-01 1.157407407407407343e-02 9.348290598290598039e-03
0.000000000000000000e+00 6.045227920227920493e-02 9.067841880341880045e-02 5.163817663817663398e-03 9.882478632478632063e-03
0.000000000000000000e+00 7.754629629629629373e-02 8.400106837606838295e-02 4.807692307692307959e-03 1.041666666666666609e-02
0.000000000000000000e+00 1.001602564102564152e-01 7.478632478632478431e-02 5.876068376068376009e-03 1.175213675213675202e-02
0.000000000000000000e+00 1.113782051282051350e-01 9.067841880341880045e-02 1.264245014245014322e-02 8.814102564102564014e-03
0.000000000000000000e+00 1.164529914529914556e-01 1.152510683760683829e-01 9.971509971509971357e-03 6.677350427350427046e-03
0.000000000000000000e+00 1.151175213675213610e-01 1.211271367521367520e-01 8.725071225071224720e-03 6.677350427350427046e-03
0.000000000000000000e+00 1.147613960113960108e-01 1.263354700854700807e-01 7.656695156695156670e-03 6.410256410256410034e-03
0.000000000000000000e+00 1.151175213675213610e-01 1.306089743589743668e-01 5.163817663817663398e-03 4.807692307692307959e-03
0.000000000000000000e+00 4.116809116809116986e-01 2.724358974358974395e-02 7.834757834757835257e-03 8.547008547008547868e-03
0.000000000000000000e+00 4.659009971509971426e-01 7.171474358974358476e-02 1.086182336182336255e-02 9.348290598290598039e-03
0.000000000000000000e+00 3.732193732193732072e-01 1.017628205128205121e-01 8.190883190883190695e-03 1.175213675213675202e-02
0.000000000000000000e+00 3.891559829059829112e-01 1.087072649572649596e-01 9.437321937321937332e-03 1.175213675213675202e-02
0.000000000000000000e+00 3.951210826210826421e-01 1.103098290598290565e-01 7.122507122507122646e-03 9.615384615384615918e-03
0.000000000000000000e+00 4.055377492877492718e-01 1.164529914529914556e-01 8.012820512820512109e-03 1.068376068376068397e-02
0.000000000000000000e+00 4.108796296296296502e-01 1.184561965811965767e-01 9.437321937321937332e-03 1.095085470085470011e-02
0.000000000000000000e+00 4.171118233618233417e-01 1.278044871794871695e-01 1.157407407407407343e-02 7.211538461538461939e-03
0.000000000000000000e+00 3.461538461538461453e-01 1.485042735042735040e-01 5.698005698005698290e-03 9.615384615384615918e-03
0.000000000000000000e+00 3.433048433048432879e-01 3.199786324786324521e-01 1.139601139601139658e-02 8.547008547008547868e-03
0.000000000000000000e+00 3.934294871794871695e-01 3.524305555555555802e-01 1.442307692307692388e-02 8.279914529914529989e-03
0.000000000000000000e+00 4.284188034188033956e-01 2.813835470085470081e-01 7.834757834757835257e-03 7.745726495726495964e-03
0.000000000000000000e+00 4.248575498575498655e-01 2.887286324786324521e-01 4.629629629629629373e-03 6.944444444444444059e-03
0.000000000000000000e+00 4.269943019943019946e-01 3.071581196581196771e-01 9.259259259259258745e-03 6.410256410256410034e-03
0.000000000000000000e+00 4.301994301994301884e-01 3.285256410256410242e-01 1.032763532763532680e-02 8.012820512820512109e-03
0.000000000000000000e+00 4.925213675213675479e-01 3.357371794871794601e-01 9.971509971509971357e-03 8.012820512820512109e-03
0.000000000000000000e+00 5.326745014245014564e-01 3.062232905982906206e-01 8.725071225071224720e-03 8.279914529914529989e-03
0.000000000000000000e+00 5.336538461538461453e-01 3.134348290598290565e-01 1.068376068376068397e-02 7.745726495726495964e-03
0.000000000000000000e+00 5.362357549857549310e-01 3.400106837606837740e-01 1.406695156695156670e-02 8.547008547008547868e-03
0.000000000000000000e+00 5.546652421652421561e-01 3.422809829059829112e-01 1.317663817663817724e-02 8.814102564102564014e-03
0.000000000000000000e+00 4.347400284900284628e-01 4.325587606837607013e-01 9.437321937321937332e-03 8.279914529914529989e-03
0.000000000000000000e+00 4.335826210826210780e-01 4.397702991452991372e-01 7.122507122507122646e-03 7.211538461538461939e-03
0.000000000000000000e+00 4.334935897435897578e-01 4.469818376068376287e-01 7.656695156695156670e-03 7.211538461538461939e-03
0.000000000000000000e+00 4.570868945868946098e-01 4.317574786324786529e-01 1.032763532763532680e-02 7.745726495726495964e-03
0.000000000000000000e+00 4.587784900284900269e-01 4.403044871794871695e-01 8.368945868945869282e-03 9.882478632478632063e-03
0.000000000000000000e+00 4.334045584045583821e-01 4.545940170940170888e-01 7.122507122507122646e-03 6.944444444444444059e-03
0.000000000000000000e+00 4.327813390313390296e-01 4.619391025641025883e-01 6.944444444444444059e-03 7.745726495726495964e-03
0.000000000000000000e+00 4.579772079772079785e-01 4.548611111111111049e-01 9.971509971509971357e-03 8.547008547008547868e-03
0.000000000000000000e+00 4.581552706552706744e-01 4.619391025641025883e-01 7.122507122507122646e-03 7.211538461538461939e-03
0.000000000000000000e+00 4.574430199430199462e-01 4.690170940170940161e-01 5.698005698005698290e-03 8.547008547008547868e-03
0.000000000000000000e+00 4.319800569800569812e-01 4.766292735042735318e-01 7.834757834757835257e-03 8.279914529914529989e-03
0.000000000000000000e+00 4.335826210826210780e-01 4.850427350427350404e-01 1.317663817663817724e-02 9.615384615384615918e-03
0.000000000000000000e+00 4.330484330484330457e-01 4.929220085470085722e-01 1.246438746438746463e-02 9.348290598290598039e-03
0.000000000000000000e+00 4.555733618233618332e-01 4.776976495726495964e-01 1.121794871794871799e-02 8.279914529914529989e-03
0.000000000000000000e+00 4.541488603988603767e-01 4.851762820512820484e-01 1.050569800569800538e-02 8.814102564102564014e-03
0.000000000000000000e+00 4.553062678062678170e-01 4.934561965811966044e-01 1.032763532763532680e-02 8.814102564102564014e-03
0.000000000000000000e+00 4.302884615384615641e-01 5.076121794871795156e-01 1.264245014245014322e-02 9.348290598290598039e-03
0.000000000000000000e+00 4.557514245014245291e-01 5.020032051282051766e-01 1.193019943019943060e-02 8.279914529914529989e-03
0.000000000000000000e+00 4.273504273504273310e-01 5.249732905982905651e-01 8.903133903133903307e-03 9.882478632478632063e-03
0.000000000000000000e+00 4.290420227920228036e-01 5.324519230769231282e-01 8.368945868945869282e-03 7.211538461538461939e-03
0.000000000000000000e+00 4.290420227920228036e-01 5.403311965811965489e-01 9.081196581196581893e-03 8.012820512820512109e-03
0.000000000000000000e+00 4.560185185185185452e-01 5.257745726495726135e-01 8.547008547008547868e-03 8.814102564102564014e-03
0.000000000000000000e+00 4.554843304843304574e-01 5.333867521367521292e-01 8.903133903133903307e-03 8.012820512820512109e-03
0.000000000000000000e+00 4.535256410256410242e-01 5.423344017094017255e-01 1.139601139601139658e-02 9.348290598290598039e-03
0.000000000000000000e+00 4.271723646723646906e-01 5.579594017094017255e-01 1.068376068376068397e-02 1.014957264957264994e-02
0.000000000000000000e+00 4.291310541310541238e-01 5.659722222222222099e-01 1.175213675213675202e-02 9.615384615384615918e-03
0.000000000000000000e+00 4.284188034188033956e-01 5.741185897435897578e-01 1.139601139601139658e-02 9.348290598290598039e-03
0.000000000000000000e+00 4.521901709401709435e-01 5.566239316239316448e-01 1.905270655270655325e-02 1.388888888888888812e-02
0.000000000000000000e+00 4.530804843304843121e-01 5.673076923076922906e-01 1.513532763532763475e-02 9.615384615384615918e-03
0.000000000000000000e+00 4.521901709401709435e-01 5.754540598290598385e-01 1.228632478632478604e-02 9.348290598290598039e-03
0.000000000000000000e+00 4.516559829059829112e-01 5.844017094017094349e-01 1.477920227920227932e-02 1.014957264957264994e-02
0.000000000000000000e+00 6.537571225071224790e-01 4.619391025641025883e-01 5.519943019943019703e-03 1.255341880341880392e-02
0.000000000000000000e+00 6.339031339031339085e-01 4.942574786324786529e-01 4.985754985754985678e-03 1.308760683760683795e-02
0.000000000000000000e+00 6.473468660968660915e-01 4.950587606837607013e-01 5.163817663817663398e-03 1.362179487179487197e-02
0.000000000000000000e+00 7.201745014245014564e-01 4.639423076923077094e-01 5.876068376068376009e-03 1.335470085470085409e-02
0.000000000000000000e+00 6.428062678062678170e-01 3.135683760683760646e-01 9.971509971509971357e-03 9.081196581196581893e-03
0.000000000000000000e+00 6.404914529914529364e-01 3.229166666666666852e-01 8.903133903133903307e-03 8.547008547008547868e-03
0.000000000000000000e+00 6.419159544159543929e-01 3.313301282051281937e-01 1.032763532763532680e-02 8.814102564102564014e-03
0.000000000000000000e+00 6.794871794871795156e-01 2.983440170940170888e-01 1.032763532763532680e-02 8.547008547008547868e-03
0.000000000000000000e+00 6.797542735042735318e-01 3.067574786324786529e-01 9.793447293447292770e-03 7.745726495726495964e-03
0.000000000000000000e+00 6.787749287749287319e-01 3.137019230769230727e-01 9.971509971509971357e-03 8.279914529914529989e-03
0.000000000000000000e+00 6.785968660968660915e-01 3.561698717948718063e-01 1.282051282051282007e-02 9.882478632478632063e-03
0.000000000000000000e+00 6.948005698005698116e-01 3.571047008547008628e-01 1.139601139601139658e-02 8.547008547008547868e-03
0.000000000000000000e+00 7.119836182336182206e-01 3.592414529914529919e-01 1.193019943019943060e-02 9.081196581196581893e-03
0.000000000000000000e+00 7.290776353276353650e-01 3.609775641025640969e-01 1.264245014245014322e-02 8.814102564102564014e-03
0.000000000000000000e+00 7.459935897435897578e-01 3.623130341880341776e-01 1.157407407407407343e-02 8.814102564102564014e-03
0.000000000000000000e+00 7.631766381766381668e-01 3.636485042735042583e-01 1.246438746438746463e-02 8.814102564102564014e-03
0.000000000000000000e+00 7.801816239316239354e-01 3.647168803418803229e-01 1.157407407407407343e-02 9.348290598290598039e-03
0.000000000000000000e+00 7.972756410256410797e-01 3.661858974358974117e-01 1.014957264957264994e-02 9.081196581196581893e-03
0.000000000000000000e+00 6.485933048433047965e-01 8.413461538461539102e-02 4.451566951566951653e-03 9.081196581196581893e-03
0.000000000000000000e+00 6.484152421652421561e-01 1.841613247863247982e-01 8.368945868945869282e-03 1.095085470085470011e-02
0.000000000000000000e+00 6.610576923076922906e-01 8.774038461538460898e-02 1.014957264957264994e-02 8.279914529914529989e-03
0.000000000000000000e+00 6.722756410256410797e-01 1.133814102564102561e-01 5.876068376068376009e-03 1.255341880341880392e-02
0.000000000000000000e+00 6.809116809116808611e-01 1.127136752136752157e-01 4.985754985754985678e-03 1.228632478632478604e-02
0.000000000000000000e+00 6.880341880341880323e-01 1.127136752136752157e-01 4.629629629629629373e-03 1.228632478632478604e-02
0.000000000000000000e+00 6.932870370370370905e-01 1.139155982905982883e-01 4.451566951566951653e-03 1.095085470085470011e-02
0.000000000000000000e+00 6.998753561253561184e-01 1.148504273504273449e-01 5.519943019943019703e-03 1.068376068376068397e-02
0.000000000000000000e+00 7.060185185185184897e-01 1.159188034188034233e-01 7.478632478632478951e-03 1.175213675213675202e-02
0.000000000000000000e+00 7.110042735042735318e-01 1.183226495726495686e-01 7.122507122507122646e-03 1.068376068376068397e-02
0.000000000000000000e+00 7.178596866096865758e-01 1.209935897435897439e-01 9.081196581196581893e-03 1.228632478632478604e-02
0.000000000000000000e+00 7.232905982905982745e-01 1.258012820512820484e-01 1.032763532763532680e-02 9.615384615384615918e-03
0.000000000000000000e+00 7.275641025641025328e-01 1.308760683760683829e-01 9.259259259259258745e-03 8.547008547008547868e-03
0.000000000000000000e+00 7.306801994301994618e-01 1.358173076923076816e-01 8.368945868945869282e-03 8.814102564102564014e-03
0.000000000000000000e+00 7.302350427350426942e-01 1.418269230769230727e-01 9.971509971509971357e-03 8.012820512820512109e-03
0.000000000000000000e+00 7.327279202279202153e-01 1.493055555555555525e-01 1.246438746438746463e-02 8.012820512820512109e-03
0.000000000000000000e+00 7.323717948717948234e-01 1.558493589743589758e-01 1.068376068376068397e-02 8.279914529914529989e-03
0.000000000000000000e+00 7.297008547008546619e-01 1.025641025641025605e-01 9.615384615384615918e-03 9.615384615384615918e-03
0.000000000000000000e+00 7.305021367521367104e-01 1.678685897435897301e-01 8.012820512820512109e-03 1.095085470085470011e-02
0.000000000000000000e+00 7.191061253561253919e-01 1.742788461538461453e-01 1.086182336182336255e-02 6.677350427350427046e-03
0.000000000000000000e+00 6.992521367521367104e-01 1.728098290598290565e-01 6.410256410256410034e-03 9.081196581196581893e-03
0.000000000000000000e+00 6.922186609686609149e-01 1.736111111111111049e-01 4.807692307692307959e-03 8.012820512820512109e-03
0.000000000000000000e+00 6.851851851851852304e-01 1.718750000000000000e-01 6.410256410256410034e-03 1.148504273504273587e-02
0.000000000000000000e+00 6.788639601139601076e-01 1.705395299145299193e-01 5.876068376068376009e-03 8.814102564102564014e-03
0.000000000000000000e+00 6.721866096866097040e-01 1.680021367521367659e-01 8.903133903133903307e-03 1.175213675213675202e-02
0.000000000000000000e+00 6.667556980056980054e-01 1.657318376068376009e-01 8.368945868945869282e-03 1.201923076923076990e-02
0.000000000000000000e+00 9.039351851851852304e-01 2.064636752136752018e-01 5.519943019943019703e-03 1.282051282051282007e-02
0.000000000000000000e+00 9.116809116809116986e-01 2.079326923076923184e-01 5.341880341880341984e-03 1.201923076923076990e-02
0.000000000000000000e+00 8.641381766381766028e-01 3.396100427350427498e-01 9.615384615384615918e-03 8.814102564102564014e-03
0.000000000000000000e+00 8.926282051282051766e-01 3.386752136752136932e-01 1.317663817663817724e-02 1.014957264957264994e-02
0.000000000000000000e+00 8.919159544159543929e-01 3.310630341880341776e-01 1.495726495726495790e-02 9.348290598290598039e-03
0.000000000000000000e+00 8.633368945868945543e-01 3.251869658119658224e-01 1.335470085470085409e-02 1.095085470085470011e-02
0.000000000000000000e+00 8.612001424501424252e-01 3.110309829059829112e-01 1.157407407407407343e-02 9.348290598290598039e-03
0.000000000000000000e+00 8.600427350427350959e-01 2.987446581196581130e-01 1.103988603988603941e-02 9.348290598290598039e-03
0.000000000000000000e+00 8.578169515669515910e-01 2.913995726495726690e-01 9.437321937321937332e-03 7.478632478632478951e-03
0.000000000000000000e+00 8.585292022792022637e-01 2.821848290598290565e-01 1.264245014245014322e-02 9.348290598290598039e-03
0.000000000000000000e+00 8.370726495726495964e-01 2.685630341880341776e-01 5.341880341880341984e-03 8.279914529914529989e-03
0.000000000000000000e+00 8.557692307692307265e-01 2.608173076923077094e-01 1.068376068376068397e-02 9.348290598290598039e-03
0.000000000000000000e+00 8.536324786324785974e-01 2.550747863247863068e-01 9.971509971509971357e-03 7.478632478632478951e-03
0.000000000000000000e+00 8.675213675213675479e-01 2.427884615384615363e-01 5.698005698005698290e-03 1.228632478632478604e-02
0.000000000000000000e+00 8.823896011396011874e-01 2.749732905982906206e-01 5.519943019943019703e-03 1.255341880341880392e-02
0.000000000000000000e+00 8.891559829059828557e-01 2.752403846153846367e-01 5.876068376068376009e-03 1.148504273504273587e-02
0.000000000000000000e+00 8.957443019943019946e-01 2.764423076923077094e-01 5.163817663817663398e-03 1.282051282051282007e-02
0.000000000000000000e+00 8.863960113960114295e-01 3.026175213675213471e-01 5.698005698005698290e-03 1.228632478632478604e-02
0.000000000000000000e+00 8.944088319088319139e-01 3.034188034188033956e-01 6.054131054131053728e-03 1.121794871794871799e-02
0.000000000000000000e+00 8.905804843304843121e-01 3.167735042735042583e-01 1.121794871794871799e-02 6.944444444444444059e-03
0.000000000000000000e+00 8.918269230769231282e-01 3.231837606837607013e-01 1.157407407407407343e-02 8.547008547008547868e-03
0.000000000000000000e+00 8.913817663817663606e-01 2.315705128205128305e-01 6.766381766381766340e-03 1.228632478632478604e-02
0.000000000000000000e+00 8.985933048433047965e-01 2.323717948717948789e-01 5.876068376068376009e-03 1.068376068376068397e-02
0.000000000000000000e+00 9.103454415954416179e-01 2.330395299145299193e-01 6.232193732193732315e-03 1.041666666666666609e-02
0.000000000000000000e+00 9.178240740740740700e-01 2.329059829059829112e-01 5.876068376068376009e-03 1.228632478632478604e-02
0.000000000000000000e+00 8.940527065527065220e-01 2.474626068376068466e-01 6.410256410256410034e-03 1.255341880341880392e-02
0.000000000000000000e+00 9.002849002849002691e-01 2.477297008547008628e-01 6.410256410256410034e-03 1.201923076923076990e-02
0.000000000000000000e+00 9.155092592592593004e-01 2.757745726495726690e-01 6.232193732193732315e-03 1.201923076923076990e-02
0.000000000000000000e+00 9.071403133903134242e-01 2.478632478632478708e-01 6.232193732193732315e-03 1.335470085470085409e-02
0.000000000000000000e+00 9.138176638176638278e-01 2.477297008547008628e-01 6.054131054131053728e-03 1.148504273504273587e-02
0.000000000000000000e+00 9.212962962962962798e-01 2.489316239316239354e-01 6.766381766381766340e-03 1.442307692307692388e-02
0.000000000000000000e+00 9.416844729344728826e-01 2.705662393162392987e-01 1.050569800569800538e-02 8.012820512820512109e-03
0.000000000000000000e+00 9.435541310541311066e-01 2.771100427350427498e-01 1.068376068376068397e-02 8.279914529914529989e-03
0.000000000000000000e+00 8.181980056980057148e-01 4.377670940170940161e-01 1.602564102564102422e-02 1.495726495726495790e-02
0.000000000000000000e+00 8.415242165242164951e-01 4.232104700854700807e-01 5.341880341880341984e-03 1.095085470085470011e-02
0.000000000000000000e+00 8.485576923076922906e-01 4.238782051282051211e-01 5.519943019943019703e-03 1.175213675213675202e-02
0.000000000000000000e+00 8.479344729344728826e-01 4.913194444444444198e-01 1.246438746438746463e-02 9.882478632478632063e-03
0.000000000000000000e+00 8.741096866096865758e-01 4.994658119658119677e-01 1.139601139601139658e-02 9.615384615384615918e-03
0.000000000000000000e+00 8.907585470085470636e-01 4.396367521367521292e-01 1.335470085470085409e-02 9.081196581196581893e-03
0.000000000000000000e+00 8.929843304843304574e-01 4.622061965811966044e-01 1.602564102564102422e-02 1.362179487179487197e-02
0.000000000000000000e+00 8.949430199430199462e-01 4.861111111111111049e-01 1.531339031339031334e-02 8.012820512820512109e-03
0.000000000000000000e+00 8.476673789173788665e-01 5.297809829059828557e-01 1.121794871794871799e-02 9.882478632478632063e-03
0.000000000000000000e+00 8.480235042735042583e-01 5.384615384615384359e-01 1.299857549857549865e-02 9.615384615384615918e-03
0.000000000000000000e+00 8.756232193732194080e-01 5.160256410256410797e-01 1.371082621082621127e-02 1.121794871794871799e-02
0.000000000000000000e+00 8.759793447293446889e-01 5.335202991452991927e-01 9.793447293447292770e-03 9.882478632478632063e-03
0.000000000000000000e+00 8.945868945868945543e-01 5.102831196581196771e-01 1.246438746438746463e-02 8.814102564102564014e-03
0.000000000000000000e+00 8.953881766381766028e-01 5.184294871794872250e-01 1.264245014245014322e-02 8.012820512820512109e-03
0.000000000000000000e+00 8.946759259259259300e-01 5.013354700854700807e-01 1.193019943019943060e-02 1.014957264957264994e-02
0.000000000000000000e+00 8.782941595441595695e-01 5.499465811965812412e-01 1.477920227920227932e-02 1.282051282051282007e-02
0.000000000000000000e+00 8.755341880341880323e-01 5.643696581196581130e-01 1.388888888888888812e-02 9.615384615384615918e-03
0.000000000000000000e+00 8.963675213675214026e-01 5.761217948717948234e-01 1.673789173789173856e-02 1.228632478632478604e-02
0.000000000000000000e+00 8.498931623931623713e-01 5.823985042735042583e-01 1.032763532763532680e-02 9.348290598290598039e-03
0.000000000000000000e+00 8.495370370370370905e-01 6.022970085470085166e-01 1.495726495726495790e-02 1.068376068376068397e-02
0.000000000000000000e+00 8.538995726495726135e-01 6.455662393162393542e-01 5.876068376068376009e-03 1.549145299145299193e-02
0.000000000000000000e+00 8.704594017094017255e-01 6.514423076923077094e-01 6.232193732193732315e-03 1.709401709401709574e-02
0.000000000000000000e+00 8.776709401709401615e-01 6.256677350427350959e-01 1.139601139601139658e-02 9.348290598290598039e-03
0.000000000000000000e+00 8.779380341880341776e-01 5.921474358974359031e-01 9.793447293447292770e-03 8.547008547008547868e-03
0.000000000000000000e+00 8.177528490028490582e-01 5.092147435897436125e-01 1.086182336182336255e-02 7.745726495726495964e-03
0.000000000000000000e+00 9.366096866096865758e-01 6.657318376068376287e-01 1.388888888888888812e-02 1.148504273504273587e-02
