0.000000000000000000e+00 2.047720797720797674e-03 3.051549145299145560e-01 3.739316239316239476e-03 1.095085470085470011e-02
0.000000000000000000e+00 6.143162393162393022e-03 3.052884615384615641e-01 7.300569800569800365e-03 1.175213675213675202e-02
0.000000000000000000e+00 1.228632478632478604e-02 3.056891025641025883e-01 7.122507122507122646e-03 1.575854700854700807e-02
0.000000000000000000e+00 2.386039886039886121e-02 3.079594017094017255e-01 5.698005698005698290e-03 1.121794871794871799e-02
0.000000000000000000e+00 3.160612535612535717e-02 3.071581196581196771e-01 6.232193732193732315e-03 1.121794871794871799e-02
0.000000000000000000e+00 5.662393162393162399e-02 2.956730769230769273e-01 8.190883190883190695e-03 1.228632478632478604e-02
0.000000000000000000e+00 6.748575498575498655e-02 2.824519230769230727e-01 8.903133903133903307e-03 1.148504273504273587e-02
0.000000000000000000e+00 7.460826210826210225e-02 2.721688034188033956e-01 4.985754985754985678e-03 9.081196581196581893e-03
0.000000000000000000e+00 1.016737891737891780e-01 4.869123931623931534e-01 6.054131054131053728e-03 1.175213675213675202e-02
0.000000000000000000e+00 1.090633903133903099e-01 4.874465811965811857e-01 6.588319088319088621e-03 1.388888888888888812e-02
0.000000000000000000e+00 1.156517094017094072e-01 4.886485042735042583e-01 7.656695156695156670e-03 1.842948717948717993e-02
0.000000000000000000e+00 1.237535612535612534e-01 4.877136752136752018e-01 6.410256410256410034e-03 1.388888888888888812e-02
0.000000000000000000e+00 1.323896011396011319e-01 4.865117521367521292e-01 6.944444444444444059e-03 1.522435897435897405e-02
0.000000000000000000e+00 1.391559829059829112e-01 4.887820512820512664e-01 6.944444444444444059e-03 1.709401709401709574e-02
0.000000000000000000e+00 1.462784900284900269e-01 4.875801282051281937e-01 6.588319088319088621e-03 1.255341880341880392e-02
0.000000000000000000e+00 1.534009971509971426e-01 4.886485042735042583e-01 7.300569800569800365e-03 1.736111111111111188e-02
0.000000000000000000e+00 1.693376068376068466e-01 4.873130341880341776e-01 7.478632478632478951e-03 1.415598290598290600e-02
0.000000000000000000e+00 1.863425925925925875e-01 4.869123931623931534e-01 6.232193732193732315e-03 1.388888888888888812e-02
0.000000000000000000e+00 2.006766381766381668e-01 4.853098290598290565e-01 6.410256410256410034e-03 8.547008547008547868e-03
0.000000000000000000e+00 2.078881766381766305e-01 4.846420940170940161e-01 5.876068376068376009e-03 8.814102564102564014e-03
0.000000000000000000e+00 2.165242165242165229e-01 4.847756410256410242e-01 6.054131054131053728e-03 8.547008547008547868e-03
0.000000000000000000e+00 2.392272079772079785e-01 4.862446581196581130e-01 5.876068376068376009e-03 1.415598290598290600e-02
0.000000000000000000e+00 2.532051282051281937e-01 5.153579059829059839e-01 9.259259259259258745e-03 8.814102564102564014e-03
0.000000000000000000e+00 2.697649572649572502e-01 4.873130341880341776e-01 5.698005698005698290e-03 1.469017094017094002e-02
0.000000000000000000e+00 2.827635327635327767e-01 4.914529914529914278e-01 6.054131054131053728e-03 1.228632478632478604e-02
0.000000000000000000e+00 3.162393162393162260e-01 4.874465811965811857e-01 6.410256410256410034e-03 1.495726495726495790e-02
0.000000000000000000e+00 3.230947293447293256e-01 4.875801282051281937e-01 5.876068376068376009e-03 1.362179487179487197e-02
0.000000000000000000e+00 3.308404558404558493e-01 4.875801282051281937e-01 6.410256410256410034e-03 1.736111111111111188e-02
0.000000000000000000e+00 3.393874643874643660e-01 4.873130341880341776e-01 6.054131054131053728e-03 1.469017094017094002e-02
0.000000000000000000e+00 3.480235042735042583e-01 4.831730769230769273e-01 5.876068376068376009e-03 5.876068376068376009e-03
0.000000000000000000e+00 3.699252136752136932e-01 4.833066239316239354e-01 5.519943019943019703e-03 5.608974358974358997e-03
0.000000000000000000e+00 3.863960113960113740e-01 4.831730769230769273e-01 5.341880341880341984e-03 4.807692307692307959e-03
0.000000000000000000e+00 4.082086894586894332e-01 5.156250000000000000e-01 7.300569800569800365e-03 8.814102564102564014e-03
0.000000000000000000e+00 7.514245014245014842e-02 1.001602564102564187e-02 9.971509971509971357e-03 8.279914529914529989e-03
0.000000000000000000e+00 7.799145299145299193e-02 2.711004273504273587e-02 1.139601139601139658e-02 7.211538461538461939e-03
0.000000000000000000e+00 8.413461538461539102e-02 1.615918803418803576e-02 5.163817663817663398e-03 1.095085470085470011e-02
0.000000000000000000e+00 8.199786324786324798e-02 2.537393162393162486e-03 4.807692307692307959e-03 4.540598290598290947e-03
0.000000000000000000e+00 9.268162393162393542e-02 6.223290598290598385e-02 4.807692307692307959e-03 5.341880341880341984e-03
0.000000000000000000e+00 3.205128205128205017e-03 5.221688034188034372e-02 5.698005698005698290e-03 1.201923076923076990e-02
0.000000000000000000e+00 5.065883190883190695e-02 8.640491452991452825e-02 1.228632478632478604e-02 1.041666666666666609e-02
0.000000000000000000e+00 6.169871794871795156e-02 8.520299145299145560e-02 6.588319088319088621e-03 6.944444444444444059e-03
0.000000000000000000e+00 2.038817663817663883e-01 9.094551282051281660e-02 4.985754985754985678e-03 9.348290598290598039e-03
0.000000000000000000e+00 2.529380341880341776e-01 1.282051282051282007e-02 5.519943019943019703e-03 1.014957264957264994e-02
0.000000000000000000e+00 3.648504273504273310e-01 7.759081196581196771e-02 9.971509971509971357e-03 7.745726495726495964e-03
0.000000000000000000e+00 4.087428774928774655e-01 1.018963675213675202e-01 1.228632478632478604e-02 8.279914529914529989e-03
0.000000000000000000e+00 4.374109686609686798e-01 6.744123931623931256e-02 8.012820512820512109e-03 6.143162393162393022e-03
0.000000000000000000e+00 4.448005698005698116e-01 1.617254273504273587e-01 7.834757834757835257e-03 6.143162393162393022e-03
0.000000000000000000e+00 4.442663817663817794e-01 1.674679487179487059e-01 7.478632478632478951e-03 6.410256410256410034e-03
0.000000000000000000e+00 4.435541310541310511e-01 1.730769230769230727e-01 6.766381766381766340e-03 6.410256410256410034e-03
0.000000000000000000e+00 4.439102564102563875e-01 1.785523504273504314e-01 6.410256410256410034e-03 6.143162393162393022e-03
0.000000000000000000e+00 4.435541310541310511e-01 1.844284188034188143e-01 6.766381766381766340e-03 6.677350427350427046e-03
0.000000000000000000e+00 4.433760683760683552e-01 1.949786324786324798e-01 7.122507122507122646e-03 6.944444444444444059e-03
0.000000000000000000e+00 4.423967236467236663e-01 2.007211538461538547e-01 8.725071225071224720e-03 6.677350427350427046e-03
0.000000000000000000e+00 4.429309116809116986e-01 2.071314102564102699e-01 9.081196581196581893e-03 8.279914529914529989e-03
0.000000000000000000e+00 4.661680911680911588e-01 1.680021367521367659e-01 5.341880341880341984e-03 8.547008547008547868e-03
0.000000000000000000e+00 4.658119658119658224e-01 1.784188034188034233e-01 6.054131054131053728e-03 6.944444444444444059e-03
0.000000000000000000e+00 4.651887464387464144e-01 1.841613247863247982e-01 5.519943019943019703e-03 6.143162393162393022e-03
0.000000000000000000e+00 4.630519943019942852e-01 1.895032051282051211e-01 8.368945868945869282e-03 6.677350427350427046e-03
0.000000000000000000e+00 4.625178062678062529e-01 1.952457264957264960e-01 9.437321937321937332e-03 6.944444444444444059e-03
0.000000000000000000e+00 4.615384615384615641e-01 2.013888888888888951e-01 8.903133903133903307e-03 6.944444444444444059e-03
0.000000000000000000e+00 4.626958689458689489e-01 2.073985042735042861e-01 9.081196581196581893e-03 7.745726495726495964e-03
0.000000000000000000e+00 4.626068376068376287e-01 2.139423076923076816e-01 9.971509971509971357e-03 6.944444444444444059e-03
0.000000000000000000e+00 4.406160968660968735e-01 2.186164529914529919e-01 9.437321937321937332e-03 8.279914529914529989e-03
0.000000000000000000e+00 4.394586894586894332e-01 2.306356837606837740e-01 7.478632478632478951e-03 7.745726495726495964e-03
0.000000000000000000e+00 4.391025641025640969e-01 2.419871794871794879e-01 5.698005698005698290e-03 6.944444444444444059e-03
0.000000000000000000e+00 4.390135327635327767e-01 2.554754273504273310e-01 9.081196581196581893e-03 6.143162393162393022e-03
0.000000000000000000e+00 4.402599715099715372e-01 2.621527777777777901e-01 9.793447293447292770e-03 6.677350427350427046e-03
0.000000000000000000e+00 4.400819088319088412e-01 2.677617521367521292e-01 9.793447293447292770e-03 7.211538461538461939e-03
0.000000000000000000e+00 4.628739316239316448e-01 2.314369658119658224e-01 8.368945868945869282e-03 6.677350427350427046e-03
0.000000000000000000e+00 4.621616809116809166e-01 2.379807692307692180e-01 8.725071225071224720e-03 5.341880341880341984e-03
0.000000000000000000e+00 4.621616809116809166e-01 2.438568376068376009e-01 8.725071225071224720e-03 8.547008547008547868e-03
0.000000000000000000e+00 4.607371794871794601e-01 2.542735042735042583e-01 1.549145299145299193e-02 1.228632478632478604e-02
0.000000000000000000e+00 4.611823361823361722e-01 2.624198717948718063e-01 1.246438746438746463e-02 7.745726495726495964e-03
0.000000000000000000e+00 4.602920227920228036e-01 2.684294871794871695e-01 1.032763532763532680e-02 7.478632478632478951e-03
0.000000000000000000e+00 4.600249287749287874e-01 2.745726495726495964e-01 1.228632478632478604e-02 8.012820512820512109e-03
0.000000000000000000e+00 3.234508547008547175e-01 2.927350427350427498e-01 5.163817663817663398e-03 1.014957264957264994e-02
0.000000000000000000e+00 3.304843304843304574e-01 2.912660256410256610e-01 4.629629629629629373e-03 1.095085470085470011e-02
0.000000000000000000e+00 3.365384615384615641e-01 2.931356837606837740e-01 6.054131054131053728e-03 1.201923076923076990e-02
0.000000000000000000e+00 3.569266381766381668e-01 2.922008547008547175e-01 5.163817663817663398e-03 1.014957264957264994e-02
0.000000000000000000e+00 3.652065527065527228e-01 2.920673076923077094e-01 4.629629629629629373e-03 1.095085470085470011e-02
0.000000000000000000e+00 4.940349002849002691e-01 4.875801282051281937e-01 4.807692307692307959e-03 1.201923076923076990e-02
0.000000000000000000e+00 5.002670940170940161e-01 4.890491452991452825e-01 5.163817663817663398e-03 1.282051282051282007e-02
0.000000000000000000e+00 5.553774928774928288e-01 4.850427350427350404e-01 4.985754985754985678e-03 8.012820512820512109e-03
0.000000000000000000e+00 5.633012820512820484e-01 4.890491452991452825e-01 5.163817663817663398e-03 1.228632478632478604e-02
0.000000000000000000e+00 5.651709401709401615e-01 5.158920940170940161e-01 7.834757834757835257e-03 1.095085470085470011e-02
0.000000000000000000e+00 5.718482905982905651e-01 4.895833333333333148e-01 5.519943019943019703e-03 1.388888888888888812e-02
0.000000000000000000e+00 5.800391737891738009e-01 5.168269230769231282e-01 1.228632478632478604e-02 8.547008547008547868e-03
0.000000000000000000e+00 5.875178062678062529e-01 4.922542735042735318e-01 6.232193732193732315e-03 1.335470085470085409e-02
0.000000000000000000e+00 5.947293447293446889e-01 4.902510683760683552e-01 5.698005698005698290e-03 1.522435897435897405e-02
0.000000000000000000e+00 6.017628205128204844e-01 4.897168803418803229e-01 6.232193732193732315e-03 1.469017094017094002e-02
0.000000000000000000e+00 6.103988603988603767e-01 4.881143162393162260e-01 6.054131054131053728e-03 1.308760683760683795e-02
0.000000000000000000e+00 6.275819088319087857e-01 4.889155982905982745e-01 5.519943019943019703e-03 1.308760683760683795e-02
0.000000000000000000e+00 6.409366096866097040e-01 4.891826923076922906e-01 5.163817663817663398e-03 1.362179487179487197e-02
0.000000000000000000e+00 6.505519943019942852e-01 4.921207264957264682e-01 7.300569800569800365e-03 1.682692307692307612e-02
0.000000000000000000e+00 6.575854700854700807e-01 4.894497863247863068e-01 5.341880341880341984e-03 1.682692307692307612e-02
0.000000000000000000e+00 5.047186609686609149e-01 2.920673076923077094e-01 5.163817663817663398e-03 1.095085470085470011e-02
0.000000000000000000e+00 5.114850427350426942e-01 2.926014957264957417e-01 5.519943019943019703e-03 1.255341880341880392e-02
0.000000000000000000e+00 5.185185185185184897e-01 2.926014957264957417e-01 6.054131054131053728e-03 1.201923076923076990e-02
0.000000000000000000e+00 5.262642450142450690e-01 2.911324786324786529e-01 4.807692307692307959e-03 1.121794871794871799e-02
0.000000000000000000e+00 5.327635327635327211e-01 2.928685897435897578e-01 4.985754985754985678e-03 1.148504273504273587e-02
0.000000000000000000e+00 5.401531339031339085e-01 2.927350427350427498e-01 5.519943019943019703e-03 1.175213675213675202e-02
0.000000000000000000e+00 5.553774928774928288e-01 2.934027777777777901e-01 4.985754985754985678e-03 1.201923076923076990e-02
0.000000000000000000e+00 5.617877492877493273e-01 2.930021367521367659e-01 4.985754985754985678e-03 1.282051282051282007e-02
0.000000000000000000e+00 5.684650997150997309e-01 2.924679487179487336e-01 5.519943019943019703e-03 1.282051282051282007e-02
0.000000000000000000e+00 5.829772079772079785e-01 2.924679487179487336e-01 5.698005698005698290e-03 1.388888888888888812e-02
0.000000000000000000e+00 6.698717948717948234e-01 3.218482905982906206e-01 5.341880341880341984e-03 1.175213675213675202e-02
0.000000000000000000e+00 4.946581196581196771e-01 8.867521367521367937e-02 6.410256410256410034e-03 6.944444444444444059e-03
0.000000000000000000e+00 5.316951566951566566e-01 9.188034188034188698e-02 1.175213675213675202e-02 6.944444444444444059e-03
0.000000000000000000e+00 5.287571225071224790e-01 7.171474358974358476e-02 1.050569800569800538e-02 6.677350427350427046e-03
0.000000000000000000e+00 5.286680911680912143e-01 6.583867521367521569e-02 9.615384615384615918e-03 7.211538461538461939e-03
0.000000000000000000e+00 5.473646723646723444e-01 9.361645299145299193e-02 1.139601139601139658e-02 7.745726495726495964e-03
0.000000000000000000e+00 6.237535612535612950e-01 7.184829059829059283e-02 8.547008547008547868e-03 6.410256410256410034e-03
0.000000000000000000e+00 6.209935897435897578e-01 7.825854700854700807e-02 8.725071225071224720e-03 7.478632478632478951e-03
0.000000000000000000e+00 6.225961538461538547e-01 8.453525641025641524e-02 8.725071225071224720e-03 6.677350427350427046e-03
0.000000000000000000e+00 6.554487179487179516e-01 5.916132478632478431e-02 8.903133903133903307e-03 7.211538461538461939e-03
0.000000000000000000e+00 6.554487179487179516e-01 6.517094017094017533e-02 8.547008547008547868e-03 5.341880341880341984e-03
0.000000000000000000e+00 6.539351851851852304e-01 7.064636752136752018e-02 5.876068376068376009e-03 6.677350427350427046e-03
0.000000000000000000e+00 6.543803418803418870e-01 1.010950854700854717e-01 1.103988603988603941e-02 3.472222222222222029e-03
0.000000000000000000e+00 7.151887464387464144e-01 1.081730769230769273e-01 3.739316239316239476e-03 8.547008547008547868e-03
0.000000000000000000e+00 7.264957264957264682e-01 1.092414529914529919e-01 1.175213675213675202e-02 6.944444444444444059e-03
0.000000000000000000e+00 7.414529914529914834e-01 1.099091880341880323e-01 9.615384615384615918e-03 8.279914529914529989e-03
0.000000000000000000e+00 7.558760683760683552e-01 1.108440170940170888e-01 9.259259259259258745e-03 7.478632478632478951e-03
0.000000000000000000e+00 4.683048433048433296e-02 6.288728632478632896e-01 1.424501424501424529e-02 1.308760683760683795e-02
0.000000000000000000e+00 5.039173789173789081e-02 6.507745726495726135e-01 1.388888888888888812e-02 1.201923076923076990e-02
0.000000000000000000e+00 5.332977207977208228e-02 6.838942307692307265e-01 1.406695156695156670e-02 1.095085470085470011e-02
0.000000000000000000e+00 8.244301994301994618e-02 6.657318376068376287e-01 1.139601139601139658e-02 1.522435897435897405e-02
0.000000000000000000e+00 5.564458689458689350e-02 7.068643162393162260e-01 1.299857549857549865e-02 1.201923076923076990e-02
0.000000000000000000e+00 8.751780626780626682e-02 6.977831196581196771e-01 1.050569800569800538e-02 1.415598290598290600e-02
0.000000000000000000e+00 8.903133903133902960e-02 7.102029914529914834e-01 8.547008547008547868e-03 1.335470085470085409e-02
0.000000000000000000e+00 8.983262108262107803e-02 7.231570512820513219e-01 1.193019943019943060e-02 1.896367521367521222e-02
0.000000000000000000e+00 6.615028490028490582e-02 7.788461538461538547e-01 1.406695156695156670e-02 1.335470085470085409e-02
0.000000000000000000e+00 9.472934472934473049e-02 7.552083333333333703e-01 1.032763532763532680e-02 1.682692307692307612e-02
0.000000000000000000e+00 7.380698005698005382e-02 8.270566239316239354e-01 9.793447293447292770e-03 1.095085470085470011e-02
0.000000000000000000e+00 7.247150997150997309e-02 8.390758547008546619e-01 1.282051282051282007e-02 1.308760683760683795e-02
0.000000000000000000e+00 1.019408831908831942e-01 8.203792735042735318e-01 1.869658119658119608e-02 2.697649572649572780e-02
0.000000000000000000e+00 1.653311965811965767e-01 8.852831196581196771e-01 7.656695156695156670e-03 2.003205128205128374e-02
0.000000000000000000e+00 1.815349002849002968e-01 8.596420940170940161e-01 1.442307692307692388e-02 1.095085470085470011e-02
0.000000000000000000e+00 1.812678062678062807e-01 8.843482905982905651e-01 7.834757834757835257e-03 2.083333333333333218e-02
0.000000000000000000e+00 1.899928774928774933e-01 8.844818376068376287e-01 6.054131054131053728e-03 1.896367521367521222e-02
0.000000000000000000e+00 2.126068376068376009e-01 8.794070512820513219e-01 6.766381766381766340e-03 1.736111111111111188e-02
0.000000000000000000e+00 2.217770655270655256e-01 8.810096153846154188e-01 6.232193732193732315e-03 1.575854700854700807e-02
0.000000000000000000e+00 2.305911680911680861e-01 8.798076923076922906e-01 6.054131054131053728e-03 1.549145299145299193e-02
0.000000000000000000e+00 2.393162393162393264e-01 8.580395299145299193e-01 1.602564102564102422e-02 1.201923076923076990e-02
0.000000000000000000e+00 2.464387464387464421e-01 8.802083333333333703e-01 7.122507122507122646e-03 1.789529914529914417e-02
0.000000000000000000e+00 2.542735042735042583e-01 8.803418803418803229e-01 6.766381766381766340e-03 1.816239316239316379e-02
0.000000000000000000e+00 2.630876068376068466e-01 8.811431623931623713e-01 6.588319088319088621e-03 1.816239316239316379e-02
0.000000000000000000e+00 2.791132478632478708e-01 8.520299145299145005e-01 1.299857549857549865e-02 1.068376068376068397e-02
0.000000000000000000e+00 2.794693732193732072e-01 8.783386752136752573e-01 7.656695156695156670e-03 1.842948717948717993e-02
0.000000000000000000e+00 3.036858974358974117e-01 8.778044871794872250e-01 6.588319088319088621e-03 2.003205128205128374e-02
0.000000000000000000e+00 2.992343304843304574e-01 8.492254273504273865e-01 1.371082621082621127e-02 1.201923076923076990e-02
0.000000000000000000e+00 3.198005698005698116e-01 8.756677350427350959e-01 6.766381766381766340e-03 1.575854700854700807e-02
0.000000000000000000e+00 3.556801994301994063e-01 8.814102564102563875e-01 1.371082621082621127e-02 1.175213675213675202e-02
0.000000000000000000e+00 4.764066951566951480e-01 9.519230769230768718e-01 1.762820512820512803e-02 1.388888888888888812e-02
0.000000000000000000e+00 5.264423076923077094e-01 8.346688034188034511e-01 1.086182336182336255e-02 1.014957264957264994e-02
0.000000000000000000e+00 5.413995726495726135e-01 8.392094017094017255e-01 1.193019943019943060e-02 8.547008547008547868e-03
0.000000000000000000e+00 5.910790598290598385e-01 8.420138888888888395e-01 1.193019943019943060e-02 1.041666666666666609e-02
0.000000000000000000e+00 6.166310541310541238e-01 8.145032051282051766e-01 1.566951566951567051e-02 1.041666666666666609e-02
0.000000000000000000e+00 6.448539886039885705e-01 8.279914529914529364e-01 1.549145299145299193e-02 1.175213675213675202e-02
0.000000000000000000e+00 6.801103988603988126e-01 8.358707264957264682e-01 7.656695156695156670e-03 1.949786324786324798e-02
0.000000000000000000e+00 6.911502849002848503e-01 8.373397435897436125e-01 6.944444444444444059e-03 1.869658119658119608e-02
0.000000000000000000e+00 7.081552706552706189e-01 8.325320512820513219e-01 1.210826210826210746e-02 9.081196581196581893e-03
0.000000000000000000e+00 7.214209401709401615e-01 8.559027777777777901e-01 1.727207977207977085e-02 1.148504273504273587e-02
0.000000000000000000e+00 7.232905982905982745e-01 8.671207264957264682e-01 1.210826210826210746e-02 8.814102564102564014e-03
0.000000000000000000e+00 7.262286324786324521e-01 9.107905982905982745e-01 1.727207977207977085e-02 1.282051282051282007e-02
0.000000000000000000e+00 7.289886039886039892e-01 9.429754273504273865e-01 1.566951566951567051e-02 1.041666666666666609e-02
0.000000000000000000e+00 8.287927350427350959e-01 9.141292735042735318e-01 1.193019943019943060e-02 1.201923076923076990e-02
0.000000000000000000e+00 7.846331908831908342e-01 8.321314102564102422e-01 1.193019943019943060e-02 1.308760683760683795e-02
0.000000000000000000e+00 9.479166666666666297e-01 8.368055555555555802e-01 1.477920227920227932e-02 1.335470085470085409e-02
0.000000000000000000e+00 9.759615384615384359e-01 9.911858974358974672e-01 1.602564102564102422e-02 1.282051282051282007e-02
0.000000000000000000e+00 9.447115384615384359e-01 6.748130341880341776e-01 1.727207977207977085e-02 1.148504273504273587e-02
0.000000000000000000e+00 9.769408831908832358e-01 6.558493589743589203e-01 1.549145299145299193e-02 1.095085470085470011e-02
0.000000000000000000e+00 8.417913105413105113e-01 3.575053418803418870e-01 9.437321937321937332e-03 7.745726495726495964e-03
0.000000000000000000e+00 8.516737891737892197e-01 3.799412393162392987e-01 4.985754985754985678e-03 1.308760683760683795e-02
0.000000000000000000e+00 8.577279202279202153e-01 3.795405982905982745e-01 3.561253561253561323e-03 1.228632478632478604e-02
0.000000000000000000e+00 7.998575498575498655e-01 3.186431623931623713e-01 4.629629629629629373e-03 1.282051282051282007e-02
0.000000000000000000e+00 8.136574074074074403e-01 3.231837606837607013e-01 4.451566951566951653e-03 1.282051282051282007e-02
0.000000000000000000e+00 7.970975783475783283e-01 2.867254273504273310e-01 1.228632478632478604e-02 8.814102564102564014e-03
0.000000000000000000e+00 7.980769230769231282e-01 2.724358974358974117e-01 8.190883190883190695e-03 8.547008547008547868e-03
0.000000000000000000e+00 8.202457264957264682e-01 2.784455128205128305e-01 5.519943019943019703e-03 1.041666666666666609e-02
0.000000000000000000e+00 8.199786324786324521e-01 2.590811965811966044e-01 1.175213675213675202e-02 9.615384615384615918e-03
0.000000000000000000e+00 8.214031339031339085e-01 2.469284188034188143e-01 1.068376068376068397e-02 9.348290598290598039e-03
0.000000000000000000e+00 8.214031339031339085e-01 2.363782051282051211e-01 9.259259259259258745e-03 9.081196581196581893e-03
0.000000000000000000e+00 7.970975783475783283e-01 2.399839743589743668e-01 1.086182336182336255e-02 8.279914529914529989e-03
0.000000000000000000e+00 7.966524216524216717e-01 2.331730769230769273e-01 9.259259259259258745e-03 7.478632478632478951e-03
0.000000000000000000e+00 8.207799145299145005e-01 2.234241452991453103e-01 1.050569800569800538e-02 8.814102564102564014e-03
0.000000000000000000e+00 8.376068376068376287e-01 2.251602564102564152e-01 1.103988603988603941e-02 8.012820512820512109e-03
0.000000000000000000e+00 8.373397435897436125e-01 2.190170940170940161e-01 1.014957264957264994e-02 7.478632478632478951e-03
0.000000000000000000e+00 8.209579772079772519e-01 2.108707264957264960e-01 1.157407407407407343e-02 9.348290598290598039e-03
0.000000000000000000e+00 8.376958689458688934e-01 1.999198717948718063e-01 1.335470085470085409e-02 7.745726495726495964e-03
0.000000000000000000e+00 8.368055555555555802e-01 2.106036324786324798e-01 1.193019943019943060e-02 8.279914529914529989e-03
0.000000000000000000e+00 8.371616809116808611e-01 2.554754273504273310e-01 1.157407407407407343e-02 1.362179487179487197e-02
0.000000000000000000e+00 7.978988603988603767e-01 2.048611111111111049e-01 9.971509971509971357e-03 8.547008547008547868e-03
0.000000000000000000e+00 7.728810541310541238e-01 1.647970085470085444e-01 1.371082621082621127e-02 1.282051282051282007e-02
0.000000000000000000e+00 7.933582621082621023e-01 1.538461538461538547e-01 4.807692307692307959e-03 9.081196581196581893e-03
0.000000000000000000e+00 7.992343304843304574e-01 1.546474358974359031e-01 4.451566951566951653e-03 1.014957264957264994e-02
0.000000000000000000e+00 8.372507122507122368e-01 1.824252136752136655e-01 1.210826210826210746e-02 1.068376068376068397e-02
0.000000000000000000e+00 8.346688034188034511e-01 1.665331196581196493e-01 9.081196581196581893e-03 7.211538461538461939e-03
0.000000000000000000e+00 8.143696581196581130e-01 9.041132478632478431e-02 8.368945868945869282e-03 7.745726495726495964e-03
0.000000000000000000e+00 8.148148148148147696e-01 7.959401709401708880e-02 1.032763532763532680e-02 8.012820512820512109e-03
0.000000000000000000e+00 8.144586894586894887e-01 7.345085470085470358e-02 5.341880341880341984e-03 4.807692307692307959e-03
0.000000000000000000e+00 8.151709401709401615e-01 6.864316239316239909e-02 4.273504273504273934e-03 5.876068376068376009e-03
0.000000000000000000e+00 8.382300569800569257e-01 8.386752136752136100e-02 1.228632478632478604e-02 8.547008547008547868e-03
0.000000000000000000e+00 8.390313390313390851e-01 8.961004273504273587e-02 1.068376068376068397e-02 7.745726495726495964e-03
0.000000000000000000e+00 8.382300569800569257e-01 7.785790598290598385e-02 9.793447293447292770e-03 6.143162393162393022e-03
0.000000000000000000e+00 8.377849002849002691e-01 7.264957264957265515e-02 9.615384615384615918e-03 5.876068376068376009e-03
0.000000000000000000e+00 8.114316239316239354e-01 4.620726495726495964e-02 8.903133903133903307e-03 8.012820512820512109e-03
0.000000000000000000e+00 8.139245014245014564e-01 5.822649572649572780e-02 4.629629629629629373e-03 7.478632478632478951e-03
0.000000000000000000e+00 7.920227920227920215e-01 3.565705128205128027e-02 4.273504273504273934e-03 6.677350427350427046e-03
0.000000000000000000e+00 8.084935897435897578e-01 3.031517094017094002e-02 1.014957264957264994e-02 7.211538461538461939e-03
0.000000000000000000e+00 8.068019943019942852e-01 2.590811965811965975e-02 8.547008547008547868e-03 6.944444444444444059e-03
0.000000000000000000e+00 8.342236467236466835e-01 6.169871794871795156e-02 4.629629629629629373e-03 8.547008547008547868e-03
0.000000000000000000e+00 8.410790598290598385e-01 6.223290598290598385e-02 4.451566951566951653e-03 8.547008547008547868e-03
0.000000000000000000e+00 8.312856125356125059e-01 4.099893162393162399e-02 4.451566951566951653e-03 9.882478632478632063e-03
0.000000000000000000e+00 8.369836182336182206e-01 4.153311965811965628e-02 5.163817663817663398e-03 8.814102564102564014e-03
0.000000000000000000e+00 8.426816239316239354e-01 4.220085470085470358e-02 4.451566951566951653e-03 1.014957264957264994e-02
0.000000000000000000e+00 8.190883190883191389e-01 1.602564102564102422e-02 4.629629629629629373e-03 9.615384615384615918e-03
0.000000000000000000e+00 8.400106837606837740e-01 7.077991452991452999e-03 4.451566951566951653e-03 9.882478632478632063e-03
0.000000000000000000e+00 8.420584045584045274e-01 1.963141025641025605e-02 5.341880341880341984e-03 1.095085470085470011e-02
0.000000000000000000e+00 8.455306267806267373e-01 6.944444444444444059e-03 5.163817663817663398e-03 9.615384615384615918e-03
0.000000000000000000e+00 8.474893162393162260e-01 1.963141025641025605e-02 5.163817663817663398e-03 1.041666666666666609e-02
0.000000000000000000e+00 8.531873219373219408e-01 2.003205128205128374e-02 5.163817663817663398e-03 1.121794871794871799e-02
0.000000000000000000e+00 8.592414529914529364e-01 1.976495726495726413e-02 4.807692307692307959e-03 9.615384615384615918e-03
0.000000000000000000e+00 8.650284900284900269e-01 2.056623931623931603e-02 5.698005698005698290e-03 1.228632478632478604e-02
0.000000000000000000e+00 8.711716524216523982e-01 2.069978632478632410e-02 4.451566951566951653e-03 9.882478632478632063e-03
0.000000000000000000e+00 8.571047008547008073e-01 7.211538461538461939e-03 4.807692307692307959e-03 1.014957264957264994e-02
0.000000000000000000e+00 8.830128205128204844e-01 4.246794871794871973e-02 6.766381766381766340e-03 8.012820512820512109e-03
0.000000000000000000e+00 8.814102564102563875e-01 3.739316239316239215e-02 7.122507122507122646e-03 8.012820512820512109e-03
0.000000000000000000e+00 2.047720797720797674e-03 3.349358974358974117e-01 3.383190883190883170e-03 1.121794871794871799e-02
0.000000000000000000e+00 7.374465811965812412e-01 9.919871794871795156e-01 1.655982905982905998e-02 1.335470085470085409e-02
0.000000000000000000e+00 8.262998575498575748e-01 9.421741452991453381e-01 1.264245014245014322e-02 6.677350427350427046e-03
0.000000000000000000e+00 9.714209401709401615e-01 5.702457264957264682e-01 1.050569800569800538e-02 9.615384615384615918e-03
0.000000000000000000e+00 9.743589743589743390e-01 9.543269230769231282e-01 1.709401709401709574e-02 1.495726495726495790e-02
0.000000000000000000e+00 9.761396011396011874e-01 9.690170940170940161e-01 1.388888888888888812e-02 1.388888888888888812e-02
