0.000000000000000000e+00 2.136752136752136967e-03 9.401709401709401615e-02 3.917378917378917629e-03 1.335470085470085409e-02
0.000000000000000000e+00 3.178418803418803229e-02 2.154113247863247982e-01 8.012820512820512109e-03 1.896367521367521222e-02
0.000000000000000000e+00 3.587962962962962937e-02 2.335737179487179516e-01 7.300569800569800365e-03 1.255341880341880392e-02
0.000000000000000000e+00 5.858262108262108497e-02 2.546741452991452825e-01 7.122507122507122646e-03 1.148504273504273587e-02
0.000000000000000000e+00 6.623931623931623991e-02 2.880608974358974117e-01 7.834757834757835257e-03 1.522435897435897405e-02
0.000000000000000000e+00 7.897079772079772242e-02 3.376068376068376287e-01 7.656695156695156670e-03 1.335470085470085409e-02
0.000000000000000000e+00 1.636396011396011319e-01 1.215277777777777797e-02 5.698005698005698290e-03 9.882478632478632063e-03
0.000000000000000000e+00 1.645299145299145283e-01 2.270299145299145213e-02 5.341880341880341984e-03 1.121794871794871799e-02
0.000000000000000000e+00 1.182336182336182345e-01 8.506944444444444753e-02 7.122507122507122646e-03 1.415598290598290600e-02
0.000000000000000000e+00 1.557158119658119677e-01 6.610576923076923184e-02 9.437321937321937332e-03 7.745726495726495964e-03
0.000000000000000000e+00 1.559829059829059839e-01 7.572115384615384082e-02 1.139601139601139658e-02 7.745726495726495964e-03
0.000000000000000000e+00 1.556267806267806197e-01 8.079594017094017533e-02 1.068376068376068397e-02 5.074786324786324972e-03
0.000000000000000000e+00 1.564280626780626682e-01 8.587072649572649596e-02 1.014957264957264994e-02 6.143162393162393022e-03
0.000000000000000000e+00 1.821581196581196493e-01 9.147970085470084889e-02 8.547008547008547868e-03 8.814102564102564014e-03
0.000000000000000000e+00 1.681801994301994341e-01 1.287393162393162260e-01 5.163817663817663398e-03 1.228632478632478604e-02
0.000000000000000000e+00 1.680021367521367659e-01 1.404914529914529919e-01 5.163817663817663398e-03 1.014957264957264994e-02
0.000000000000000000e+00 1.675569800569800538e-01 1.530448717948718063e-01 5.698005698005698290e-03 1.014957264957264994e-02
0.000000000000000000e+00 1.666666666666666574e-01 1.820245726495726413e-01 5.341880341880341984e-03 1.201923076923076990e-02
0.000000000000000000e+00 1.652421652421652287e-01 2.243589743589743668e-01 6.766381766381766340e-03 1.282051282051282007e-02
0.000000000000000000e+00 1.620370370370370350e-01 2.590811965811966044e-01 6.054131054131053728e-03 1.228632478632478604e-02
0.000000000000000000e+00 1.615918803418803507e-01 2.731036324786324521e-01 6.232193732193732315e-03 1.308760683760683795e-02
0.000000000000000000e+00 1.602564102564102699e-01 3.020833333333333148e-01 6.766381766381766340e-03 1.121794871794871799e-02
0.000000000000000000e+00 1.593660968660968735e-01 3.377403846153846367e-01 5.698005698005698290e-03 1.148504273504273587e-02
0.000000000000000000e+00 1.749465811965811857e-01 3.338675213675213471e-01 6.588319088319088621e-03 1.442307692307692388e-02
0.000000000000000000e+00 1.745014245014245013e-01 3.510950854700854440e-01 6.410256410256410034e-03 1.469017094017094002e-02
0.000000000000000000e+00 1.741452991452991372e-01 3.657852564102563875e-01 6.410256410256410034e-03 1.415598290598290600e-02
0.000000000000000000e+00 1.583867521367521292e-01 3.687232905982906206e-01 6.232193732193732315e-03 1.308760683760683795e-02
0.000000000000000000e+00 1.417378917378917247e-01 3.815438034188033956e-01 6.766381766381766340e-03 1.469017094017094002e-02
0.000000000000000000e+00 1.332799145299145283e-01 3.843482905982906206e-01 6.232193732193732315e-03 1.388888888888888812e-02
0.000000000000000000e+00 1.175213675213675202e-01 3.876869658119658224e-01 7.478632478632478951e-03 1.308760683760683795e-02
0.000000000000000000e+00 1.168981481481481538e-01 4.225427350427350404e-01 7.656695156695156670e-03 1.442307692307692388e-02
0.000000000000000000e+00 1.248219373219373179e-01 4.186698717948718063e-01 7.834757834757835257e-03 1.522435897435897405e-02
0.000000000000000000e+00 1.433404558404558493e-01 5.500801282051281937e-01 1.103988603988603941e-02 2.323717948717948789e-02
0.000000000000000000e+00 1.371082621082621023e-01 6.143162393162393542e-01 8.903133903133903307e-03 1.816239316239316379e-02
0.000000000000000000e+00 1.126246438746438677e-01 8.868856837606837740e-01 1.477920227920227932e-02 1.362179487179487197e-02
0.000000000000000000e+00 2.767094017094017255e-01 9.899839743589743390e-01 1.032763532763532680e-02 1.896367521367521222e-02
0.000000000000000000e+00 2.313034188034188143e-01 5.376602564102563875e-01 1.531339031339031334e-02 1.388888888888888812e-02
0.000000000000000000e+00 2.532941595441595695e-01 5.279113247863247427e-01 1.014957264957264994e-02 1.469017094017094002e-02
0.000000000000000000e+00 2.650462962962962798e-01 5.427350427350426942e-01 1.762820512820512803e-02 3.098290598290598385e-02
0.000000000000000000e+00 2.889066951566951480e-01 5.872061965811965489e-01 1.086182336182336255e-02 1.629273504273504383e-02
0.000000000000000000e+00 3.636930199430199462e-01 6.507745726495726135e-01 1.691595441595441715e-02 1.362179487179487197e-02
0.000000000000000000e+00 3.806980056980057148e-01 6.485042735042735318e-01 1.068376068376068397e-02 9.615384615384615918e-03
0.000000000000000000e+00 4.546830484330484090e-01 9.539262820512820484e-01 1.442307692307692388e-02 1.522435897435897405e-02
0.000000000000000000e+00 4.549501424501424252e-01 9.774305555555555802e-01 1.246438746438746463e-02 2.163461538461538408e-02
0.000000000000000000e+00 5.004451566951566566e-01 8.488247863247863068e-01 1.121794871794871799e-02 1.816239316239316379e-02
0.000000000000000000e+00 3.694800569800569812e-01 4.818376068376068466e-01 1.175213675213675202e-02 1.228632478632478604e-02
0.000000000000000000e+00 3.868411680911680861e-01 4.950587606837607013e-01 8.012820512820512109e-03 1.575854700854700807e-02
0.000000000000000000e+00 3.807870370370370350e-01 5.145566239316239354e-01 1.335470085470085409e-02 1.255341880341880392e-02
0.000000000000000000e+00 3.942307692307692180e-01 5.247061965811965489e-01 7.834757834757835257e-03 1.736111111111111188e-02
0.000000000000000000e+00 3.894230769230769273e-01 5.446047008547008073e-01 1.353276353276353268e-02 1.014957264957264994e-02
0.000000000000000000e+00 4.362535612535612395e-01 4.893162393162392987e-01 1.068376068376068397e-02 1.175213675213675202e-02
0.000000000000000000e+00 4.309116809116809166e-01 4.955929487179487336e-01 9.259259259259258745e-03 1.041666666666666609e-02
0.000000000000000000e+00 4.149750712250712126e-01 6.093750000000000000e-01 1.228632478632478604e-02 1.201923076923076990e-02
0.000000000000000000e+00 4.075854700854700807e-01 3.250534188034188143e-01 5.698005698005698290e-03 1.335470085470085409e-02
0.000000000000000000e+00 4.262820512820512664e-01 3.159722222222222099e-01 6.766381766381766340e-03 1.388888888888888812e-02
0.000000000000000000e+00 4.512108262108261991e-01 3.034188034188033956e-01 6.766381766381766340e-03 1.549145299145299193e-02
0.000000000000000000e+00 4.677706552706552556e-01 3.247863247863247982e-01 1.495726495726495790e-02 1.068376068376068397e-02
0.000000000000000000e+00 4.863782051282051211e-01 3.149038461538461453e-01 1.335470085470085409e-02 1.282051282051282007e-02
0.000000000000000000e+00 4.808582621082621023e-01 3.589743589743589758e-01 1.335470085470085409e-02 9.081196581196581893e-03
0.000000000000000000e+00 4.816595441595441507e-01 3.652510683760683552e-01 1.175213675213675202e-02 7.745726495726495964e-03
0.000000000000000000e+00 4.682158119658119677e-01 4.009081196581196771e-01 5.876068376068376009e-03 1.495726495726495790e-02
0.000000000000000000e+00 4.472044159544159569e-01 1.091079059829059839e-01 1.406695156695156670e-02 1.522435897435897405e-02
0.000000000000000000e+00 6.908831908831908342e-01 8.360042735042734485e-02 8.547008547008547868e-03 1.228632478632478604e-02
0.000000000000000000e+00 6.740562678062678170e-01 1.021634615384615363e-01 9.081196581196581893e-03 1.415598290598290600e-02
0.000000000000000000e+00 6.558048433048433434e-01 1.255341880341880323e-01 8.547008547008547868e-03 1.228632478632478604e-02
0.000000000000000000e+00 6.784188034188034511e-01 1.506410256410256332e-01 1.032763532763532680e-02 1.282051282051282007e-02
0.000000000000000000e+00 7.098468660968660915e-01 1.647970085470085444e-01 1.014957264957264994e-02 1.068376068376068397e-02
0.000000000000000000e+00 7.122507122507122368e-01 1.582532051282051211e-01 1.175213675213675202e-02 1.148504273504273587e-02
0.000000000000000000e+00 7.144764957264957417e-01 1.513087606837606736e-01 1.157407407407407343e-02 1.041666666666666609e-02
0.000000000000000000e+00 7.384259259259259300e-01 1.613247863247863345e-01 1.068376068376068397e-02 8.547008547008547868e-03
0.000000000000000000e+00 7.354878917378917524e-01 1.732104700854700807e-01 1.050569800569800538e-02 7.211538461538461939e-03
0.000000000000000000e+00 7.342414529914529364e-01 1.796207264957264960e-01 9.793447293447292770e-03 8.279914529914529989e-03
0.000000000000000000e+00 7.405626780626780592e-01 1.533119658119658224e-01 1.103988603988603941e-02 8.547008547008547868e-03
0.000000000000000000e+00 7.440349002849002691e-01 1.411591880341880323e-01 9.081196581196581893e-03 8.279914529914529989e-03
0.000000000000000000e+00 7.460826210826211335e-01 1.346153846153846090e-01 9.615384615384615918e-03 6.944444444444444059e-03
0.000000000000000000e+00 7.479522792022792466e-01 1.286057692307692180e-01 1.157407407407407343e-02 6.143162393162393022e-03
0.000000000000000000e+00 7.472400284900284628e-01 1.217948717948717924e-01 1.335470085470085409e-02 1.068376068376068397e-02
0.000000000000000000e+00 8.847934472934473327e-01 1.279380341880341776e-01 6.410256410256410034e-03 1.228632478632478604e-02
0.000000000000000000e+00 8.979700854700854995e-01 1.087072649572649596e-01 7.834757834757835257e-03 1.282051282051282007e-02
0.000000000000000000e+00 8.755341880341880323e-01 1.410256410256410242e-01 6.766381766381766340e-03 1.228632478632478604e-02
0.000000000000000000e+00 8.651175213675214026e-01 1.546474358974359031e-01 6.944444444444444059e-03 1.014957264957264994e-02
0.000000000000000000e+00 8.569266381766381668e-01 1.694711538461538547e-01 5.876068376068376009e-03 1.148504273504273587e-02
0.000000000000000000e+00 8.517628205128204844e-01 1.741452991452991372e-01 6.588319088319088621e-03 1.121794871794871799e-02
0.000000000000000000e+00 8.316417378917378977e-01 2.036591880341880323e-01 6.588319088319088621e-03 1.255341880341880392e-02
0.000000000000000000e+00 8.368945868945868449e-01 1.988514957264957139e-01 6.766381766381766340e-03 1.041666666666666609e-02
0.000000000000000000e+00 8.116987179487179516e-01 2.427884615384615363e-01 8.368945868945869282e-03 1.014957264957264994e-02
0.000000000000000000e+00 6.276709401709401615e-01 5.200320512820513219e-01 7.834757834757835257e-03 1.655982905982905998e-02
0.000000000000000000e+00 7.844551282051281937e-01 3.413461538461538547e-01 9.081196581196581893e-03 1.549145299145299193e-02
0.000000000000000000e+00 8.051994301994301884e-01 3.506944444444444198e-01 1.032763532763532680e-02 1.709401709401709574e-02
0.000000000000000000e+00 8.129451566951566566e-01 3.530982905982906206e-01 7.300569800569800365e-03 1.175213675213675202e-02
0.000000000000000000e+00 8.268340455840456071e-01 3.612446581196581130e-01 8.725071225071224720e-03 1.415598290598290600e-02
0.000000000000000000e+00 8.341346153846154188e-01 3.643162393162392987e-01 8.368945868945869282e-03 1.442307692307692388e-02
0.000000000000000000e+00 8.443732193732194080e-01 3.771367521367521292e-01 1.495726495726495790e-02 9.615384615384615918e-03
0.000000000000000000e+00 7.638888888888888395e-01 4.039797008547008628e-01 6.410256410256410034e-03 1.362179487179487197e-02
0.000000000000000000e+00 8.048433048433047965e-01 6.394230769230768718e-01 1.460113960113960073e-02 1.121794871794871799e-02
0.000000000000000000e+00 9.017094017094017255e-01 5.870726495726495964e-01 1.424501424501424529e-02 1.014957264957264994e-02
0.000000000000000000e+00 9.006410256410256610e-01 5.970886752136752573e-01 1.282051282051282007e-02 9.348290598290598039e-03
0.000000000000000000e+00 9.042913105413105113e-01 6.231303418803418870e-01 1.228632478632478604e-02 8.547008547008547868e-03
0.000000000000000000e+00 9.136396011396011874e-01 6.518429487179486781e-01 1.424501424501424529e-02 1.095085470085470011e-02
0.000000000000000000e+00 8.767806267806267373e-01 6.856303418803418870e-01 1.709401709401709574e-02 1.228632478632478604e-02
0.000000000000000000e+00 9.742699430199430743e-01 6.601228632478632896e-01 1.513532763532763475e-02 1.148504273504273587e-02
0.000000000000000000e+00 9.915420227920227481e-01 6.617254273504273865e-01 1.228632478632478604e-02 8.279914529914529989e-03
0.000000000000000000e+00 9.517450142450142314e-01 7.988782051282051766e-01 1.709401709401709574e-02 1.121794871794871799e-02
0.000000000000000000e+00 9.764066951566952035e-01 7.987446581196581130e-01 1.299857549857549865e-02 9.882478632478632063e-03
0.000000000000000000e+00 9.524572649572649041e-01 8.107638888888888395e-01 1.495726495726495790e-02 1.041666666666666609e-02
0.000000000000000000e+00 9.536146723646723444e-01 8.209134615384615641e-01 1.335470085470085409e-02 9.882478632478632063e-03
0.000000000000000000e+00 9.562856125356125059e-01 8.317307692307692735e-01 1.299857549857549865e-02 1.014957264957264994e-02
0.000000000000000000e+00 9.578881766381766028e-01 8.425480769230768718e-01 1.406695156695156670e-02 1.041666666666666609e-02
0.000000000000000000e+00 9.601139601139601076e-01 8.641826923076922906e-01 1.103988603988603941e-02 1.095085470085470011e-02
0.000000000000000000e+00 9.630519943019942852e-01 8.759348290598291120e-01 1.584757834757834910e-02 1.041666666666666609e-02
0.000000000000000000e+00 9.649216524216523982e-01 8.871527777777777901e-01 1.566951566951567051e-02 1.148504273504273587e-02
0.000000000000000000e+00 9.925213675213675479e-01 8.878205128205127750e-01 1.388888888888888812e-02 1.228632478632478604e-02
0.000000000000000000e+00 9.939458689458688934e-01 8.998397435897436125e-01 1.103988603988603941e-02 1.121794871794871799e-02
0.000000000000000000e+00 9.654558404558404305e-01 9.086538461538461453e-01 1.673789173789173856e-02 1.282051282051282007e-02
0.000000000000000000e+00 9.698183760683760646e-01 9.329594017094017255e-01 1.655982905982905998e-02 1.175213675213675202e-02
0.000000000000000000e+00 9.724893162393162260e-01 9.452457264957264682e-01 1.157407407407407343e-02 1.121794871794871799e-02
0.000000000000000000e+00 9.747150997150997309e-01 9.565972222222222099e-01 1.317663817663817724e-02 1.095085470085470011e-02
0.000000000000000000e+00 9.776531339031339085e-01 9.810363247863247427e-01 1.620370370370370280e-02 1.335470085470085409e-02
0.000000000000000000e+00 9.804131054131054457e-01 9.937232905982905651e-01 1.210826210826210746e-02 1.041666666666666609e-02
0.000000000000000000e+00 8.101851851851851402e-03 4.674145299145299019e-03 8.725071225071224720e-03 8.279914529914529989e-03
