0.000000000000000000e+00 4.220085470085470358e-02 7.612179487179487024e-03 5.341880341880341984e-03 1.095085470085470011e-02
0.000000000000000000e+00 6.258903133903133409e-02 6.944444444444444059e-03 9.081196581196581893e-03 6.410256410256410034e-03
0.000000000000000000e+00 6.285612535612535023e-02 1.121794871794871799e-02 8.547008547008547868e-03 6.410256410256410034e-03
0.000000000000000000e+00 6.214387464387464283e-02 2.243589743589743599e-02 8.190883190883190695e-03 6.410256410256410034e-03
0.000000000000000000e+00 6.472578347578347713e-02 3.926282051282051211e-02 1.014957264957264994e-02 6.410256410256410034e-03
0.000000000000000000e+00 6.392450142450142869e-02 4.447115384615384776e-02 1.175213675213675202e-02 7.745726495726495964e-03
0.000000000000000000e+00 6.428062678062677893e-02 5.008012820512820762e-02 1.139601139601139658e-02 7.745726495726495964e-03
0.000000000000000000e+00 6.445868945868946098e-02 5.528846153846153633e-02 1.068376068376068397e-02 7.478632478632478951e-03
0.000000000000000000e+00 7.291666666666667129e-02 9.041132478632478431e-02 5.519943019943019703e-03 1.041666666666666609e-02
0.000000000000000000e+00 6.027421652421652287e-02 9.975961538461539102e-02 5.876068376068376009e-03 1.255341880341880392e-02
0.000000000000000000e+00 7.469729344729345022e-02 1.095085470085470081e-01 5.519943019943019703e-03 1.228632478632478604e-02
0.000000000000000000e+00 5.751424501424501345e-02 1.324786324786324798e-01 7.122507122507122646e-03 1.655982905982905998e-02
0.000000000000000000e+00 6.036324786324786390e-02 1.475694444444444475e-01 5.698005698005698290e-03 9.882478632478632063e-03
0.000000000000000000e+00 1.068376068376068397e-02 2.182158119658119677e-01 1.175213675213675202e-02 1.014957264957264994e-02
0.000000000000000000e+00 9.143518518518518878e-02 2.616185897435897578e-01 6.232193732193732315e-03 1.201923076923076990e-02
0.000000000000000000e+00 9.188034188034188698e-02 2.755074786324786529e-01 6.054131054131053728e-03 1.362179487179487197e-02
0.000000000000000000e+00 3.561253561253561323e-02 3.589743589743589758e-01 8.547008547008547868e-03 1.762820512820512803e-02
0.000000000000000000e+00 8.030626780626780314e-02 3.464209401709401615e-01 1.282051282051282007e-02 9.081196581196581893e-03
0.000000000000000000e+00 7.932692307692307265e-02 3.537660256410256610e-01 1.228632478632478604e-02 7.745726495726495964e-03
0.000000000000000000e+00 7.932692307692307265e-02 3.612446581196581130e-01 1.371082621082621127e-02 8.279914529914529989e-03
0.000000000000000000e+00 8.003917378917378700e-02 3.338675213675213471e-01 1.193019943019943060e-02 8.547008547008547868e-03
0.000000000000000000e+00 1.099537037037037063e-01 3.679220085470085722e-01 1.014957264957264994e-02 1.095085470085470011e-02
0.000000000000000000e+00 9.232549857549857131e-02 4.177350427350427498e-01 5.876068376068376009e-03 1.495726495726495790e-02
0.000000000000000000e+00 1.313212250712250673e-01 1.362179487179487197e-02 5.519943019943019703e-03 1.121794871794871799e-02
0.000000000000000000e+00 1.377314814814814825e-01 1.148504273504273587e-02 5.163817663817663398e-03 9.615384615384615918e-03
0.000000000000000000e+00 1.703169515669515632e-01 4.313568376068376009e-02 5.519943019943019703e-03 1.201923076923076990e-02
0.000000000000000000e+00 1.695156695156695148e-01 1.268696581196581200e-02 7.478632478632478951e-03 2.003205128205128374e-02
0.000000000000000000e+00 2.206196581196581130e-01 2.777777777777777624e-02 8.190883190883190695e-03 8.547008547008547868e-03
0.000000000000000000e+00 9.143518518518518878e-02 4.332264957264957417e-01 6.588319088319088621e-03 1.388888888888888812e-02
0.000000000000000000e+00 9.045584045584045829e-02 4.499198717948718063e-01 6.766381766381766340e-03 1.362179487179487197e-02
0.000000000000000000e+00 8.849715099715099731e-02 4.895833333333333148e-01 7.122507122507122646e-03 1.549145299145299193e-02
0.000000000000000000e+00 8.529202279202278969e-02 5.475427350427350959e-01 7.478632478632478951e-03 1.602564102564102422e-02
0.000000000000000000e+00 7.977207977207977085e-02 5.953525641025640969e-01 7.122507122507122646e-03 1.655982905982905998e-02
0.000000000000000000e+00 7.897079772079772242e-02 6.147168803418803229e-01 8.012820512820512109e-03 1.629273504273504383e-02
0.000000000000000000e+00 7.612179487179486503e-02 6.549145299145299193e-01 7.656695156695156670e-03 1.388888888888888812e-02
0.000000000000000000e+00 7.353988603988603767e-02 7.047275641025640969e-01 6.766381766381766340e-03 1.469017094017094002e-02
0.000000000000000000e+00 9.179131054131053902e-02 6.999198717948718063e-01 7.656695156695156670e-03 2.003205128205128374e-02
0.000000000000000000e+00 9.116809116809117264e-02 7.248931623931623713e-01 7.478632478632478951e-03 1.976495726495726413e-02
0.000000000000000000e+00 8.992165242165242600e-02 7.454594017094017255e-01 7.834757834757835257e-03 1.709401709401709574e-02
0.000000000000000000e+00 7.095797720797721031e-02 7.482638888888888395e-01 8.368945868945869282e-03 1.736111111111111188e-02
0.000000000000000000e+00 2.110042735042735179e-02 7.748397435897436125e-01 9.437321937321937332e-03 1.816239316239316379e-02
0.000000000000000000e+00 4.033119658119658363e-02 7.706997863247863068e-01 8.012820512820512109e-03 1.842948717948717993e-02
0.000000000000000000e+00 5.056980056980057286e-02 7.668269230769231282e-01 8.547008547008547868e-03 2.083333333333333218e-02
0.000000000000000000e+00 1.905270655270655325e-02 8.246527777777777901e-01 8.903133903133903307e-03 2.003205128205128374e-02
0.000000000000000000e+00 2.866809116809116917e-02 8.194444444444444198e-01 8.190883190883190695e-03 2.083333333333333218e-02
0.000000000000000000e+00 1.060363247863247843e-01 9.066506410256410797e-01 9.793447293447292770e-03 2.270299145299145213e-02
0.000000000000000000e+00 1.525997150997150942e-01 9.909188034188034511e-01 1.851851851851851749e-02 1.709401709401709574e-02
0.000000000000000000e+00 1.797542735042735040e-01 9.775641025641025328e-01 1.228632478632478604e-02 1.869658119658119608e-02
0.000000000000000000e+00 3.215811965811966044e-01 9.109241452991453381e-01 1.495726495726495790e-02 1.469017094017094002e-02
0.000000000000000000e+00 3.432158119658119677e-01 9.301549145299145005e-01 9.437321937321937332e-03 2.216880341880341984e-02
0.000000000000000000e+00 3.350249287749287874e-01 9.587339743589743390e-01 1.620370370370370280e-02 1.522435897435897405e-02
0.000000000000000000e+00 3.513176638176638278e-01 9.724893162393162260e-01 9.615384615384615918e-03 2.403846153846153980e-02
0.000000000000000000e+00 3.963675213675213471e-01 9.320245726495726135e-01 1.282051282051282007e-02 1.896367521367521222e-02
0.000000000000000000e+00 4.032229344729344467e-01 9.238782051282051766e-01 1.299857549857549865e-02 1.869658119658119608e-02
0.000000000000000000e+00 3.444622507122507282e-01 9.977297008547008073e-01 1.655982905982905998e-02 4.006410256410256054e-03
0.000000000000000000e+00 3.107193732193732072e-01 7.338408119658119677e-01 1.388888888888888812e-02 1.682692307692307612e-02
0.000000000000000000e+00 3.238069800569800538e-01 7.079326923076922906e-01 8.012820512820512109e-03 2.056623931623931603e-02
0.000000000000000000e+00 3.703703703703703498e-01 6.880341880341880323e-01 6.410256410256410034e-03 1.709401709401709574e-02
0.000000000000000000e+00 3.931623931623931534e-01 6.754807692307692735e-01 7.122507122507122646e-03 1.869658119658119608e-02
0.000000000000000000e+00 4.228988603988603767e-01 6.586538461538461453e-01 7.478632478632478951e-03 1.923076923076923184e-02
0.000000000000000000e+00 4.422186609686609704e-01 7.952724358974359031e-01 6.588319088319088621e-03 2.003205128205128374e-02
0.000000000000000000e+00 4.590455840455840431e-01 7.661591880341880323e-01 1.424501424501424529e-02 1.041666666666666609e-02
0.000000000000000000e+00 4.577991452991452825e-01 7.363782051282051766e-01 1.602564102564102422e-02 1.121794871794871799e-02
0.000000000000000000e+00 4.583333333333333148e-01 7.462606837606837740e-01 1.388888888888888812e-02 1.068376068376068397e-02
0.000000000000000000e+00 4.577991452991452825e-01 7.556089743589743390e-01 1.460113960113960073e-02 8.547008547008547868e-03
0.000000000000000000e+00 4.422186609686609704e-01 6.884348290598291120e-01 1.798433048433048520e-02 1.415598290598290600e-02
0.000000000000000000e+00 4.648326210826210780e-01 6.744123931623932089e-01 1.549145299145299193e-02 1.602564102564102422e-02
0.000000000000000000e+00 6.358618233618233972e-01 9.655448717948718063e-01 9.259259259259258745e-03 2.190170940170940023e-02
0.000000000000000000e+00 5.229700854700854995e-01 6.254006410256410797e-01 9.971509971509971357e-03 1.522435897435897405e-02
0.000000000000000000e+00 4.191595441595441507e-01 3.930288461538461453e-01 1.602564102564102422e-02 1.789529914529914417e-02
0.000000000000000000e+00 2.804487179487179516e-01 5.168269230769230449e-02 9.259259259259258745e-03 8.279914529914529989e-03
0.000000000000000000e+00 2.737713675213675479e-01 7.264957264957265515e-02 9.793447293447292770e-03 1.014957264957264994e-02
0.000000000000000000e+00 3.602207977207977363e-01 1.148504273504273587e-02 1.032763532763532680e-02 1.014957264957264994e-02
0.000000000000000000e+00 4.131054131054130996e-01 3.378739316239316032e-02 9.615384615384615918e-03 8.814102564102564014e-03
0.000000000000000000e+00 4.321581196581196771e-01 4.233440170940171166e-02 1.175213675213675202e-02 1.041666666666666609e-02
0.000000000000000000e+00 4.949252136752136932e-01 6.877670940170940717e-02 1.264245014245014322e-02 9.348290598290598039e-03
0.000000000000000000e+00 5.523504273504273865e-01 1.286057692307692180e-01 9.615384615384615918e-03 1.575854700854700807e-02
0.000000000000000000e+00 5.537749287749287319e-01 1.725427350427350404e-01 8.903133903133903307e-03 1.388888888888888812e-02
0.000000000000000000e+00 5.915242165242164951e-01 1.133814102564102561e-01 1.139601139601139658e-02 9.882478632478632063e-03
0.000000000000000000e+00 6.108440170940171443e-01 1.032318376068376009e-01 8.012820512820512109e-03 1.148504273504273587e-02
0.000000000000000000e+00 6.175213675213675479e-01 1.276709401709401615e-01 9.971509971509971357e-03 1.014957264957264994e-02
0.000000000000000000e+00 6.300747863247863068e-01 1.342147435897435848e-01 1.121794871794871799e-02 1.201923076923076990e-02
0.000000000000000000e+00 6.259793447293446889e-01 1.473023504273504314e-01 9.437321937321937332e-03 7.211538461538461939e-03
0.000000000000000000e+00 6.407585470085470636e-01 1.563835470085470081e-01 8.725071225071224720e-03 7.211538461538461939e-03
0.000000000000000000e+00 6.839387464387464144e-01 1.646634615384615363e-01 1.068376068376068397e-02 9.882478632478632063e-03
0.000000000000000000e+00 6.980056980056980054e-01 1.718750000000000000e-01 1.282051282051282007e-02 1.148504273504273587e-02
0.000000000000000000e+00 7.127849002849002691e-01 1.805555555555555525e-01 1.103988603988603941e-02 1.068376068376068397e-02
0.000000000000000000e+00 7.295227920227920215e-01 1.899038461538461453e-01 1.175213675213675202e-02 1.068376068376068397e-02
0.000000000000000000e+00 7.446581196581196771e-01 1.979166666666666574e-01 1.424501424501424529e-02 1.335470085470085409e-02
0.000000000000000000e+00 7.250712250712251228e-01 2.045940170940170888e-01 9.971509971509971357e-03 8.012820512820512109e-03
0.000000000000000000e+00 7.654914529914529364e-01 2.278311965811965767e-01 1.175213675213675202e-02 9.615384615384615918e-03
0.000000000000000000e+00 7.844551282051281937e-01 2.203525641025640969e-01 1.299857549857549865e-02 1.121794871794871799e-02
0.000000000000000000e+00 8.361823361823361722e-01 2.471955128205128305e-01 9.971509971509971357e-03 9.882478632478632063e-03
0.000000000000000000e+00 8.474893162393162260e-01 2.538728632478632341e-01 1.050569800569800538e-02 9.348290598290598039e-03
0.000000000000000000e+00 5.809294871794872250e-01 1.215277777777777797e-02 4.807692307692307959e-03 6.143162393162393022e-03
0.000000000000000000e+00 5.868945868945868449e-01 1.682692307692307612e-02 5.698005698005698290e-03 6.944444444444444059e-03
0.000000000000000000e+00 5.600071225071224790e-01 2.804487179487179498e-03 4.985754985754985678e-03 5.074786324786324972e-03
0.000000000000000000e+00 6.040776353276353650e-01 2.524038461538461592e-02 7.656695156695156670e-03 7.745726495726495964e-03
0.000000000000000000e+00 6.139601139601139623e-01 2.871260683760683621e-02 5.341880341880341984e-03 5.074786324786324972e-03
0.000000000000000000e+00 6.206374643874643660e-01 3.271901709401709574e-02 4.807692307692307959e-03 7.211538461538461939e-03
0.000000000000000000e+00 6.283831908831908342e-01 3.712606837606837601e-02 6.766381766381766340e-03 6.944444444444444059e-03
0.000000000000000000e+00 6.784188034188034511e-01 6.917735042735043138e-02 8.903133903133903307e-03 1.228632478632478604e-02
0.000000000000000000e+00 8.494480056980057148e-01 4.033119658119658363e-02 9.437321937321937332e-03 8.547008547008547868e-03
0.000000000000000000e+00 8.396545584045583821e-01 4.847756410256410381e-02 1.228632478632478604e-02 9.882478632478632063e-03
0.000000000000000000e+00 8.431267806267805920e-01 5.395299145299145560e-02 1.246438746438746463e-02 1.014957264957264994e-02
0.000000000000000000e+00 8.580840455840456071e-01 5.689102564102564014e-02 1.032763532763532680e-02 8.547008547008547868e-03
0.000000000000000000e+00 8.570156695156695426e-01 2.510683760683760785e-02 9.615384615384615918e-03 1.175213675213675202e-02
0.000000000000000000e+00 8.806089743589743390e-01 2.190170940170940023e-02 9.081196581196581893e-03 1.175213675213675202e-02
0.000000000000000000e+00 9.476495726495726135e-01 2.775106837606837740e-01 8.547008547008547868e-03 1.655982905982905998e-02
0.000000000000000000e+00 9.474715099715099731e-01 3.931623931623931534e-01 9.615384615384615918e-03 1.549145299145299193e-02
0.000000000000000000e+00 9.325142450142450690e-01 4.188034188034188143e-01 8.903133903133903307e-03 1.549145299145299193e-02
0.000000000000000000e+00 9.228098290598291120e-01 4.381677350427350404e-01 9.081196581196581893e-03 1.629273504273504383e-02
0.000000000000000000e+00 9.111467236467236663e-01 4.555288461538461453e-01 8.903133903133903307e-03 1.415598290598290600e-02
0.000000000000000000e+00 9.053596866096865758e-01 4.647435897435897578e-01 8.725071225071224720e-03 1.495726495726495790e-02
0.000000000000000000e+00 9.012642450142450690e-01 4.748931623931623713e-01 8.368945868945869282e-03 1.709401709401709574e-02
0.000000000000000000e+00 8.955662393162393542e-01 4.818376068376068466e-01 8.368945868945869282e-03 1.495726495726495790e-02
0.000000000000000000e+00 8.727742165242164951e-01 5.216346153846154188e-01 8.368945868945869282e-03 1.495726495726495790e-02
0.000000000000000000e+00 8.790064102564102422e-01 5.152243589743589203e-01 8.725071225071224720e-03 1.442307692307692388e-02
0.000000000000000000e+00 7.042378917378917524e-01 3.585737179487179516e-01 1.032763532763532680e-02 1.469017094017094002e-02
0.000000000000000000e+00 6.849180911680912143e-01 3.832799145299145560e-01 1.157407407407407343e-02 1.655982905982905998e-02
0.000000000000000000e+00 6.641737891737892197e-01 4.149305555555555802e-01 1.032763532763532680e-02 1.469017094017094002e-02
0.000000000000000000e+00 6.910612535612535856e-01 4.492521367521367659e-01 1.246438746438746463e-02 1.549145299145299193e-02
0.000000000000000000e+00 7.335292022792022637e-01 4.499198717948718063e-01 1.406695156695156670e-02 1.362179487179487197e-02
0.000000000000000000e+00 7.712784900284900269e-01 4.107905982905982745e-01 1.584757834757834910e-02 1.282051282051282007e-02
0.000000000000000000e+00 7.715455840455840431e-01 4.204059829059829112e-01 1.317663817663817724e-02 8.012820512820512109e-03
0.000000000000000000e+00 7.700320512820513219e-01 4.285523504273504036e-01 1.193019943019943060e-02 8.279914529914529989e-03
0.000000000000000000e+00 7.678952991452991927e-01 4.361645299145299193e-01 1.121794871794871799e-02 8.547008547008547868e-03
0.000000000000000000e+00 7.642450142450142314e-01 4.524572649572649596e-01 1.246438746438746463e-02 9.615384615384615918e-03
0.000000000000000000e+00 7.618411680911680861e-01 4.631410256410256610e-01 1.193019943019943060e-02 1.014957264957264994e-02
0.000000000000000000e+00 7.311253561253561184e-01 4.592681623931623713e-01 1.388888888888888812e-02 1.308760683760683795e-02
0.000000000000000000e+00 7.282763532763533165e-01 4.679487179487179516e-01 1.175213675213675202e-02 1.282051282051282007e-02
0.000000000000000000e+00 7.584579772079772519e-01 4.791666666666666852e-01 1.264245014245014322e-02 9.081196581196581893e-03
0.000000000000000000e+00 7.570334757834757955e-01 4.885149572649572502e-01 1.228632478632478604e-02 9.615384615384615918e-03
0.000000000000000000e+00 6.215277777777777901e-01 5.126869658119658224e-01 1.014957264957264994e-02 1.415598290598290600e-02
0.000000000000000000e+00 8.498931623931623713e-01 5.763888888888888395e-01 1.103988603988603941e-02 1.335470085470085409e-02
0.000000000000000000e+00 8.211360398860398924e-01 7.123397435897436125e-01 1.014957264957264994e-02 2.083333333333333218e-02
0.000000000000000000e+00 7.982549857549857686e-01 8.008814102564102422e-01 7.834757834757835257e-03 1.896367521367521222e-02
0.000000000000000000e+00 8.464209401709401615e-01 7.252938034188034511e-01 1.157407407407407343e-02 2.216880341880341984e-02
0.000000000000000000e+00 8.553240740740740700e-01 7.284989316239316448e-01 8.725071225071224720e-03 1.736111111111111188e-02
0.000000000000000000e+00 8.725071225071224790e-01 7.401175213675214026e-01 1.068376068376068397e-02 2.029914529914529989e-02
0.000000000000000000e+00 8.816773504273504036e-01 7.441239316239316448e-01 1.014957264957264994e-02 2.083333333333333218e-02
0.000000000000000000e+00 8.943198005698005382e-01 7.628205128205127750e-01 1.762820512820512803e-02 1.228632478632478604e-02
