0.000000000000000000e+00 1.401353276353276278e-01 4.126602564102564014e-02 6.766381766381766340e-03 1.201923076923076990e-02
0.000000000000000000e+00 1.316773504273504314e-01 1.469017094017094002e-02 5.519943019943019703e-03 7.478632478632478951e-03
0.000000000000000000e+00 1.125356125356125336e-01 2.804487179487179498e-03 6.410256410256410034e-03 4.540598290598290947e-03
0.000000000000000000e+00 2.216880341880341776e-01 1.949786324786324798e-02 4.985754985754985678e-03 9.615384615384615918e-03
0.000000000000000000e+00 2.217770655270655256e-01 2.991452991452991581e-02 4.807692307692307959e-03 9.615384615384615918e-03
0.000000000000000000e+00 2.212428774928774933e-01 5.194978632478632757e-02 5.163817663817663398e-03 8.279914529914529989e-03
0.000000000000000000e+00 2.209757834757834771e-01 7.919337606837606458e-02 4.273504273504273934e-03 9.348290598290598039e-03
0.000000000000000000e+00 2.343304843304843399e-01 7.638888888888889506e-02 5.698005698005698290e-03 1.121794871794871799e-02
0.000000000000000000e+00 2.206196581196581130e-01 1.020299145299145283e-01 4.985754985754985678e-03 9.615384615384615918e-03
0.000000000000000000e+00 2.342414529914529919e-01 1.006944444444444475e-01 4.451566951566951653e-03 1.014957264957264994e-02
0.000000000000000000e+00 2.344195156695156601e-01 8.934294871794871973e-02 5.163817663817663398e-03 1.095085470085470011e-02
0.000000000000000000e+00 1.858084045584045552e-01 1.163194444444444475e-01 6.588319088319088621e-03 1.041666666666666609e-02
0.000000000000000000e+00 1.995192307692307820e-01 1.140491452991452964e-01 5.519943019943019703e-03 1.068376068376068397e-02
0.000000000000000000e+00 2.067307692307692180e-01 1.117788461538461592e-01 5.341880341880341984e-03 1.201923076923076990e-02
0.000000000000000000e+00 1.861645299145299193e-01 1.427617521367521292e-01 6.588319088319088621e-03 1.148504273504273587e-02
0.000000000000000000e+00 1.926638176638176547e-01 1.392895299145299193e-01 7.478632478632478951e-03 1.308760683760683795e-02
0.000000000000000000e+00 4.905626780626780314e-02 2.837873931623931534e-01 1.335470085470085409e-02 1.095085470085470011e-02
0.000000000000000000e+00 2.111823361823361722e-01 2.365117521367521292e-01 8.190883190883190695e-03 1.736111111111111188e-02
0.000000000000000000e+00 2.073539886039885982e-01 2.841880341880341776e-01 8.368945868945869282e-03 1.388888888888888812e-02
0.000000000000000000e+00 1.922186609686609704e-01 4.783653846153846367e-01 1.264245014245014322e-02 1.068376068376068397e-02
0.000000000000000000e+00 2.105591168091168197e-01 5.649038461538461453e-01 1.406695156695156670e-02 1.335470085470085409e-02
0.000000000000000000e+00 1.246438746438746463e-02 6.529113247863247427e-01 1.353276353276353268e-02 9.348290598290598039e-03
0.000000000000000000e+00 3.605769230769230449e-02 6.503739316239316448e-01 1.691595441595441715e-02 1.335470085470085409e-02
0.000000000000000000e+00 5.573361823361823453e-02 6.491720085470085166e-01 1.638176638176638139e-02 1.255341880341880392e-02
0.000000000000000000e+00 1.061253561253561323e-01 6.444978632478632896e-01 2.172364672364672511e-02 1.549145299145299193e-02
0.000000000000000000e+00 1.270477207977208089e-01 8.270566239316239354e-01 8.012820512820512109e-03 1.949786324786324798e-02
0.000000000000000000e+00 1.511752136752136655e-01 8.309294871794872250e-01 7.478632478632478951e-03 1.869658119658119608e-02
0.000000000000000000e+00 1.452101139601139623e-01 8.822115384615384359e-01 8.725071225071224720e-03 1.976495726495726413e-02
0.000000000000000000e+00 9.811253561253560629e-02 9.857104700854700807e-01 1.032763532763532680e-02 2.270299145299145213e-02
0.000000000000000000e+00 3.421474358974359031e-01 8.894230769230768718e-01 8.012820512820512109e-03 1.923076923076923184e-02
0.000000000000000000e+00 3.470441595441595695e-01 9.650106837606837740e-01 8.903133903133903307e-03 2.297008547008547175e-02
0.000000000000000000e+00 3.504273504273504036e-01 9.910523504273504036e-01 8.190883190883190695e-03 1.629273504273504383e-02
0.000000000000000000e+00 3.310185185185185452e-01 7.698985042735042583e-01 9.259259259259258745e-03 2.163461538461538408e-02
0.000000000000000000e+00 3.360933048433048520e-01 8.139690170940171443e-01 8.012820512820512109e-03 2.056623931623931603e-02
0.000000000000000000e+00 3.397435897435897578e-01 8.611111111111111605e-01 7.834757834757835257e-03 1.762820512820512803e-02
0.000000000000000000e+00 3.525641025641025883e-01 6.024305555555555802e-01 7.834757834757835257e-03 1.469017094017094002e-02
0.000000000000000000e+00 3.605769230769230727e-01 6.022970085470085166e-01 7.478632478632478951e-03 1.495726495726495790e-02
0.000000000000000000e+00 3.840811965811966044e-01 6.034989316239316448e-01 7.122507122507122646e-03 1.469017094017094002e-02
0.000000000000000000e+00 3.916488603988603767e-01 6.045673076923077094e-01 7.300569800569800365e-03 1.575854700854700807e-02
0.000000000000000000e+00 3.987713675213675479e-01 6.051014957264957417e-01 7.656695156695156670e-03 2.056623931623931603e-02
0.000000000000000000e+00 3.902243589743589758e-01 6.452991452991453381e-01 7.300569800569800365e-03 1.709401709401709574e-02
0.000000000000000000e+00 4.135505698005698116e-01 6.095085470085470636e-01 5.876068376068376009e-03 1.121794871794871799e-02
0.000000000000000000e+00 4.221866096866097040e-01 6.089743589743589203e-01 6.054131054131053728e-03 1.175213675213675202e-02
0.000000000000000000e+00 3.892450142450142314e-01 7.056623931623932089e-01 7.834757834757835257e-03 8.547008547008547868e-03
0.000000000000000000e+00 4.132834757834757955e-01 6.873664529914529364e-01 1.353276353276353268e-02 1.522435897435897405e-02
0.000000000000000000e+00 4.324252136752136932e-01 6.651976495726495964e-01 7.300569800569800365e-03 1.308760683760683795e-02
0.000000000000000000e+00 4.761396011396011319e-01 5.257745726495726135e-01 1.139601139601139658e-02 1.148504273504273587e-02
0.000000000000000000e+00 4.764066951566951480e-01 5.423344017094017255e-01 1.014957264957264994e-02 1.575854700854700807e-02
0.000000000000000000e+00 4.684829059829059839e-01 5.588942307692307265e-01 9.615384615384615918e-03 1.575854700854700807e-02
0.000000000000000000e+00 4.606481481481481399e-01 5.739850427350426942e-01 9.971509971509971357e-03 1.549145299145299193e-02
0.000000000000000000e+00 4.504985754985754709e-01 5.917467948717948234e-01 8.903133903133903307e-03 1.415598290598290600e-02
0.000000000000000000e+00 2.860576923076922906e-01 2.268963675213675202e-01 1.299857549857549865e-02 9.882478632478632063e-03
0.000000000000000000e+00 3.042200854700854440e-01 2.203525641025640969e-01 8.012820512820512109e-03 1.175213675213675202e-02
0.000000000000000000e+00 3.145477207977208089e-01 2.307692307692307820e-01 1.477920227920227932e-02 2.510683760683760785e-02
0.000000000000000000e+00 3.990384615384615641e-01 3.095619658119658224e-01 1.424501424501424529e-02 1.121794871794871799e-02
0.000000000000000000e+00 4.131054131054130996e-01 3.087606837606837740e-01 8.903133903133903307e-03 8.012820512820512109e-03
0.000000000000000000e+00 5.140669515669515910e-01 4.527243589743589758e-01 8.903133903133903307e-03 1.388888888888888812e-02
0.000000000000000000e+00 4.026887464387464144e-01 1.860309829059829112e-01 9.081196581196581893e-03 9.348290598290598039e-03
0.000000000000000000e+00 4.176460113960113740e-01 1.963141025641025605e-01 6.232193732193732315e-03 1.282051282051282007e-02
0.000000000000000000e+00 4.126602564102563875e-01 2.102029914529914556e-01 1.014957264957264994e-02 9.615384615384615918e-03
0.000000000000000000e+00 4.238782051282051211e-01 2.176816239316239354e-01 6.944444444444444059e-03 1.388888888888888812e-02
0.000000000000000000e+00 3.903133903133902960e-01 9.495192307692307265e-02 7.122507122507122646e-03 8.814102564102564014e-03
0.000000000000000000e+00 4.341168091168091103e-01 6.891025641025641524e-02 5.698005698005698290e-03 1.068376068376068397e-02
0.000000000000000000e+00 4.503205128205128305e-01 6.236645299145299193e-02 5.341880341880341984e-03 1.148504273504273587e-02
0.000000000000000000e+00 4.720441595441595695e-01 5.301816239316239215e-02 5.341880341880341984e-03 1.201923076923076990e-02
0.000000000000000000e+00 4.865562678062678170e-01 6.904380341880342331e-02 1.193019943019943060e-02 8.814102564102564014e-03
0.000000000000000000e+00 5.020477207977207534e-01 6.129807692307692041e-02 1.121794871794871799e-02 9.882478632478632063e-03
0.000000000000000000e+00 4.971509971509971426e-01 9.441773504273504036e-02 1.175213675213675202e-02 8.814102564102564014e-03
0.000000000000000000e+00 4.864672364672364413e-01 1.263354700854700807e-01 4.985754985754985678e-03 1.228632478632478604e-02
0.000000000000000000e+00 4.589565527065527228e-01 1.923076923076923184e-01 7.300569800569800365e-03 9.081196581196581893e-03
0.000000000000000000e+00 4.198717948717948789e-01 2.322382478632478708e-01 1.103988603988603941e-02 8.814102564102564014e-03
0.000000000000000000e+00 6.220619658119658224e-01 2.148771367521367659e-01 6.588319088319088621e-03 1.255341880341880392e-02
0.000000000000000000e+00 5.497685185185184897e-01 8.627136752136752573e-01 6.232193732193732315e-03 1.655982905982905998e-02
0.000000000000000000e+00 5.592058404558404305e-01 8.637820512820513219e-01 6.944444444444444059e-03 1.976495726495726413e-02
0.000000000000000000e+00 5.681980056980057148e-01 8.664529914529914834e-01 7.478632478632478951e-03 2.403846153846153980e-02
0.000000000000000000e+00 5.779024216524216717e-01 8.648504273504273865e-01 7.300569800569800365e-03 2.083333333333333218e-02
0.000000000000000000e+00 5.881410256410256610e-01 8.637820512820513219e-01 7.834757834757835257e-03 2.243589743589743599e-02
0.000000000000000000e+00 5.974002849002848503e-01 8.675213675213675479e-01 7.122507122507122646e-03 2.297008547008547175e-02
0.000000000000000000e+00 6.056801994301994618e-01 8.656517094017094349e-01 7.300569800569800365e-03 1.816239316239316379e-02
0.000000000000000000e+00 6.149394586894586512e-01 8.664529914529914834e-01 7.656695156695156670e-03 2.403846153846153980e-02
0.000000000000000000e+00 6.339031339031339085e-01 8.649839743589743390e-01 7.478632478632478951e-03 2.003205128205128374e-02
0.000000000000000000e+00 6.548254985754985436e-01 8.651175213675214026e-01 8.012820512820512109e-03 1.976495726495726413e-02
0.000000000000000000e+00 6.728988603988603767e-01 8.664529914529914834e-01 7.122507122507122646e-03 1.869658119658119608e-02
0.000000000000000000e+00 6.817129629629629095e-01 8.652510683760683552e-01 7.656695156695156670e-03 1.896367521367521222e-02
0.000000000000000000e+00 6.924857549857549310e-01 8.657852564102563875e-01 7.478632478632478951e-03 1.842948717948717993e-02
0.000000000000000000e+00 7.213319088319087857e-01 8.663194444444444198e-01 7.122507122507122646e-03 2.056623931623931603e-02
0.000000000000000000e+00 7.589921652421652842e-01 8.680555555555555802e-01 8.725071225071224720e-03 2.083333333333333218e-02
0.000000000000000000e+00 7.769764957264957417e-01 8.733974358974359031e-01 7.300569800569800365e-03 1.869658119658119608e-02
0.000000000000000000e+00 8.173967236467236663e-01 8.691239316239316448e-01 8.012820512820512109e-03 2.243589743589743599e-02
0.000000000000000000e+00 8.259437321937321830e-01 8.692574786324785974e-01 8.012820512820512109e-03 2.003205128205128374e-02
0.000000000000000000e+00 8.357371794871795156e-01 8.696581196581196771e-01 9.081196581196581893e-03 2.403846153846153980e-02
0.000000000000000000e+00 8.464209401709401615e-01 8.696581196581196771e-01 8.012820512820512109e-03 2.083333333333333218e-02
0.000000000000000000e+00 8.562143874643874941e-01 8.693910256410256610e-01 8.368945868945869282e-03 2.029914529914529989e-02
0.000000000000000000e+00 8.845263532763533165e-01 8.720619658119658224e-01 9.081196581196581893e-03 2.136752136752136794e-02
0.000000000000000000e+00 9.047364672364672789e-01 8.713942307692307265e-01 9.259259259259258745e-03 2.110042735042735179e-02
0.000000000000000000e+00 7.744836182336182206e-01 5.925480769230768718e-01 5.519943019943019703e-03 1.362179487179487197e-02
0.000000000000000000e+00 7.826745014245014564e-01 5.913461538461538547e-01 7.300569800569800365e-03 1.495726495726495790e-02
0.000000000000000000e+00 7.908653846153845812e-01 5.938835470085470636e-01 6.944444444444444059e-03 1.629273504273504383e-02
0.000000000000000000e+00 8.153490028490028019e-01 5.925480769230768718e-01 7.122507122507122646e-03 1.362179487179487197e-02
0.000000000000000000e+00 8.259437321937321830e-01 5.933493589743589203e-01 8.012820512820512109e-03 1.575854700854700807e-02
0.000000000000000000e+00 7.581018518518518601e-01 8.146367521367521569e-02 8.012820512820512109e-03 1.228632478632478604e-02
0.000000000000000000e+00 7.397613960113960108e-01 1.290064102564102699e-01 5.519943019943019703e-03 1.068376068376068397e-02
0.000000000000000000e+00 7.761752136752136932e-01 8.894230769230769551e-02 8.547008547008547868e-03 1.282051282051282007e-02
0.000000000000000000e+00 7.824964387464387050e-01 9.014423076923076816e-02 6.588319088319088621e-03 9.882478632478632063e-03
0.000000000000000000e+00 7.943376068376067911e-01 9.642094017094017533e-02 7.478632478632478951e-03 1.068376068376068397e-02
0.000000000000000000e+00 8.003917378917378977e-01 9.869123931623931256e-02 8.547008547008547868e-03 1.095085470085470011e-02
0.000000000000000000e+00 8.091168091168091658e-01 1.081730769230769273e-01 1.210826210826210746e-02 8.012820512820512109e-03
0.000000000000000000e+00 7.706552706552706189e-01 3.020833333333333148e-01 1.246438746438746463e-02 9.081196581196581893e-03
0.000000000000000000e+00 8.531873219373219408e-01 2.637553418803418870e-01 1.157407407407407343e-02 9.348290598290598039e-03
0.000000000000000000e+00 8.548789173789174134e-01 2.901976495726495964e-01 1.032763532763532680e-02 7.211538461538461939e-03
0.000000000000000000e+00 8.300391737891738009e-01 3.352029914529914278e-01 1.442307692307692388e-02 1.014957264957264994e-02
0.000000000000000000e+00 8.618233618233618332e-01 3.111645299145299193e-01 1.246438746438746463e-02 8.012820512820512109e-03
0.000000000000000000e+00 9.120370370370370905e-01 3.169070512820512664e-01 1.210826210826210746e-02 8.279914529914529989e-03
0.000000000000000000e+00 9.744480056980057148e-01 3.239850427350427498e-01 1.406695156695156670e-02 9.081196581196581893e-03
0.000000000000000000e+00 9.643874643874643660e-01 2.895299145299145560e-01 1.103988603988603941e-02 8.012820512820512109e-03
0.000000000000000000e+00 9.660790598290598385e-01 2.970085470085470081e-01 1.121794871794871799e-02 7.478632478632478951e-03
0.000000000000000000e+00 9.933226495726495964e-01 3.263888888888888951e-01 1.335470085470085409e-02 9.615384615384615918e-03
0.000000000000000000e+00 8.903133903133902960e-01 4.170673076923077094e-01 1.531339031339031334e-02 8.814102564102564014e-03
0.000000000000000000e+00 8.905804843304843121e-01 4.245459401709401615e-01 1.193019943019943060e-02 8.279914529914529989e-03
0.000000000000000000e+00 8.912037037037037202e-01 4.318910256410256610e-01 1.175213675213675202e-02 8.012820512820512109e-03
0.000000000000000000e+00 8.939636752136752573e-01 4.397702991452991372e-01 1.193019943019943060e-02 8.814102564102564014e-03
0.000000000000000000e+00 8.944088319088319139e-01 4.476495726495726690e-01 1.210826210826210746e-02 8.547008547008547868e-03
0.000000000000000000e+00 9.192485754985755264e-01 4.632745726495726690e-01 1.228632478632478604e-02 9.882478632478632063e-03
0.000000000000000000e+00 8.980591168091167642e-01 4.700854700854700807e-01 1.371082621082621127e-02 9.081196581196581893e-03
0.000000000000000000e+00 8.991274928774928288e-01 4.784989316239316448e-01 1.264245014245014322e-02 9.348290598290598039e-03
0.000000000000000000e+00 9.216524216524216717e-01 4.793002136752136932e-01 1.139601139601139658e-02 9.882478632478632063e-03
0.000000000000000000e+00 9.456908831908832358e-01 4.918536324786324521e-01 8.190883190883190695e-03 1.469017094017094002e-02
0.000000000000000000e+00 8.992165242165242045e-01 4.937232905982906206e-01 1.317663817663817724e-02 1.041666666666666609e-02
0.000000000000000000e+00 9.018874643874643660e-01 5.110844017094017255e-01 1.317663817663817724e-02 9.882478632478632063e-03
0.000000000000000000e+00 9.039351851851852304e-01 5.190972222222222099e-01 9.437321937321937332e-03 7.745726495726495964e-03
0.000000000000000000e+00 9.063390313390313757e-01 5.268429487179486781e-01 1.210826210826210746e-02 8.814102564102564014e-03
0.000000000000000000e+00 9.071403133903134242e-01 5.446047008547008073e-01 1.299857549857549865e-02 9.615384615384615918e-03
0.000000000000000000e+00 9.120370370370370905e-01 5.614316239316239354e-01 1.139601139601139658e-02 9.615384615384615918e-03
0.000000000000000000e+00 9.343839031339031820e-01 5.438034188034187588e-01 1.620370370370370280e-02 1.388888888888888812e-02
0.000000000000000000e+00 9.356303418803418870e-01 5.542200854700854995e-01 1.549145299145299193e-02 9.081196581196581893e-03
0.000000000000000000e+00 9.360754985754985436e-01 5.623664529914529364e-01 1.282051282051282007e-02 9.348290598290598039e-03
0.000000000000000000e+00 9.369658119658119677e-01 5.713141025641025328e-01 1.566951566951567051e-02 1.014957264957264994e-02
