0.000000000000000000e+00 2.822293447293447444e-02 4.834401709401709574e-02 6.944444444444444059e-03 6.410256410256410034e-03
0.000000000000000000e+00 1.019408831908831942e-01 3.766025641025640830e-02 1.157407407407407343e-02 9.081196581196581893e-03
0.000000000000000000e+00 2.400284900284900269e-01 3.699252136752136794e-02 5.698005698005698290e-03 9.882478632478632063e-03
0.000000000000000000e+00 3.303062678062677893e-02 2.708333333333333148e-01 6.944444444444444059e-03 1.602564102564102422e-02
0.000000000000000000e+00 5.359686609686609843e-02 3.147702991452991372e-01 1.246438746438746463e-02 8.279914529914529989e-03
0.000000000000000000e+00 6.748575498575498655e-02 3.134348290598290565e-01 1.139601139601139658e-02 7.745726495726495964e-03
0.000000000000000000e+00 8.164173789173789775e-02 3.126335470085470081e-01 1.050569800569800538e-02 7.745726495726495964e-03
0.000000000000000000e+00 1.014066951566951619e-01 3.106303418803418870e-01 1.406695156695156670e-02 1.068376068376068397e-02
0.000000000000000000e+00 1.183226495726495686e-01 3.091613247863247982e-01 1.371082621082621127e-02 9.882478632478632063e-03
0.000000000000000000e+00 1.612357549857549865e-01 3.051549145299145560e-01 1.834045584045583890e-02 1.255341880341880392e-02
0.000000000000000000e+00 2.303240740740740700e-01 1.832264957264957139e-01 1.086182336182336255e-02 8.547008547008547868e-03
0.000000000000000000e+00 2.477742165242165229e-01 2.471955128205128305e-01 1.193019943019943060e-02 1.095085470085470011e-02
0.000000000000000000e+00 1.826923076923076816e-01 4.373664529914529919e-01 6.410256410256410034e-03 1.469017094017094002e-02
0.000000000000000000e+00 2.034366096866096763e-01 4.399038461538461453e-01 6.588319088319088621e-03 1.495726495726495790e-02
0.000000000000000000e+00 1.992521367521367659e-01 4.756944444444444198e-01 7.122507122507122646e-03 1.442307692307692388e-02
0.000000000000000000e+00 1.290954415954415936e-02 4.699519230769230727e-01 8.012820512820512109e-03 1.522435897435897405e-02
0.000000000000000000e+00 9.971509971509971357e-03 4.855769230769230727e-01 6.054131054131053728e-03 1.228632478632478604e-02
0.000000000000000000e+00 4.184472934472934641e-03 5.261752136752136932e-01 6.588319088319088621e-03 1.442307692307692388e-02
0.000000000000000000e+00 2.314814814814814686e-02 4.979967948717948789e-01 4.985754985754985678e-03 1.736111111111111188e-02
0.000000000000000000e+00 4.807692307692307959e-03 6.064369658119658224e-01 7.122507122507122646e-03 1.736111111111111188e-02
0.000000000000000000e+00 1.623041310541310511e-01 5.492788461538461453e-01 8.368945868945869282e-03 1.682692307692307612e-02
0.000000000000000000e+00 1.810007122507122646e-01 6.324786324786324521e-01 1.264245014245014322e-02 1.228632478632478604e-02
0.000000000000000000e+00 8.101851851851851402e-03 9.284188034188034511e-01 9.081196581196581893e-03 2.190170940170940023e-02
0.000000000000000000e+00 2.902421652421652287e-02 9.018429487179486781e-01 7.478632478632478951e-03 1.896367521367521222e-02
0.000000000000000000e+00 3.899572649572649596e-02 9.001068376068376287e-01 7.834757834757835257e-03 2.297008547008547175e-02
0.000000000000000000e+00 3.570156695156695426e-02 9.233440170940171443e-01 8.368945868945869282e-03 1.816239316239316379e-02
0.000000000000000000e+00 9.259259259259258745e-03 9.784989316239316448e-01 7.834757834757835257e-03 1.896367521367521222e-02
0.000000000000000000e+00 1.825142450142450135e-02 9.760950854700854995e-01 8.012820512820512109e-03 1.789529914529914417e-02
0.000000000000000000e+00 3.988603988603988543e-02 9.688835470085470636e-01 6.054131054131053728e-03 2.216880341880341984e-02
0.000000000000000000e+00 2.849002849002849145e-03 9.763621794871795156e-01 4.629629629629629373e-03 2.216880341880341984e-02
0.000000000000000000e+00 2.733262108262108150e-02 8.392094017094017255e-01 7.656695156695156670e-03 1.816239316239316379e-02
0.000000000000000000e+00 7.389601139601140178e-02 8.369391025641025328e-01 1.638176638176638139e-02 1.095085470085470011e-02
0.000000000000000000e+00 1.227742165242165229e-01 8.088942307692307265e-01 8.012820512820512109e-03 1.842948717948717993e-02
0.000000000000000000e+00 1.130698005698005659e-01 8.572382478632478708e-01 7.122507122507122646e-03 2.003205128205128374e-02
0.000000000000000000e+00 9.846866096866097040e-02 9.467147435897436125e-01 7.478632478632478951e-03 2.537393162393162399e-02
0.000000000000000000e+00 9.544159544159544484e-02 9.735576923076922906e-01 8.903133903133903307e-03 2.136752136752136794e-02
0.000000000000000000e+00 2.683404558404558493e-01 7.132745726495726135e-01 7.478632478632478951e-03 1.896367521367521222e-02
0.000000000000000000e+00 2.779558404558404305e-01 7.142094017094017255e-01 6.766381766381766340e-03 1.816239316239316379e-02
0.000000000000000000e+00 2.483974358974359031e-01 7.665598290598291120e-01 7.834757834757835257e-03 1.976495726495726413e-02
0.000000000000000000e+00 2.661146723646723444e-01 7.678952991452991927e-01 7.300569800569800365e-03 1.869658119658119608e-02
0.000000000000000000e+00 2.378027065527065498e-01 7.863247863247863068e-01 7.656695156695156670e-03 1.869658119658119608e-02
0.000000000000000000e+00 2.469729344729344744e-01 7.860576923076922906e-01 7.122507122507122646e-03 1.709401709401709574e-02
0.000000000000000000e+00 2.647792022792022637e-01 7.868589743589743390e-01 6.410256410256410034e-03 1.602564102564102422e-02
0.000000000000000000e+00 1.792200854700854717e-01 8.703258547008546619e-01 1.584757834757834910e-02 1.308760683760683795e-02
0.000000000000000000e+00 2.141203703703703776e-01 8.530982905982905651e-01 8.012820512820512109e-03 1.869658119658119608e-02
0.000000000000000000e+00 2.223112535612535579e-01 8.551014957264957417e-01 8.368945868945869282e-03 2.110042735042735179e-02
0.000000000000000000e+00 2.340633903133903237e-01 8.326655982905982745e-01 8.012820512820512109e-03 2.110042735042735179e-02
0.000000000000000000e+00 2.309472934472934502e-01 8.559027777777777901e-01 7.834757834757835257e-03 1.949786324786324798e-02
0.000000000000000000e+00 2.483084045584045552e-01 8.551014957264957417e-01 6.232193732193732315e-03 1.896367521367521222e-02
0.000000000000000000e+00 2.664707977207977363e-01 8.538995726495726135e-01 7.656695156695156670e-03 1.976495726495726413e-02
0.000000000000000000e+00 2.078881766381766305e-01 9.033119658119658224e-01 8.012820512820512109e-03 1.816239316239316379e-02
0.000000000000000000e+00 2.053062678062678170e-01 9.249465811965812412e-01 8.190883190883190695e-03 1.816239316239316379e-02
0.000000000000000000e+00 2.171474358974359031e-01 9.035790598290598385e-01 8.725071225071224720e-03 1.923076923076923184e-02
0.000000000000000000e+00 2.152777777777777901e-01 9.238782051282051766e-01 7.478632478632478951e-03 1.762820512820512803e-02
0.000000000000000000e+00 2.256944444444444475e-01 9.042467948717948234e-01 8.725071225071224720e-03 2.216880341880341984e-02
0.000000000000000000e+00 2.237357549857549865e-01 9.261485042735042583e-01 9.081196581196581893e-03 2.003205128205128374e-02
0.000000000000000000e+00 2.353098290598290565e-01 9.021100427350426942e-01 8.012820512820512109e-03 1.789529914529914417e-02
0.000000000000000000e+00 2.328169515669515632e-01 9.246794871794872250e-01 8.012820512820512109e-03 1.709401709401709574e-02
0.000000000000000000e+00 2.448361823361823453e-01 9.027777777777777901e-01 7.834757834757835257e-03 2.083333333333333218e-02
0.000000000000000000e+00 2.613960113960113740e-01 9.027777777777777901e-01 7.122507122507122646e-03 1.923076923076923184e-02
0.000000000000000000e+00 2.252492877492877354e-01 9.690170940170940161e-01 6.054131054131053728e-03 8.012820512820512109e-03
0.000000000000000000e+00 2.608618233618233417e-01 9.648771367521367104e-01 6.410256410256410034e-03 1.201923076923076990e-02
0.000000000000000000e+00 3.690349002849002691e-01 2.729700854700854440e-01 6.232193732193732315e-03 1.068376068376068397e-02
0.000000000000000000e+00 3.760683760683760646e-01 2.735042735042735318e-01 6.054131054131053728e-03 1.175213675213675202e-02
0.000000000000000000e+00 3.959223646723646906e-01 2.739049145299145560e-01 5.876068376068376009e-03 1.148504273504273587e-02
0.000000000000000000e+00 4.022435897435897578e-01 2.744391025641025883e-01 6.054131054131053728e-03 1.255341880341880392e-02
0.000000000000000000e+00 4.087428774928774655e-01 2.740384615384615641e-01 6.944444444444444059e-03 1.602564102564102422e-02
0.000000000000000000e+00 4.013532763532763337e-01 3.040865384615384359e-01 5.698005698005698290e-03 1.255341880341880392e-02
0.000000000000000000e+00 4.212072649572649596e-01 2.763087606837607013e-01 5.519943019943019703e-03 1.201923076923076990e-02
0.000000000000000000e+00 4.286858974358974117e-01 2.761752136752136932e-01 5.519943019943019703e-03 1.228632478632478604e-02
0.000000000000000000e+00 4.524572649572649596e-01 2.646901709401709435e-01 7.478632478632478951e-03 1.228632478632478604e-02
0.000000000000000000e+00 4.603810541310541238e-01 2.506677350427350404e-01 9.081196581196581893e-03 1.201923076923076990e-02
0.000000000000000000e+00 4.678596866096866314e-01 2.393162393162393264e-01 8.368945868945869282e-03 1.282051282051282007e-02
0.000000000000000000e+00 4.732905982905982745e-01 2.279647435897435848e-01 6.410256410256410034e-03 1.041666666666666609e-02
0.000000000000000000e+00 4.214743589743589758e-01 3.342681623931623713e-01 1.103988603988603941e-02 1.148504273504273587e-02
0.000000000000000000e+00 3.530092592592592449e-01 3.944978632478632341e-01 7.656695156695156670e-03 1.602564102564102422e-02
0.000000000000000000e+00 3.581730769230769273e-01 4.260149572649572502e-01 6.588319088319088621e-03 1.495726495726495790e-02
0.000000000000000000e+00 3.614672364672364413e-01 4.594017094017093794e-01 6.766381766381766340e-03 1.228632478632478604e-02
0.000000000000000000e+00 3.637820512820512664e-01 4.793002136752136932e-01 6.054131054131053728e-03 1.469017094017094002e-02
0.000000000000000000e+00 3.687678062678062529e-01 5.321848290598291120e-01 6.766381766381766340e-03 1.682692307692307612e-02
0.000000000000000000e+00 3.722400284900284628e-01 5.510149572649573058e-01 7.300569800569800365e-03 1.495726495726495790e-02
0.000000000000000000e+00 3.777599715099715372e-01 5.809294871794872250e-01 8.012820512820512109e-03 1.709401709401709574e-02
0.000000000000000000e+00 3.819444444444444198e-01 6.009615384615384359e-01 7.834757834757835257e-03 1.549145299145299193e-02
0.000000000000000000e+00 3.918269230769230727e-01 6.375534188034187588e-01 8.725071225071224720e-03 1.709401709401709574e-02
0.000000000000000000e+00 3.968126780626780592e-01 6.547809829059828557e-01 9.437321937321937332e-03 1.736111111111111188e-02
0.000000000000000000e+00 4.018874643874643660e-01 6.749465811965812412e-01 9.259259259259258745e-03 1.923076923076923184e-02
0.000000000000000000e+00 4.275284900284900269e-01 6.332799145299145005e-01 1.424501424501424529e-02 1.282051282051282007e-02
0.000000000000000000e+00 4.332264957264957417e-01 6.510416666666666297e-01 1.210826210826210746e-02 9.882478632478632063e-03
0.000000000000000000e+00 4.350961538461538547e-01 6.583867521367521292e-01 1.299857549857549865e-02 1.228632478632478604e-02
0.000000000000000000e+00 4.464031339031339085e-01 6.943108974358974672e-01 1.139601139601139658e-02 1.148504273504273587e-02
0.000000000000000000e+00 4.591346153846153633e-01 7.447916666666666297e-01 1.406695156695156670e-02 1.362179487179487197e-02
0.000000000000000000e+00 4.626958689458689489e-01 7.550747863247863068e-01 1.264245014245014322e-02 1.228632478632478604e-02
0.000000000000000000e+00 4.659900284900284628e-01 7.645566239316239354e-01 1.246438746438746463e-02 1.308760683760683795e-02
0.000000000000000000e+00 4.718660968660968735e-01 7.812500000000000000e-01 1.282051282051282007e-02 1.282051282051282007e-02
0.000000000000000000e+00 4.742699430199430188e-01 7.909989316239316448e-01 1.193019943019943060e-02 1.201923076923076990e-02
0.000000000000000000e+00 4.771189458689458762e-01 7.995459401709401615e-01 1.335470085470085409e-02 1.415598290598290600e-02
0.000000000000000000e+00 4.831730769230769273e-01 8.202457264957264682e-01 1.549145299145299193e-02 1.655982905982905998e-02
0.000000000000000000e+00 4.942129629629629650e-01 8.573717948717948234e-01 1.513532763532763475e-02 1.442307692307692388e-02
0.000000000000000000e+00 4.988425925925926152e-01 8.681891025641025328e-01 1.406695156695156670e-02 1.362179487179487197e-02
0.000000000000000000e+00 5.009793447293446889e-01 8.792735042735042583e-01 1.620370370370370280e-02 1.495726495726495790e-02
0.000000000000000000e+00 5.035612535612535856e-01 8.884882478632478708e-01 1.673789173789173856e-02 1.469017094017094002e-02
0.000000000000000000e+00 6.038105413105413488e-01 7.956730769230768718e-01 1.460113960113960073e-02 2.831196581196581200e-02
0.000000000000000000e+00 6.278490028490028019e-01 8.080929487179486781e-01 1.602564102564102422e-02 1.201923076923076990e-02
0.000000000000000000e+00 6.930199430199430743e-01 8.362713675213675479e-01 1.424501424501424529e-02 1.175213675213675202e-02
0.000000000000000000e+00 6.813568376068376287e-01 8.613782051282051766e-01 6.944444444444444059e-03 2.029914529914529989e-02
0.000000000000000000e+00 6.973824786324785974e-01 8.611111111111111605e-01 8.368945868945869282e-03 2.136752136752136794e-02
0.000000000000000000e+00 7.060185185185184897e-01 8.603098290598291120e-01 7.478632478632478951e-03 1.816239316239316379e-02
0.000000000000000000e+00 7.300569800569800538e-01 8.584401709401708880e-01 8.903133903133903307e-03 2.297008547008547175e-02
0.000000000000000000e+00 7.388710826210825866e-01 8.577724358974359031e-01 7.300569800569800365e-03 1.682692307692307612e-02
0.000000000000000000e+00 7.475961538461538547e-01 8.571047008547008073e-01 7.656695156695156670e-03 1.655982905982905998e-02
0.000000000000000000e+00 7.516915954415954726e-01 8.338675213675214026e-01 1.727207977207977085e-02 1.175213675213675202e-02
0.000000000000000000e+00 7.643340455840456071e-01 8.575053418803418870e-01 8.012820512820512109e-03 1.842948717948717993e-02
0.000000000000000000e+00 7.728810541310541238e-01 8.575053418803418870e-01 8.725071225071224720e-03 1.949786324786324798e-02
0.000000000000000000e+00 7.812500000000000000e-01 8.575053418803418870e-01 8.368945868945869282e-03 1.842948717948717993e-02
0.000000000000000000e+00 7.909544159544159569e-01 8.282585470085470636e-01 1.068376068376068397e-02 1.014957264957264994e-02
0.000000000000000000e+00 7.985220797720797847e-01 8.559027777777777901e-01 8.725071225071224720e-03 2.003205128205128374e-02
0.000000000000000000e+00 8.122329059829059839e-01 8.246527777777777901e-01 1.477920227920227932e-02 1.201923076923076990e-02
0.000000000000000000e+00 8.231837606837606458e-01 8.547008547008546619e-01 8.903133903133903307e-03 2.136752136752136794e-02
0.000000000000000000e+00 8.394764957264957417e-01 8.526976495726495964e-01 8.368945868945869282e-03 1.736111111111111188e-02
0.000000000000000000e+00 8.807870370370370905e-01 8.660523504273504036e-01 1.442307692307692388e-02 4.540598290598290947e-03
0.000000000000000000e+00 5.513710826210825866e-01 6.380876068376067911e-01 9.793447293447292770e-03 1.549145299145299193e-02
0.000000000000000000e+00 5.259971509971509418e-01 6.566506410256410797e-01 1.246438746438746463e-02 1.201923076923076990e-02
0.000000000000000000e+00 5.334757834757835049e-01 6.805555555555555802e-01 1.103988603988603941e-02 1.282051282051282007e-02
0.000000000000000000e+00 5.634793447293446889e-01 6.700053418803418870e-01 1.014957264957264994e-02 1.629273504273504383e-02
0.000000000000000000e+00 5.674857549857549310e-01 6.818910256410256610e-01 9.615384615384615918e-03 1.709401709401709574e-02
0.000000000000000000e+00 5.704237891737892197e-01 6.965811965811965489e-01 1.086182336182336255e-02 1.976495726495726413e-02
0.000000000000000000e+00 5.101495726495726135e-01 6.021634615384615641e-01 8.903133903133903307e-03 1.095085470085470011e-02
0.000000000000000000e+00 5.157585470085470636e-01 6.231303418803418870e-01 1.371082621082621127e-02 1.282051282051282007e-02
0.000000000000000000e+00 5.834223646723646350e-01 7.301014957264957417e-01 1.014957264957264994e-02 1.842948717948717993e-02
0.000000000000000000e+00 5.446937321937321830e-01 4.576655982905982745e-01 5.341880341880341984e-03 1.469017094017094002e-02
0.000000000000000000e+00 5.522613960113960108e-01 4.591346153846153633e-01 6.588319088319088621e-03 1.869658119658119608e-02
0.000000000000000000e+00 5.600961538461538547e-01 4.580662393162392987e-01 5.876068376068376009e-03 1.442307692307692388e-02
0.000000000000000000e+00 5.687321937321937471e-01 4.571314102564102422e-01 6.054131054131053728e-03 1.682692307692307612e-02
0.000000000000000000e+00 5.761217948717948234e-01 4.595352564102563875e-01 6.232193732193732315e-03 1.789529914529914417e-02
0.000000000000000000e+00 5.830662393162393542e-01 4.581997863247863068e-01 5.876068376068376009e-03 1.362179487179487197e-02
0.000000000000000000e+00 5.908119658119658224e-01 4.587339743589743390e-01 6.766381766381766340e-03 1.896367521367521222e-02
0.000000000000000000e+00 6.070156695156695426e-01 4.576655982905982745e-01 5.698005698005698290e-03 1.469017094017094002e-02
0.000000000000000000e+00 6.243767806267805920e-01 4.573985042735042583e-01 5.876068376068376009e-03 1.415598290598290600e-02
0.000000000000000000e+00 6.392450142450142314e-01 4.580662393162392987e-01 6.054131054131053728e-03 1.335470085470085409e-02
0.000000000000000000e+00 6.463675213675214026e-01 4.552617521367521292e-01 5.341880341880341984e-03 9.348290598290598039e-03
0.000000000000000000e+00 6.551816239316239354e-01 4.545940170940170888e-01 5.876068376068376009e-03 6.944444444444444059e-03
0.000000000000000000e+00 6.793981481481481399e-01 4.539262820512820484e-01 5.519943019943019703e-03 8.814102564102564014e-03
0.000000000000000000e+00 7.110042735042735318e-01 4.579326923076922906e-01 6.766381766381766340e-03 1.575854700854700807e-02
0.000000000000000000e+00 7.254273504273504036e-01 4.611378205128205399e-01 6.054131054131053728e-03 1.575854700854700807e-02
0.000000000000000000e+00 7.591702279202279247e-01 4.579326923076922906e-01 6.588319088319088621e-03 1.575854700854700807e-02
0.000000000000000000e+00 7.661146723646723444e-01 4.581997863247863068e-01 6.232193732193732315e-03 1.469017094017094002e-02
0.000000000000000000e+00 7.742165242165242045e-01 4.583333333333333148e-01 6.766381766381766340e-03 1.816239316239316379e-02
0.000000000000000000e+00 7.831196581196581130e-01 4.579326923076922906e-01 5.698005698005698290e-03 1.575854700854700807e-02
0.000000000000000000e+00 7.913105413105413488e-01 4.580662393162392987e-01 6.410256410256410034e-03 1.495726495726495790e-02
0.000000000000000000e+00 7.995904558404558493e-01 4.606036324786324521e-01 6.232193732193732315e-03 1.095085470085470011e-02
0.000000000000000000e+00 9.424857549857549310e-01 4.584668803418803229e-01 6.410256410256410034e-03 1.308760683760683795e-02
0.000000000000000000e+00 9.496972934472934780e-01 4.598023504273504036e-01 7.300569800569800365e-03 1.308760683760683795e-02
0.000000000000000000e+00 9.583333333333333703e-01 4.591346153846153633e-01 6.766381766381766340e-03 1.388888888888888812e-02
0.000000000000000000e+00 9.647435897435897578e-01 4.587339743589743390e-01 6.766381766381766340e-03 1.469017094017094002e-02
0.000000000000000000e+00 7.267628205128204844e-01 2.610844017094017255e-01 4.451566951566951653e-03 1.041666666666666609e-02
0.000000000000000000e+00 7.336182336182336394e-01 2.600160256410256610e-01 5.341880341880341984e-03 1.095085470085470011e-02
0.000000000000000000e+00 7.406517094017094349e-01 2.617521367521367659e-01 5.163817663817663398e-03 1.121794871794871799e-02
0.000000000000000000e+00 7.702991452991453381e-01 2.608173076923077094e-01 5.698005698005698290e-03 1.255341880341880392e-02
0.000000000000000000e+00 9.683048433048433434e-01 9.129273504273504036e-01 8.190883190883190695e-03 2.029914529914529989e-02
0.000000000000000000e+00 9.213853276353276556e-01 2.602831196581196771e-01 6.944444444444444059e-03 1.148504273504273587e-02
0.000000000000000000e+00 9.281517094017094349e-01 2.606837606837607013e-01 6.588319088319088621e-03 1.068376068376068397e-02
0.000000000000000000e+00 9.365206552706553111e-01 2.600160256410256610e-01 6.232193732193732315e-03 1.095085470085470011e-02
0.000000000000000000e+00 9.432870370370370905e-01 2.618856837606837740e-01 6.232193732193732315e-03 1.095085470085470011e-02
0.000000000000000000e+00 9.517450142450142314e-01 2.630876068376068466e-01 4.985754985754985678e-03 8.547008547008547868e-03
0.000000000000000000e+00 9.661680911680912143e-01 2.624198717948718063e-01 6.410256410256410034e-03 1.201923076923076990e-02
0.000000000000000000e+00 9.731125356125356340e-01 2.621527777777777901e-01 7.122507122507122646e-03 1.362179487179487197e-02
0.000000000000000000e+00 9.801460113960114295e-01 2.613514957264957417e-01 6.944444444444444059e-03 1.362179487179487197e-02
0.000000000000000000e+00 9.951032763532763337e-01 2.625534188034188143e-01 6.944444444444444059e-03 1.335470085470085409e-02
0.000000000000000000e+00 8.645833333333333703e-01 2.434561965811965767e-01 1.228632478632478604e-02 8.279914529914529989e-03
0.000000000000000000e+00 8.636930199430199462e-01 2.363782051282051211e-01 1.121794871794871799e-02 7.478632478632478951e-03
0.000000000000000000e+00 8.391203703703703498e-01 2.232905982905983022e-01 9.081196581196581893e-03 6.944444444444444059e-03
0.000000000000000000e+00 8.636039886039885705e-01 2.218215811965811857e-01 1.210826210826210746e-02 1.201923076923076990e-02
0.000000000000000000e+00 8.635149572649573058e-01 2.301014957264957139e-01 1.335470085470085409e-02 7.745726495726495964e-03
0.000000000000000000e+00 8.429487179487179516e-01 2.362446581196581130e-01 1.032763532763532680e-02 7.745726495726495964e-03
0.000000000000000000e+00 8.388532763532763337e-01 2.108707264957264960e-01 9.971509971509971357e-03 7.745726495726495964e-03
0.000000000000000000e+00 8.357371794871795156e-01 1.988514957264957139e-01 1.086182336182336255e-02 7.745726495726495964e-03
0.000000000000000000e+00 8.342236467236466835e-01 1.866987179487179516e-01 1.139601139601139658e-02 9.081196581196581893e-03
0.000000000000000000e+00 8.737535612535612950e-01 1.854967948717948789e-01 5.698005698005698290e-03 1.095085470085470011e-02
0.000000000000000000e+00 8.341346153846154188e-01 1.754807692307692180e-01 1.050569800569800538e-02 8.012820512820512109e-03
0.000000000000000000e+00 8.336004273504273865e-01 1.689369658119658224e-01 1.086182336182336255e-02 6.677350427350427046e-03
0.000000000000000000e+00 8.519408831908832358e-01 1.639957264957264960e-01 1.014957264957264994e-02 9.081196581196581893e-03
0.000000000000000000e+00 8.276353276353276556e-01 1.292735042735042861e-01 1.210826210826210746e-02 6.410256410256410034e-03
0.000000000000000000e+00 8.275462962962962798e-01 1.352831196581196493e-01 9.793447293447292770e-03 6.143162393162393022e-03
0.000000000000000000e+00 8.285256410256410797e-01 1.407585470085470081e-01 8.903133903133903307e-03 5.876068376068376009e-03
0.000000000000000000e+00 8.303952991452991927e-01 1.527777777777777901e-01 9.081196581196581893e-03 6.944444444444444059e-03
0.000000000000000000e+00 9.935897435897436125e-01 5.221688034188034372e-02 9.971509971509971357e-03 7.211538461538461939e-03
0.000000000000000000e+00 8.937856125356125059e-01 3.285256410256410381e-02 1.014957264957264994e-02 7.478632478632478951e-03
0.000000000000000000e+00 8.950320512820513219e-01 3.912927350427350404e-02 1.014957264957264994e-02 6.143162393162393022e-03
0.000000000000000000e+00 9.017094017094017255e-01 5.956196581196580853e-02 1.175213675213675202e-02 7.478632478632478951e-03
0.000000000000000000e+00 9.182692307692307265e-01 6.116452991452991234e-02 1.175213675213675202e-02 8.012820512820512109e-03
0.000000000000000000e+00 7.997685185185184897e-01 3.445512820512820762e-02 8.368945868945869282e-03 5.876068376068376009e-03
0.000000000000000000e+00 7.973646723646723444e-01 2.043269230769230796e-02 7.834757834757835257e-03 6.677350427350427046e-03
0.000000000000000000e+00 7.984330484330484090e-01 1.415598290598290600e-02 8.903133903133903307e-03 5.876068376068376009e-03
0.000000000000000000e+00 7.775997150997151497e-01 6.944444444444444753e-02 1.246438746438746463e-02 7.478632478632478951e-03
0.000000000000000000e+00 8.040420227920227481e-01 5.088141025641025605e-02 7.300569800569800365e-03 6.677350427350427046e-03
0.000000000000000000e+00 7.268518518518518601e-01 4.487179487179487197e-02 1.032763532763532680e-02 8.012820512820512109e-03
0.000000000000000000e+00 2.640669515669515910e-01 6.105769230769231282e-01 1.388888888888888812e-02 1.068376068376068397e-02
