0.000000000000000000e+00 1.017628205128205121e-01 6.478365384615384359e-01 1.513532763532763475e-02 1.095085470085470011e-02
0.000000000000000000e+00 2.617521367521367590e-02 4.863782051282051211e-01 9.615384615384615918e-03 1.121794871794871799e-02
0.000000000000000000e+00 1.958689458689458554e-02 5.161591880341880323e-01 7.122507122507122646e-03 6.677350427350427046e-03
0.000000000000000000e+00 2.581908831908831872e-02 5.168269230769231282e-01 6.766381766381766340e-03 8.547008547008547868e-03
0.000000000000000000e+00 4.629629629629629373e-02 5.343215811965812412e-01 7.478632478632478951e-03 9.348290598290598039e-03
0.000000000000000000e+00 7.167022792022792466e-02 5.564903846153845812e-01 7.656695156695156670e-03 1.201923076923076990e-02
0.000000000000000000e+00 5.030270655270654978e-02 5.048076923076922906e-01 1.335470085470085409e-02 9.081196581196581893e-03
0.000000000000000000e+00 4.896723646723646906e-02 4.702190170940170888e-01 7.122507122507122646e-03 1.469017094017094002e-02
0.000000000000000000e+00 5.582264957264957556e-02 4.699519230769230727e-01 7.656695156695156670e-03 1.522435897435897405e-02
0.000000000000000000e+00 6.428062678062677893e-02 5.050747863247863068e-01 1.282051282051282007e-02 9.081196581196581893e-03
0.000000000000000000e+00 7.799145299145299193e-02 5.073450854700854995e-01 1.460113960113960073e-02 1.201923076923076990e-02
0.000000000000000000e+00 9.428418803418803229e-02 5.130876068376067911e-01 9.437321937321937332e-03 8.547008547008547868e-03
0.000000000000000000e+00 9.348290598290598385e-02 4.977297008547008628e-01 9.259259259259258745e-03 8.814102564102564014e-03
0.000000000000000000e+00 7.647792022792022915e-02 4.686164529914529919e-01 6.588319088319088621e-03 1.255341880341880392e-02
0.000000000000000000e+00 8.262108262108261436e-02 4.698183760683760646e-01 7.122507122507122646e-03 1.602564102564102422e-02
0.000000000000000000e+00 9.036680911680911032e-02 4.674145299145299193e-01 6.588319088319088621e-03 1.175213675213675202e-02
0.000000000000000000e+00 1.397792022792022741e-02 1.215277777777777797e-02 5.163817663817663398e-03 4.540598290598290947e-03
0.000000000000000000e+00 1.994301994301994271e-02 1.148504273504273587e-02 5.341880341880341984e-03 4.273504273504273934e-03
0.000000000000000000e+00 2.519586894586894540e-02 1.041666666666666609e-02 2.670940170940170992e-03 5.341880341880341984e-03
0.000000000000000000e+00 4.389245014245014148e-02 1.121794871794871799e-02 3.739316239316239476e-03 9.081196581196581893e-03
0.000000000000000000e+00 7.300569800569800538e-02 1.188568376068376009e-02 4.985754985754985678e-03 8.814102564102564014e-03
0.000000000000000000e+00 7.843660968660969013e-02 1.148504273504273587e-02 5.163817663817663398e-03 8.012820512820512109e-03
0.000000000000000000e+00 8.653846153846153633e-02 1.148504273504273587e-02 5.698005698005698290e-03 1.228632478632478604e-02
0.000000000000000000e+00 9.205840455840455516e-02 1.055021367521367590e-02 6.054131054131053728e-03 7.745726495726495964e-03
0.000000000000000000e+00 1.008725071225071157e-01 3.071581196581196511e-03 5.519943019943019703e-03 5.608974358974358997e-03
0.000000000000000000e+00 7.095797720797721031e-02 3.792735042735042444e-02 4.807692307692307959e-03 1.068376068376068397e-02
0.000000000000000000e+00 7.665598290598291120e-02 3.752670940170940023e-02 4.807692307692307959e-03 1.095085470085470011e-02
0.000000000000000000e+00 9.027777777777777624e-02 3.592414529914529642e-02 4.629629629629629373e-03 1.041666666666666609e-02
0.000000000000000000e+00 9.606481481481481122e-02 3.418803418803419147e-02 4.451566951566951653e-03 1.068376068376068397e-02
0.000000000000000000e+00 8.725071225071225067e-02 5.622329059829059977e-02 4.629629629629629373e-03 1.041666666666666609e-02
0.000000000000000000e+00 5.733618233618233834e-02 1.111111111111111049e-01 1.103988603988603941e-02 7.478632478632478951e-03
0.000000000000000000e+00 5.502136752136752018e-02 1.221955128205128166e-01 1.068376068376068397e-02 7.211538461538461939e-03
0.000000000000000000e+00 9.437321937321937332e-03 1.469017094017094072e-01 6.054131054131053728e-03 1.335470085470085409e-02
0.000000000000000000e+00 5.626780626780626682e-02 1.404914529914529919e-01 5.698005698005698290e-03 1.282051282051282007e-02
0.000000000000000000e+00 4.442663817663817377e-02 1.606570512820512941e-01 4.807692307692307959e-03 7.211538461538461939e-03
0.000000000000000000e+00 9.802350427350427220e-02 1.404914529914529919e-01 5.876068376068376009e-03 1.068376068376068397e-02
0.000000000000000000e+00 1.054131054131054179e-01 1.391559829059829112e-01 4.985754985754985678e-03 9.615384615384615918e-03
0.000000000000000000e+00 8.119658119658119955e-02 1.607905982905983022e-01 9.971509971509971357e-03 8.012820512820512109e-03
0.000000000000000000e+00 8.199786324786324798e-02 1.662660256410256332e-01 1.157407407407407343e-02 6.677350427350427046e-03
0.000000000000000000e+00 8.092948717948718340e-02 1.718750000000000000e-01 1.086182336182336255e-02 7.211538461538461939e-03
0.000000000000000000e+00 8.021723646723646906e-02 1.774839743589743668e-01 1.193019943019943060e-02 7.745726495726495964e-03
0.000000000000000000e+00 7.888176638176638833e-02 1.826923076923076816e-01 1.103988603988603941e-02 6.944444444444444059e-03
0.000000000000000000e+00 7.852564102564102422e-02 1.883012820512820484e-01 9.971509971509971357e-03 7.478632478632478951e-03
0.000000000000000000e+00 7.763532763532764169e-02 1.937767094017094072e-01 1.103988603988603941e-02 7.211538461538461939e-03
0.000000000000000000e+00 7.603276353276353094e-02 2.005876068376068466e-01 9.259259259259258745e-03 7.478632478632478951e-03
0.000000000000000000e+00 7.665598290598291120e-02 2.065972222222222099e-01 1.193019943019943060e-02 7.745726495726495964e-03
0.000000000000000000e+00 7.594373219373219686e-02 2.119391025641025605e-01 9.793447293447292770e-03 7.745726495726495964e-03
0.000000000000000000e+00 7.523148148148148251e-02 2.187500000000000000e-01 1.050569800569800538e-02 8.012820512820512109e-03
0.000000000000000000e+00 9.677706552706552556e-02 2.103365384615384637e-01 5.519943019943019703e-03 1.201923076923076990e-02
0.000000000000000000e+00 8.653846153846153633e-02 2.391826923076923184e-01 6.766381766381766340e-03 1.522435897435897405e-02
0.000000000000000000e+00 9.366096866096866591e-02 2.377136752136752018e-01 4.985754985754985678e-03 1.121794871794871799e-02
0.000000000000000000e+00 1.069266381766381807e-01 2.361111111111111049e-01 5.519943019943019703e-03 1.282051282051282007e-02
0.000000000000000000e+00 1.207264957264957278e-01 2.327724358974359031e-01 6.054131054131053728e-03 1.308760683760683795e-02
0.000000000000000000e+00 1.239316239316239354e-01 2.083333333333333426e-01 5.341880341880341984e-03 1.335470085470085409e-02
0.000000000000000000e+00 1.269586894586894610e-01 2.349091880341880323e-01 4.985754985754985678e-03 1.201923076923076990e-02
0.000000000000000000e+00 1.331908831908831803e-01 2.331730769230769273e-01 4.629629629629629373e-03 1.175213675213675202e-02
0.000000000000000000e+00 1.494836182336182206e-01 2.286324786324786251e-01 5.163817663817663398e-03 1.282051282051282007e-02
0.000000000000000000e+00 1.383547008547008628e-01 1.937767094017094072e-01 5.341880341880341984e-03 1.201923076923076990e-02
0.000000000000000000e+00 1.438746438746438816e-01 2.056623931623931534e-01 5.698005698005698290e-03 1.014957264957264994e-02
0.000000000000000000e+00 1.448539886039885982e-01 1.921741452991453103e-01 6.944444444444444059e-03 1.469017094017094002e-02
0.000000000000000000e+00 1.342592592592592726e-01 1.606570512820512941e-01 4.985754985754985678e-03 1.095085470085470011e-02
0.000000000000000000e+00 1.688034188034188143e-01 1.582532051282051211e-01 1.175213675213675202e-02 8.814102564102564014e-03
0.000000000000000000e+00 1.980056980056980054e-01 1.681356837606837740e-01 3.917378917378917629e-03 1.095085470085470011e-02
0.000000000000000000e+00 1.915954415954415901e-01 2.151442307692307820e-01 6.410256410256410034e-03 1.682692307692307612e-02
0.000000000000000000e+00 1.895477207977208089e-01 2.302350427350427220e-01 5.876068376068376009e-03 1.282051282051282007e-02
0.000000000000000000e+00 2.023682336182336117e-01 1.422275641025640969e-01 2.670940170940170992e-03 1.148504273504273587e-02
0.000000000000000000e+00 1.858974358974359031e-01 2.951388888888888951e-01 4.985754985754985678e-03 1.442307692307692388e-02
0.000000000000000000e+00 1.874109686609686520e-01 2.819177350427350404e-01 4.807692307692307959e-03 1.415598290598290600e-02
0.000000000000000000e+00 1.834045584045584099e-01 3.254540598290598385e-01 5.341880341880341984e-03 1.522435897435897405e-02
0.000000000000000000e+00 2.308582621082621023e-01 3.496260683760683552e-01 1.264245014245014322e-02 9.081196581196581893e-03
0.000000000000000000e+00 2.411858974358974395e-01 4.366987179487179238e-02 9.793447293447292770e-03 8.814102564102564014e-03
0.000000000000000000e+00 3.023504273504273310e-01 3.004807692307692388e-02 1.068376068376068397e-02 7.745726495726495964e-03
0.000000000000000000e+00 3.079594017094017255e-01 8.747329059829059283e-02 4.807692307692307959e-03 1.041666666666666609e-02
0.000000000000000000e+00 3.152599715099715372e-01 8.787393162393161705e-02 5.163817663817663398e-03 1.121794871794871799e-02
0.000000000000000000e+00 2.873041310541310511e-01 1.274038461538461453e-01 4.807692307692307959e-03 1.228632478632478604e-02
0.000000000000000000e+00 2.946937321937321830e-01 1.167200854700854717e-01 4.985754985754985678e-03 1.228632478632478604e-02
0.000000000000000000e+00 2.942485754985754709e-01 1.276709401709401615e-01 4.451566951566951653e-03 1.014957264957264994e-02
0.000000000000000000e+00 3.081374643874643660e-01 1.176549145299145283e-01 4.807692307692307959e-03 1.095085470085470011e-02
0.000000000000000000e+00 3.071581196581196771e-01 1.279380341880341776e-01 4.629629629629629373e-03 9.615384615384615918e-03
0.000000000000000000e+00 2.719907407407407551e-01 1.642628205128205121e-01 5.163817663817663398e-03 1.014957264957264994e-02
0.000000000000000000e+00 2.781339031339031265e-01 1.651976495726495686e-01 4.985754985754985678e-03 1.201923076923076990e-02
0.000000000000000000e+00 2.840099715099715372e-01 1.647970085470085444e-01 4.985754985754985678e-03 1.175213675213675202e-02
0.000000000000000000e+00 2.858796296296296502e-01 1.525106837606837740e-01 5.519943019943019703e-03 1.282051282051282007e-02
0.000000000000000000e+00 2.971866096866097040e-01 1.643963675213675202e-01 4.273504273504273934e-03 1.148504273504273587e-02
0.000000000000000000e+00 3.098290598290598385e-01 1.642628205128205121e-01 5.341880341880341984e-03 1.228632478632478604e-02
0.000000000000000000e+00 2.468839031339031265e-01 1.733440170940170888e-01 1.121794871794871799e-02 9.615384615384615918e-03
0.000000000000000000e+00 2.687856125356125614e-01 1.907051282051281937e-01 5.163817663817663398e-03 1.121794871794871799e-02
0.000000000000000000e+00 2.677172364672364413e-01 2.025908119658119677e-01 4.807692307692307959e-03 9.882478632478632063e-03
0.000000000000000000e+00 2.755519943019942852e-01 1.909722222222222099e-01 5.163817663817663398e-03 1.121794871794871799e-02
0.000000000000000000e+00 2.746616809116809166e-01 2.019230769230769273e-01 5.163817663817663398e-03 9.615384615384615918e-03
0.000000000000000000e+00 2.818732193732193525e-01 1.907051282051281937e-01 5.698005698005698290e-03 1.228632478632478604e-02
0.000000000000000000e+00 2.810719373219373041e-01 2.025908119658119677e-01 5.519943019943019703e-03 1.095085470085470011e-02
0.000000000000000000e+00 2.873931623931623713e-01 2.020566239316239354e-01 5.341880341880341984e-03 9.882478632478632063e-03
0.000000000000000000e+00 2.886396011396011319e-01 1.893696581196581130e-01 5.341880341880341984e-03 1.175213675213675202e-02
0.000000000000000000e+00 2.957621082621082476e-01 1.899038461538461453e-01 4.985754985754985678e-03 1.175213675213675202e-02
0.000000000000000000e+00 3.080484330484330457e-01 1.895032051282051211e-01 4.985754985754985678e-03 1.201923076923076990e-02
0.000000000000000000e+00 4.050035612535612395e-01 3.413461538461538547e-01 9.081196581196581893e-03 1.282051282051282007e-02
0.000000000000000000e+00 4.772970085470085722e-01 3.810096153846153633e-01 1.121794871794871799e-02 7.745726495726495964e-03
0.000000000000000000e+00 4.000178062678062529e-01 1.672008547008546897e-01 9.081196581196581893e-03 8.012820512820512109e-03
0.000000000000000000e+00 4.009971509971509973e-01 1.734775641025640969e-01 9.971509971509971357e-03 8.279914529914529989e-03
0.000000000000000000e+00 4.052706552706552556e-01 1.842948717948718063e-01 1.032763532763532680e-02 9.081196581196581893e-03
0.000000000000000000e+00 4.075854700854700807e-01 1.885683760683760646e-01 9.259259259259258745e-03 9.081196581196581893e-03
0.000000000000000000e+00 4.205840455840456071e-01 2.247596153846153910e-01 1.103988603988603941e-02 9.348290598290598039e-03
0.000000000000000000e+00 4.241452991452991372e-01 2.299679487179487059e-01 1.103988603988603941e-02 1.014957264957264994e-02
0.000000000000000000e+00 4.265491452991452825e-01 2.353098290598290565e-01 1.014957264957264994e-02 9.615384615384615918e-03
0.000000000000000000e+00 4.270833333333333148e-01 2.426549145299145283e-01 9.437321937321937332e-03 6.677350427350427046e-03
0.000000000000000000e+00 3.871082621082621023e-01 1.201923076923076990e-02 5.698005698005698290e-03 9.615384615384615918e-03
0.000000000000000000e+00 3.910256410256410242e-01 2.256944444444444406e-02 4.985754985754985678e-03 8.279914529914529989e-03
0.000000000000000000e+00 3.985933048433048520e-01 4.353632478632478431e-02 6.232193732193732315e-03 1.014957264957264994e-02
0.000000000000000000e+00 4.023326210826210780e-01 5.315170940170940023e-02 6.944444444444444059e-03 1.014957264957264994e-02
0.000000000000000000e+00 4.066951566951567121e-01 6.396901709401708880e-02 6.766381766381766340e-03 1.148504273504273587e-02
0.000000000000000000e+00 4.250356125356125614e-01 4.033119658119658363e-02 9.971509971509971357e-03 8.012820512820512109e-03
0.000000000000000000e+00 4.297542735042735318e-01 5.021367521367521569e-02 8.725071225071224720e-03 8.012820512820512109e-03
0.000000000000000000e+00 4.308226495726495964e-01 5.422008547008547175e-02 9.081196581196581893e-03 8.547008547008547868e-03
0.000000000000000000e+00 4.399928774928774655e-01 7.398504273504273587e-02 8.903133903133903307e-03 8.012820512820512109e-03
0.000000000000000000e+00 4.495192307692307820e-01 1.010950854700854717e-01 9.793447293447292770e-03 9.348290598290598039e-03
0.000000000000000000e+00 4.525462962962962798e-01 1.064369658119658085e-01 9.081196581196581893e-03 7.211538461538461939e-03
0.000000000000000000e+00 4.551282051282051211e-01 1.120459401709401753e-01 9.615384615384615918e-03 8.814102564102564014e-03
0.000000000000000000e+00 4.596688034188033956e-01 1.215277777777777762e-01 9.437321937321937332e-03 8.012820512820512109e-03
0.000000000000000000e+00 4.613603988603988681e-01 1.258012820512820484e-01 8.903133903133903307e-03 9.081196581196581893e-03
0.000000000000000000e+00 4.632300569800569812e-01 1.306089743589743668e-01 9.437321937321937332e-03 9.615384615384615918e-03
0.000000000000000000e+00 4.680377492877492718e-01 1.418269230769230727e-01 1.157407407407407343e-02 1.068376068376068397e-02
0.000000000000000000e+00 4.763176638176638278e-01 1.617254273504273587e-01 9.971509971509971357e-03 9.348290598290598039e-03
0.000000000000000000e+00 4.794337606837607013e-01 1.668002136752136655e-01 9.793447293447292770e-03 8.279914529914529989e-03
0.000000000000000000e+00 4.814814814814814548e-01 1.728098290598290565e-01 1.139601139601139658e-02 8.547008547008547868e-03
0.000000000000000000e+00 4.837072649572649596e-01 1.784188034188034233e-01 1.193019943019943060e-02 9.081196581196581893e-03
0.000000000000000000e+00 4.958155270655270619e-01 2.351762820512820484e-01 7.656695156695156670e-03 1.148504273504273587e-02
0.000000000000000000e+00 5.121082621082621023e-01 2.781784188034188143e-01 7.834757834757835257e-03 1.201923076923076990e-02
0.000000000000000000e+00 5.166488603988603767e-01 2.922008547008547175e-01 8.012820512820512109e-03 1.175213675213675202e-02
0.000000000000000000e+00 5.217236467236466835e-01 3.031517094017093794e-01 7.478632478632478951e-03 1.228632478632478604e-02
0.000000000000000000e+00 4.866452991452991372e-01 2.029914529914529989e-02 5.698005698005698290e-03 7.478632478632478951e-03
0.000000000000000000e+00 4.924323361823361722e-01 3.285256410256410381e-02 6.232193732193732315e-03 8.012820512820512109e-03
0.000000000000000000e+00 5.560897435897436125e-01 1.240651709401709435e-01 1.068376068376068397e-02 1.736111111111111188e-02
0.000000000000000000e+00 5.732727920227920215e-01 1.319444444444444475e-01 1.157407407407407343e-02 8.547008547008547868e-03
0.000000000000000000e+00 6.204594017094017255e-01 1.442307692307692180e-01 1.014957264957264994e-02 5.341880341880341984e-03
0.000000000000000000e+00 6.921296296296296502e-01 1.399572649572649596e-01 9.259259259259258745e-03 8.547008547008547868e-03
0.000000000000000000e+00 7.070868945868945543e-01 1.368856837606837740e-01 9.971509971509971357e-03 8.279914529914529989e-03
0.000000000000000000e+00 5.703347578347578439e-01 3.510950854700854440e-01 1.246438746438746463e-02 1.041666666666666609e-02
0.000000000000000000e+00 5.961538461538461453e-01 3.458867521367521292e-01 1.175213675213675202e-02 9.081196581196581893e-03
0.000000000000000000e+00 6.298967236467236663e-01 3.413461538461538547e-01 1.228632478632478604e-02 9.615384615384615918e-03
0.000000000000000000e+00 5.870726495726495964e-01 3.090277777777777901e-01 7.122507122507122646e-03 7.478632478632478951e-03
0.000000000000000000e+00 6.251780626780626404e-01 3.014155982905982745e-01 6.766381766381766340e-03 1.308760683760683795e-02
0.000000000000000000e+00 6.072827635327635587e-01 2.769764957264957417e-01 6.232193732193732315e-03 1.121794871794871799e-02
0.000000000000000000e+00 6.242877492877493273e-01 2.735042735042735318e-01 8.547008547008547868e-03 1.282051282051282007e-02
0.000000000000000000e+00 6.493945868945868449e-01 2.653579059829059839e-01 8.903133903133903307e-03 1.469017094017094002e-02
0.000000000000000000e+00 6.551816239316239354e-01 2.951388888888888951e-01 6.588319088319088621e-03 1.335470085470085409e-02
0.000000000000000000e+00 6.611467236467236663e-01 2.625534188034188143e-01 7.834757834757835257e-03 1.335470085470085409e-02
0.000000000000000000e+00 6.736111111111111605e-01 2.594818376068376287e-01 7.122507122507122646e-03 1.148504273504273587e-02
0.000000000000000000e+00 6.861645299145299193e-01 2.566773504273504036e-01 7.300569800569800365e-03 1.388888888888888812e-02
0.000000000000000000e+00 6.924857549857549310e-01 2.560096153846153633e-01 6.766381766381766340e-03 1.095085470085470011e-02
0.000000000000000000e+00 6.985398860398860377e-01 2.546741452991452825e-01 6.766381766381766340e-03 1.041666666666666609e-02
0.000000000000000000e+00 7.043269230769231282e-01 2.530715811965811857e-01 7.300569800569800365e-03 1.148504273504273587e-02
0.000000000000000000e+00 7.101139601139601076e-01 2.512019230769230727e-01 6.766381766381766340e-03 1.095085470085470011e-02
0.000000000000000000e+00 7.302350427350426942e-01 2.508012820512820484e-01 6.766381766381766340e-03 1.121794871794871799e-02
0.000000000000000000e+00 7.272970085470085166e-01 2.803151709401709435e-01 8.012820512820512109e-03 1.522435897435897405e-02
0.000000000000000000e+00 7.379807692307692735e-01 2.781784188034188143e-01 7.300569800569800365e-03 1.415598290598290600e-02
0.000000000000000000e+00 7.566773504273504036e-01 2.756410256410256610e-01 7.656695156695156670e-03 1.228632478632478604e-02
0.000000000000000000e+00 7.826745014245014564e-01 2.760416666666666852e-01 5.876068376068376009e-03 1.255341880341880392e-02
0.000000000000000000e+00 8.141915954415954726e-01 2.509348290598290565e-01 1.014957264957264994e-02 7.745726495726495964e-03
0.000000000000000000e+00 8.175747863247863068e-01 1.798878205128205121e-01 5.876068376068376009e-03 1.148504273504273587e-02
0.000000000000000000e+00 8.526531339031339085e-01 1.876335470085470081e-01 1.371082621082621127e-02 1.041666666666666609e-02
0.000000000000000000e+00 8.595975783475783283e-01 1.224626068376068327e-01 8.725071225071224720e-03 8.814102564102564014e-03
0.000000000000000000e+00 8.758903133903134242e-01 1.237980769230769273e-01 9.971509971509971357e-03 8.814102564102564014e-03
0.000000000000000000e+00 8.882656695156695426e-01 1.258012820512820484e-01 1.014957264957264994e-02 8.547008547008547868e-03
0.000000000000000000e+00 9.647435897435897578e-01 1.167200854700854717e-01 1.103988603988603941e-02 6.944444444444444059e-03
0.000000000000000000e+00 6.931980056980057148e-01 4.517895299145299193e-01 1.032763532763532680e-02 1.095085470085470011e-02
0.000000000000000000e+00 7.007656695156695426e-01 4.485844017094017255e-01 1.299857549857549865e-02 1.255341880341880392e-02
0.000000000000000000e+00 7.753739316239316448e-01 4.859775641025640969e-01 1.050569800569800538e-02 2.056623931623931603e-02
0.000000000000000000e+00 7.853454415954416179e-01 4.823717948717948789e-01 6.588319088319088621e-03 1.388888888888888812e-02
0.000000000000000000e+00 7.983440170940171443e-01 4.850427350427350404e-01 6.232193732193732315e-03 1.068376068376068397e-02
0.000000000000000000e+00 2.114494301994301884e-01 4.855769230769230727e-01 1.442307692307692388e-02 9.615384615384615918e-03
0.000000000000000000e+00 3.757122507122507282e-01 4.961271367521367659e-01 6.054131054131053728e-03 1.842948717948717993e-02
0.000000000000000000e+00 3.941417378917378977e-01 4.762286324786324521e-01 1.121794871794871799e-02 7.478632478632478951e-03
0.000000000000000000e+00 8.080484330484331013e-01 2.740384615384615641e-01 4.273504273504273934e-03 1.335470085470085409e-02
0.000000000000000000e+00 9.758725071225071712e-01 4.568643162393162260e-01 1.335470085470085409e-02 1.148504273504273587e-02
0.000000000000000000e+00 9.750712250712251228e-01 5.032051282051281937e-01 1.246438746438746463e-02 1.121794871794871799e-02
0.000000000000000000e+00 8.478454415954416179e-01 5.412660256410256610e-01 1.086182336182336255e-02 1.041666666666666609e-02
