0.000000000000000000e+00 1.234864672364672372e-01 1.181891025641025605e-01 6.232193732193732315e-03 1.308760683760683795e-02
0.000000000000000000e+00 1.465455840455840431e-01 1.339476495726495686e-01 7.122507122507122646e-03 1.201923076923076990e-02
0.000000000000000000e+00 1.433404558404558493e-01 1.570512820512820484e-01 1.103988603988603941e-02 9.615384615384615918e-03
0.000000000000000000e+00 1.655092592592592726e-01 1.462339743589743668e-01 6.588319088319088621e-03 1.255341880341880392e-02
0.000000000000000000e+00 1.713853276353276278e-01 1.467681623931623991e-01 7.300569800569800365e-03 1.148504273504273587e-02
0.000000000000000000e+00 1.299857549857549865e-01 1.631944444444444475e-01 1.032763532763532680e-02 7.478632478632478951e-03
0.000000000000000000e+00 1.312321937321937193e-01 1.575854700854700807e-01 1.139601139601139658e-02 9.081196581196581893e-03
0.000000000000000000e+00 1.229522792022792049e-01 1.700053418803418870e-01 1.228632478632478604e-02 8.814102564102564014e-03
0.000000000000000000e+00 1.008725071225071157e-01 1.748130341880341776e-01 5.876068376068376009e-03 8.279914529914529989e-03
0.000000000000000000e+00 1.031873219373219408e-01 1.638621794871794879e-01 1.193019943019943060e-02 8.279914529914529989e-03
0.000000000000000000e+00 1.038995726495726551e-01 1.571848290598290565e-01 1.157407407407407343e-02 7.211538461538461939e-03
0.000000000000000000e+00 1.036324786324786390e-01 1.514423076923076816e-01 9.615384615384615918e-03 6.944444444444444059e-03
0.000000000000000000e+00 1.073717948717948650e-01 1.858974358974359031e-01 5.698005698005698290e-03 1.014957264957264994e-02
0.000000000000000000e+00 1.144943019943019946e-01 1.842948717948718063e-01 6.054131054131053728e-03 1.335470085470085409e-02
0.000000000000000000e+00 1.206374643874643937e-01 1.856303418803418870e-01 6.232193732193732315e-03 1.014957264957264994e-02
0.000000000000000000e+00 1.397792022792022915e-01 1.842948717948718063e-01 6.766381766381766340e-03 1.121794871794871799e-02
0.000000000000000000e+00 1.458333333333333426e-01 1.844284188034188143e-01 6.054131054131053728e-03 1.041666666666666609e-02
0.000000000000000000e+00 9.081196581196581893e-03 5.216346153846154188e-01 1.282051282051282007e-02 1.121794871794871799e-02
0.000000000000000000e+00 3.863960113960113879e-02 4.248130341880341776e-01 6.410256410256410034e-03 1.362179487179487197e-02
0.000000000000000000e+00 4.104344729344729104e-02 4.708867521367521292e-01 6.944444444444444059e-03 1.495726495726495790e-02
0.000000000000000000e+00 4.959045584045584237e-02 4.708867521367521292e-01 6.232193732193732315e-03 1.388888888888888812e-02
0.000000000000000000e+00 5.261752136752136794e-02 5.193643162393162260e-01 6.232193732193732315e-03 1.415598290598290600e-02
0.000000000000000000e+00 6.766381766381766860e-02 4.500534188034188143e-01 6.766381766381766340e-03 1.388888888888888812e-02
0.000000000000000000e+00 5.787037037037037063e-02 4.188034188034188143e-01 6.054131054131053728e-03 1.335470085470085409e-02
0.000000000000000000e+00 6.525997150997150942e-02 4.173344017094017255e-01 6.232193732193732315e-03 1.255341880341880392e-02
0.000000000000000000e+00 7.264957264957265515e-02 4.172008547008547175e-01 7.122507122507122646e-03 1.495726495726495790e-02
0.000000000000000000e+00 8.894230769230769551e-02 4.155982905982906206e-01 6.588319088319088621e-03 1.495726495726495790e-02
0.000000000000000000e+00 1.041666666666666713e-01 4.133279914529914278e-01 6.054131054131053728e-03 1.308760683760683795e-02
0.000000000000000000e+00 1.001602564102564152e-01 4.476495726495726690e-01 6.232193732193732315e-03 1.388888888888888812e-02
0.000000000000000000e+00 1.120904558404558354e-01 4.115918803418803229e-01 6.588319088319088621e-03 1.549145299145299193e-02
0.000000000000000000e+00 1.253561253561253641e-01 4.286858974358974117e-01 1.495726495726495790e-02 8.547008547008547868e-03
0.000000000000000000e+00 1.257122507122507005e-01 4.368322649572649596e-01 1.210826210826210746e-02 8.814102564102564014e-03
0.000000000000000000e+00 1.250000000000000000e-01 4.441773504273504036e-01 1.139601139601139658e-02 8.012820512820512109e-03
0.000000000000000000e+00 1.244658119658119677e-01 4.519230769230769273e-01 1.460113960113960073e-02 8.547008547008547868e-03
0.000000000000000000e+00 1.252670940170940161e-01 4.600694444444444198e-01 1.086182336182336255e-02 9.348290598290598039e-03
0.000000000000000000e+00 1.233084045584045552e-01 4.691506410256410242e-01 1.264245014245014322e-02 8.814102564102564014e-03
0.000000000000000000e+00 1.224180911680911726e-01 4.766292735042735318e-01 1.193019943019943060e-02 8.814102564102564014e-03
0.000000000000000000e+00 1.225071225071225067e-01 4.849091880341880323e-01 1.353276353276353268e-02 8.814102564102564014e-03
0.000000000000000000e+00 1.206374643874643937e-01 4.929220085470085722e-01 1.477920227920227932e-02 9.348290598290598039e-03
0.000000000000000000e+00 1.200142450142450135e-01 5.012019230769231282e-01 1.317663817663817724e-02 9.348290598290598039e-03
0.000000000000000000e+00 1.183226495726495686e-01 5.094818376068376287e-01 1.264245014245014322e-02 1.095085470085470011e-02
0.000000000000000000e+00 1.201032763532763475e-01 5.185630341880341776e-01 1.193019943019943060e-02 1.041666666666666609e-02
0.000000000000000000e+00 4.380341880341880045e-02 4.548611111111111049e-01 6.410256410256410034e-03 1.442307692307692388e-02
0.000000000000000000e+00 2.350427350427350404e-01 2.234241452991453103e-01 1.246438746438746463e-02 9.348290598290598039e-03
0.000000000000000000e+00 2.510683760683760646e-01 2.208867521367521292e-01 1.175213675213675202e-02 9.081196581196581893e-03
0.000000000000000000e+00 2.672720797720797847e-01 2.170138888888888951e-01 8.547008547008547868e-03 9.348290598290598039e-03
0.000000000000000000e+00 2.831196581196581130e-01 2.134081196581196493e-01 1.282051282051282007e-02 9.615384615384615918e-03
0.000000000000000000e+00 3.269230769230769273e-01 3.547008547008547175e-01 5.341880341880341984e-03 1.388888888888888812e-02
0.000000000000000000e+00 3.338675213675213471e-01 3.548344017094017255e-01 5.698005698005698290e-03 1.469017094017094002e-02
0.000000000000000000e+00 3.589743589743589758e-01 3.551014957264957417e-01 5.698005698005698290e-03 1.415598290598290600e-02
0.000000000000000000e+00 3.678774928774928843e-01 3.549679487179487336e-01 5.341880341880341984e-03 1.495726495726495790e-02
0.000000000000000000e+00 3.815883190883190834e-01 3.525641025641025883e-01 5.698005698005698290e-03 1.282051282051282007e-02
0.000000000000000000e+00 3.887108262108261991e-01 3.235844017094017255e-01 4.985754985754985678e-03 5.608974358974358997e-03
0.000000000000000000e+00 4.066951566951567121e-01 3.422809829059829112e-01 1.139601139601139658e-02 9.882478632478632063e-03
0.000000000000000000e+00 4.083867521367521292e-01 3.489583333333333148e-01 9.793447293447292770e-03 8.814102564102564014e-03
0.000000000000000000e+00 4.056267806267806475e-01 3.648504273504273310e-01 1.175213675213675202e-02 9.615384615384615918e-03
0.000000000000000000e+00 1.588319088319088412e-01 3.814102564102563875e-01 1.282051282051282007e-02 8.012820512820512109e-03
0.000000000000000000e+00 2.386930199430199462e-01 3.852831196581196771e-01 4.807692307692307959e-03 1.415598290598290600e-02
0.000000000000000000e+00 1.518874643874643937e-01 5.460737179487179516e-01 6.766381766381766340e-03 1.415598290598290600e-02
0.000000000000000000e+00 1.655092592592592726e-01 5.118856837606837740e-01 6.588319088319088621e-03 1.682692307692307612e-02
0.000000000000000000e+00 1.906160968660968735e-01 5.093482905982905651e-01 6.588319088319088621e-03 1.655982905982905998e-02
0.000000000000000000e+00 1.994301994301994341e-01 5.081463675213675479e-01 6.054131054131053728e-03 1.896367521367521222e-02
0.000000000000000000e+00 2.073539886039885982e-01 5.057425213675214026e-01 5.519943019943019703e-03 1.575854700854700807e-02
0.000000000000000000e+00 2.119836182336182206e-01 5.364583333333333703e-01 5.876068376068376009e-03 1.362179487179487197e-02
0.000000000000000000e+00 2.347756410256410242e-01 4.974626068376068466e-01 3.383190883190883170e-03 1.522435897435897405e-02
0.000000000000000000e+00 2.360220797720797847e-01 4.798344017094017255e-01 3.739316239316239476e-03 1.362179487179487197e-02
0.000000000000000000e+00 1.532229344729344744e-01 5.693108974358974672e-01 1.299857549857549865e-02 1.041666666666666609e-02
0.000000000000000000e+00 9.873575498575498655e-02 5.484775641025640969e-01 5.519943019943019703e-03 1.308760683760683795e-02
0.000000000000000000e+00 8.066239316239316726e-02 7.326388888888888395e-01 7.122507122507122646e-03 1.923076923076923184e-02
0.000000000000000000e+00 9.018874643874644215e-02 7.998130341880341776e-01 8.368945868945869282e-03 1.789529914529914417e-02
0.000000000000000000e+00 1.034544159544159569e-01 7.783119658119658224e-01 7.122507122507122646e-03 1.388888888888888812e-02
0.000000000000000000e+00 8.947649572649572780e-02 7.310363247863247427e-01 6.588319088319088621e-03 1.549145299145299193e-02
0.000000000000000000e+00 9.775641025641025605e-02 7.293002136752136932e-01 7.122507122507122646e-03 1.789529914529914417e-02
0.000000000000000000e+00 1.069266381766381807e-01 7.258279914529914834e-01 6.944444444444444059e-03 1.469017094017094002e-02
0.000000000000000000e+00 1.271367521367521292e-01 7.238247863247863068e-01 7.834757834757835257e-03 1.709401709401709574e-02
0.000000000000000000e+00 1.355056980056980054e-01 7.219551282051281937e-01 6.766381766381766340e-03 1.816239316239316379e-02
0.000000000000000000e+00 1.793091168091168197e-01 7.761752136752136932e-01 6.766381766381766340e-03 1.602564102564102422e-02
0.000000000000000000e+00 1.883012820512820484e-01 7.737713675213675479e-01 6.588319088319088621e-03 1.709401709401709574e-02
0.000000000000000000e+00 1.113782051282051350e-01 6.868322649572649041e-01 6.588319088319088621e-03 1.575854700854700807e-02
0.000000000000000000e+00 6.588319088319088968e-02 8.472222222222222099e-01 8.190883190883190695e-03 2.243589743589743599e-02
0.000000000000000000e+00 6.356837606837606458e-02 8.743322649572649041e-01 7.122507122507122646e-03 2.110042735042735179e-02
0.000000000000000000e+00 8.644943019943020224e-02 8.346688034188034511e-01 6.944444444444444059e-03 1.709401709401709574e-02
0.000000000000000000e+00 8.128561253561253364e-02 8.940972222222222099e-01 6.588319088319088621e-03 1.575854700854700807e-02
0.000000000000000000e+00 7.932692307692307265e-02 9.173344017094017255e-01 8.725071225071224720e-03 2.216880341880341984e-02
0.000000000000000000e+00 2.438568376068376009e-01 6.362179487179486781e-01 6.232193732193732315e-03 1.495726495726495790e-02
0.000000000000000000e+00 2.780448717948718063e-01 6.569177350427350959e-01 1.335470085470085409e-02 1.148504273504273587e-02
0.000000000000000000e+00 2.750178062678062529e-01 6.872329059829059839e-01 1.406695156695156670e-02 1.175213675213675202e-02
0.000000000000000000e+00 2.735933048433048520e-01 6.959134615384615641e-01 1.121794871794871799e-02 9.348290598290598039e-03
0.000000000000000000e+00 4.595797720797720753e-01 5.852029914529914834e-01 6.766381766381766340e-03 1.549145299145299193e-02
0.000000000000000000e+00 4.675035612535612395e-01 5.840010683760683552e-01 6.944444444444444059e-03 1.736111111111111188e-02
0.000000000000000000e+00 4.756944444444444198e-01 5.817307692307692735e-01 6.944444444444444059e-03 1.388888888888888812e-02
0.000000000000000000e+00 4.834401709401709435e-01 5.810630341880341776e-01 6.766381766381766340e-03 1.308760683760683795e-02
0.000000000000000000e+00 5.151353276353276556e-01 5.818643162393162260e-01 5.698005698005698290e-03 4.540598290598290947e-03
0.000000000000000000e+00 5.309829059829059839e-01 5.798611111111111605e-01 5.698005698005698290e-03 5.341880341880341984e-03
0.000000000000000000e+00 5.394408831908832358e-01 5.782585470085470636e-01 5.519943019943019703e-03 5.341880341880341984e-03
0.000000000000000000e+00 5.222578347578347158e-01 5.064102564102563875e-01 1.531339031339031334e-02 1.282051282051282007e-02
0.000000000000000000e+00 5.205662393162393542e-01 5.169604700854700807e-01 1.228632478632478604e-02 1.041666666666666609e-02
0.000000000000000000e+00 5.211894586894586512e-01 5.257745726495726135e-01 1.282051282051282007e-02 1.095085470085470011e-02
0.000000000000000000e+00 5.209223646723646350e-01 5.344551282051281937e-01 1.086182336182336255e-02 1.068376068376068397e-02
0.000000000000000000e+00 5.234152421652421561e-01 5.450053418803418870e-01 1.406695156695156670e-02 1.148504273504273587e-02
0.000000000000000000e+00 4.472934472934472772e-01 6.932425213675214026e-01 7.478632478632478951e-03 1.736111111111111188e-02
0.000000000000000000e+00 4.492521367521367659e-01 7.207532051282051766e-01 6.410256410256410034e-03 1.736111111111111188e-02
0.000000000000000000e+00 4.497863247863247982e-01 7.391826923076922906e-01 6.766381766381766340e-03 1.736111111111111188e-02
0.000000000000000000e+00 5.618767806267805920e-01 1.514423076923076816e-01 1.014957264957264994e-02 9.081196581196581893e-03
0.000000000000000000e+00 5.654380341880341776e-01 1.358173076923076816e-01 1.228632478632478604e-02 9.882478632478632063e-03
0.000000000000000000e+00 5.794159544159543929e-01 1.332799145299145283e-01 1.282051282051282007e-02 1.014957264957264994e-02
0.000000000000000000e+00 5.934829059829059839e-01 1.290064102564102699e-01 1.210826210826210746e-02 1.014957264957264994e-02
0.000000000000000000e+00 6.078169515669515910e-01 1.259348290598290565e-01 9.793447293447292770e-03 1.041666666666666609e-02
0.000000000000000000e+00 6.219729344729344467e-01 1.225961538461538408e-01 1.103988603988603941e-02 9.615384615384615918e-03
0.000000000000000000e+00 5.854700854700854995e-01 2.065972222222222099e-01 7.122507122507122646e-03 1.201923076923076990e-02
0.000000000000000000e+00 6.112001424501424252e-01 2.005876068376068466e-01 7.300569800569800365e-03 1.175213675213675202e-02
0.000000000000000000e+00 6.237535612535612950e-01 1.960470085470085444e-01 6.766381766381766340e-03 1.121794871794871799e-02
0.000000000000000000e+00 6.369301994301994618e-01 1.943108974358974395e-01 7.834757834757835257e-03 1.308760683760683795e-02
0.000000000000000000e+00 5.443376068376067911e-01 3.349358974358974117e-01 6.410256410256410034e-03 1.335470085470085409e-02
0.000000000000000000e+00 5.971331908831908342e-01 2.570779914529914278e-01 1.157407407407407343e-02 9.348290598290598039e-03
0.000000000000000000e+00 6.132478632478632896e-01 2.618856837606837740e-01 1.246438746438746463e-02 9.882478632478632063e-03
0.000000000000000000e+00 6.487713675213675479e-01 4.513888888888888812e-02 7.656695156695156670e-03 1.282051282051282007e-02
0.000000000000000000e+00 6.516203703703703498e-01 1.749465811965811995e-02 7.656695156695156670e-03 9.882478632478632063e-03
0.000000000000000000e+00 6.591880341880341776e-01 2.737713675213675202e-02 8.547008547008547868e-03 1.095085470085470011e-02
0.000000000000000000e+00 6.724537037037037202e-01 4.861111111111111188e-02 8.368945868945869282e-03 1.121794871794871799e-02
0.000000000000000000e+00 7.465277777777777901e-01 9.855769230769230449e-02 1.121794871794871799e-02 1.014957264957264994e-02
0.000000000000000000e+00 7.596153846153845812e-01 9.481837606837606458e-02 1.175213675213675202e-02 1.014957264957264994e-02
0.000000000000000000e+00 7.725249287749287319e-01 9.241452991452991927e-02 1.086182336182336255e-02 9.615384615384615918e-03
0.000000000000000000e+00 8.151709401709401615e-01 9.308226495726495964e-02 1.353276353276353268e-02 1.148504273504273587e-02
0.000000000000000000e+00 8.457977207977207534e-01 8.520299145299145560e-02 9.259259259259258745e-03 9.081196581196581893e-03
0.000000000000000000e+00 8.809650997150997309e-01 7.532051282051281660e-02 1.121794871794871799e-02 1.175213675213675202e-02
0.000000000000000000e+00 9.041132478632478708e-01 6.236645299145299193e-02 5.876068376068376009e-03 1.148504273504273587e-02
0.000000000000000000e+00 8.979700854700854995e-01 1.255341880341880392e-02 4.985754985754985678e-03 1.282051282051282007e-02
0.000000000000000000e+00 9.732905982905982745e-01 7.264957264957265515e-02 1.139601139601139658e-02 9.081196581196581893e-03
0.000000000000000000e+00 9.933226495726495964e-01 8.520299145299145560e-02 7.656695156695156670e-03 8.547008547008547868e-03
0.000000000000000000e+00 1.023860398860398924e-02 3.133012820512820484e-01 6.944444444444444059e-03 1.495726495726495790e-02
0.000000000000000000e+00 3.828347578347578335e-03 3.462873931623931534e-01 6.588319088319088621e-03 1.415598290598290600e-02
0.000000000000000000e+00 2.403846153846153980e-03 3.611111111111111049e-01 4.095441595441595348e-03 1.388888888888888812e-02
0.000000000000000000e+00 1.028311965811965767e-01 6.332799145299145005e-01 9.793447293447292770e-03 7.478632478632478951e-03
0.000000000000000000e+00 1.219729344729344675e-02 9.927884615384615641e-01 1.620370370370370280e-02 1.228632478632478604e-02
0.000000000000000000e+00 2.545405982905982745e-01 4.389690170940170888e-01 1.513532763532763475e-02 1.255341880341880392e-02
0.000000000000000000e+00 3.091168091168091103e-01 3.544337606837607013e-01 8.903133903133903307e-03 8.547008547008547868e-03
0.000000000000000000e+00 3.767806267806267928e-01 9.970619658119658224e-01 5.698005698005698290e-03 5.341880341880341984e-03
0.000000000000000000e+00 9.548611111111111605e-01 1.010950854700854717e-01 9.081196581196581893e-03 8.279914529914529989e-03
0.000000000000000000e+00 3.218482905982906206e-01 8.591079059829059839e-01 6.232193732193732315e-03 1.629273504273504383e-02
0.000000000000000000e+00 3.303952991452991372e-01 8.587072649572649041e-01 6.588319088319088621e-03 1.549145299145299193e-02
