0.000000000000000000e+00 1.335470085470085409e-02 1.310096153846153910e-01 9.615384615384615918e-03 8.279914529914529989e-03
0.000000000000000000e+00 1.958689458689458814e-03 1.340811965811965767e-01 3.561253561253561323e-03 6.410256410256410034e-03
0.000000000000000000e+00 8.351139601139601076e-02 1.606570512820512941e-01 5.341880341880341984e-03 1.148504273504273587e-02
0.000000000000000000e+00 9.063390313390314035e-02 1.992521367521367659e-01 4.985754985754985678e-03 3.739316239316239476e-03
0.000000000000000000e+00 1.082621082621082614e-01 2.127403846153846090e-01 6.410256410256410034e-03 4.540598290598290947e-03
0.000000000000000000e+00 1.087962962962962937e-01 1.663995726495726413e-01 6.410256410256410034e-03 1.175213675213675202e-02
0.000000000000000000e+00 1.112891737891737870e-01 1.920405982905983022e-01 1.103988603988603941e-02 8.012820512820512109e-03
0.000000000000000000e+00 1.229522792022792049e-01 1.921741452991453103e-01 1.121794871794871799e-02 7.745726495726495964e-03
0.000000000000000000e+00 1.327457264957264960e-01 1.649305555555555525e-01 5.876068376068376009e-03 9.882478632478632063e-03
0.000000000000000000e+00 1.379985754985754987e-01 1.661324786324786251e-01 6.410256410256410034e-03 1.228632478632478604e-02
0.000000000000000000e+00 1.444978632478632341e-01 1.638621794871794879e-01 5.876068376068376009e-03 9.882478632478632063e-03
0.000000000000000000e+00 1.371972934472934502e-01 1.935096153846153910e-01 1.228632478632478604e-02 8.814102564102564014e-03
0.000000000000000000e+00 1.498397435897435848e-01 1.979166666666666574e-01 9.081196581196581893e-03 7.478632478632478951e-03
0.000000000000000000e+00 1.482371794871794879e-01 1.864316239316239354e-01 8.725071225071224720e-03 7.478632478632478951e-03
0.000000000000000000e+00 1.513532763532763614e-01 1.752136752136752018e-01 4.629629629629629373e-03 6.944444444444444059e-03
0.000000000000000000e+00 2.500890313390313202e-01 1.760149572649572780e-01 1.264245014245014322e-02 7.478632478632478951e-03
0.000000000000000000e+00 1.589209401709401615e-01 2.971420940170940161e-01 1.299857549857549865e-02 8.814102564102564014e-03
0.000000000000000000e+00 3.745548433048432879e-01 9.441773504273504036e-02 8.725071225071224720e-03 8.279914529914529989e-03
0.000000000000000000e+00 3.922720797720797847e-01 1.818910256410256332e-01 4.629629629629629373e-03 1.175213675213675202e-02
0.000000000000000000e+00 4.082977207977208089e-01 1.680021367521367659e-01 9.971509971509971357e-03 5.341880341880341984e-03
0.000000000000000000e+00 4.149750712250712126e-01 6.704059829059828834e-02 9.793447293447292770e-03 1.014957264957264994e-02
0.000000000000000000e+00 4.762286324786324521e-01 9.655448717948718340e-02 1.050569800569800538e-02 7.211538461538461939e-03
0.000000000000000000e+00 5.092592592592593004e-01 1.896367521367521222e-02 7.478632478632478951e-03 1.014957264957264994e-02
0.000000000000000000e+00 5.134437321937321830e-01 2.924679487179487197e-02 6.944444444444444059e-03 9.348290598290598039e-03
0.000000000000000000e+00 5.178062678062678170e-01 3.806089743589743252e-02 6.766381766381766340e-03 9.348290598290598039e-03
0.000000000000000000e+00 6.668447293447293811e-01 1.482371794871794879e-01 9.971509971509971357e-03 9.081196581196581893e-03
0.000000000000000000e+00 6.732549857549857686e-01 1.463675213675213749e-01 1.103988603988603941e-02 9.615384615384615918e-03
0.000000000000000000e+00 7.369123931623932089e-01 1.713408119658119677e-01 9.081196581196581893e-03 1.469017094017094002e-02
0.000000000000000000e+00 7.456374643874643660e-01 1.694711538461538547e-01 5.519943019943019703e-03 8.814102564102564014e-03
0.000000000000000000e+00 5.645477207977207534e-01 4.393696581196580853e-02 6.944444444444444059e-03 8.814102564102564014e-03
0.000000000000000000e+00 5.757656695156695426e-01 4.126602564102564014e-02 7.656695156695156670e-03 6.677350427350427046e-03
0.000000000000000000e+00 5.722934472934473327e-01 7.077991452991452825e-02 1.032763532763532680e-02 8.012820512820512109e-03
0.000000000000000000e+00 6.116452991452991927e-01 6.463675213675214304e-02 9.259259259259258745e-03 6.944444444444444059e-03
0.000000000000000000e+00 6.079950142450142314e-01 3.565705128205128027e-02 6.232193732193732315e-03 9.882478632478632063e-03
0.000000000000000000e+00 5.924145299145299193e-01 1.669337606837606805e-02 5.341880341880341984e-03 9.882478632478632063e-03
0.000000000000000000e+00 6.076388888888888395e-01 1.428952991452991407e-02 7.300569800569800365e-03 1.041666666666666609e-02
0.000000000000000000e+00 6.547364672364672789e-01 5.902777777777777624e-02 1.068376068376068397e-02 8.012820512820512109e-03
0.000000000000000000e+00 6.343482905982905651e-01 3.044871794871794810e-02 5.163817663817663398e-03 1.014957264957264994e-02
0.000000000000000000e+00 6.298967236467236663e-01 7.745726495726495964e-03 7.656695156695156670e-03 1.121794871794871799e-02
0.000000000000000000e+00 6.397792022792022637e-01 5.475427350427350057e-03 7.122507122507122646e-03 9.882478632478632063e-03
0.000000000000000000e+00 6.508190883190883014e-01 4.006410256410256054e-03 6.410256410256410034e-03 7.478632478632478951e-03
0.000000000000000000e+00 6.618589743589743390e-01 3.071581196581196511e-03 6.054131054131053728e-03 5.608974358974358997e-03
0.000000000000000000e+00 6.679131054131054457e-01 2.670940170940170992e-03 4.273504273504273934e-03 4.273504273504273934e-03
0.000000000000000000e+00 6.731659544159543929e-01 2.003205128205128027e-03 4.095441595441595348e-03 2.938034188034188005e-03
0.000000000000000000e+00 6.975605413105413488e-01 1.856303418803418800e-02 6.588319088319088621e-03 1.308760683760683795e-02
0.000000000000000000e+00 7.070868945868945543e-01 1.655982905982905998e-02 6.054131054131053728e-03 1.068376068376068397e-02
0.000000000000000000e+00 7.233796296296296502e-01 1.469017094017094002e-02 5.876068376068376009e-03 9.615384615384615918e-03
0.000000000000000000e+00 7.458155270655271174e-01 1.455662393162393195e-02 5.163817663817663398e-03 1.041666666666666609e-02
0.000000000000000000e+00 9.094551282051281937e-01 1.452991452991453103e-01 1.157407407407407343e-02 9.081196581196581893e-03
0.000000000000000000e+00 9.077635327635327211e-01 1.796207264957264960e-01 1.032763532763532680e-02 9.882478632478632063e-03
0.000000000000000000e+00 9.408831908831908342e-01 1.304754273504273587e-01 1.103988603988603941e-02 8.814102564102564014e-03
0.000000000000000000e+00 1.310541310541310511e-01 2.291666666666666574e-01 5.698005698005698290e-03 6.944444444444444059e-03
0.000000000000000000e+00 2.240918803418803507e-01 3.325320512820512803e-02 4.095441595441595348e-03 1.148504273504273587e-02
0.000000000000000000e+00 2.252492877492877354e-01 2.350427350427350404e-02 4.273504273504273934e-03 1.014957264957264994e-02
0.000000000000000000e+00 2.224893162393162260e-01 5.555555555555555247e-02 4.807692307692307959e-03 1.388888888888888812e-02
0.000000000000000000e+00 2.642450142450142314e-01 7.438568376068376009e-02 1.068376068376068397e-02 7.745726495726495964e-03
0.000000000000000000e+00 3.742877492877492718e-01 7.630876068376067911e-01 9.259259259259258745e-03 1.976495726495726413e-02
