0.000000000000000000e+00 8.128561253561253364e-02 3.004807692307692388e-02 5.876068376068376009e-03 1.362179487179487197e-02
0.000000000000000000e+00 1.112891737891737870e-02 7.465277777777777624e-02 1.371082621082621127e-02 8.814102564102564014e-03
0.000000000000000000e+00 2.706552706552706536e-02 9.241452991452991927e-02 6.410256410256410034e-03 1.228632478632478604e-02
0.000000000000000000e+00 1.451210826210826144e-02 9.401709401709401615e-02 4.451566951566951653e-03 1.068376068376068397e-02
0.000000000000000000e+00 1.438746438746438816e-01 6.036324786324786390e-02 9.259259259259258745e-03 1.014957264957264994e-02
0.000000000000000000e+00 1.566061253561253641e-01 5.916132478632478431e-02 1.193019943019943060e-02 8.279914529914529989e-03
0.000000000000000000e+00 6.971153846153846367e-02 1.817574786324786251e-01 6.944444444444444059e-03 1.201923076923076990e-02
0.000000000000000000e+00 6.775284900284900269e-02 1.929754273504273587e-01 5.163817663817663398e-03 1.041666666666666609e-02
0.000000000000000000e+00 6.374643874643874664e-02 2.236912393162393264e-01 5.698005698005698290e-03 1.201923076923076990e-02
0.000000000000000000e+00 8.003917378917378700e-02 2.021901709401709435e-01 4.451566951566951653e-03 1.442307692307692388e-02
0.000000000000000000e+00 2.866809116809116917e-02 2.562767094017093794e-01 6.410256410256410034e-03 1.095085470085470011e-02
0.000000000000000000e+00 3.454415954415954171e-02 2.564102564102563875e-01 6.054131054131053728e-03 1.068376068376068397e-02
0.000000000000000000e+00 4.362535612535612534e-02 2.564102564102563875e-01 6.054131054131053728e-03 1.495726495726495790e-02
0.000000000000000000e+00 5.021367521367521569e-02 2.550747863247863068e-01 6.766381766381766340e-03 9.615384615384615918e-03
0.000000000000000000e+00 6.116452991452991234e-02 2.431891025641025605e-01 5.519943019943019703e-03 1.148504273504273587e-02
0.000000000000000000e+00 2.483974358974358823e-02 2.904647435897436125e-01 5.519943019943019703e-03 1.308760683760683795e-02
0.000000000000000000e+00 3.169515669515669820e-02 2.899305555555555802e-01 6.054131054131053728e-03 1.308760683760683795e-02
0.000000000000000000e+00 4.683048433048433296e-02 2.881944444444444198e-01 5.698005698005698290e-03 1.282051282051282007e-02
0.000000000000000000e+00 5.386396011396011457e-02 2.860576923076922906e-01 5.876068376068376009e-03 1.282051282051282007e-02
0.000000000000000000e+00 4.255698005698005382e-02 3.150373931623931534e-01 5.341880341880341984e-03 1.308760683760683795e-02
0.000000000000000000e+00 6.018518518518518184e-02 2.817841880341880323e-01 4.273504273504273934e-03 6.944444444444444059e-03
0.000000000000000000e+00 6.757478632478632063e-02 2.799145299145299193e-01 4.451566951566951653e-03 6.944444444444444059e-03
0.000000000000000000e+00 6.677350427350427046e-03 3.862179487179487336e-01 1.264245014245014322e-02 8.547008547008547868e-03
0.000000000000000000e+00 5.074786324786324972e-03 4.006410256410256610e-01 9.437321937321937332e-03 8.012820512820512109e-03
0.000000000000000000e+00 4.006410256410256054e-03 4.248130341880341776e-01 6.588319088319088621e-03 1.629273504273504383e-02
0.000000000000000000e+00 5.163817663817663745e-02 4.246794871794871695e-01 6.766381766381766340e-03 1.442307692307692388e-02
0.000000000000000000e+00 6.009615384615384776e-02 4.230769230769230727e-01 6.232193732193732315e-03 1.228632478632478604e-02
0.000000000000000000e+00 3.133903133903134103e-02 4.515224358974359031e-01 1.139601139601139658e-02 8.814102564102564014e-03
0.000000000000000000e+00 3.205128205128204844e-02 4.588675213675213471e-01 1.317663817663817724e-02 8.012820512820512109e-03
0.000000000000000000e+00 3.053774928774928912e-02 4.662126068376068466e-01 1.299857549857549865e-02 8.279914529914529989e-03
0.000000000000000000e+00 2.955840455840455863e-02 4.739583333333333148e-01 1.424501424501424529e-02 7.745726495726495964e-03
0.000000000000000000e+00 2.759971509971510112e-02 4.814369658119658224e-01 1.282051282051282007e-02 8.279914529914529989e-03
0.000000000000000000e+00 2.733262108262108150e-02 4.890491452991452825e-01 1.193019943019943060e-02 8.012820512820512109e-03
0.000000000000000000e+00 2.599715099715099731e-02 4.958600427350427498e-01 1.246438746438746463e-02 9.348290598290598039e-03
0.000000000000000000e+00 2.368233618233618262e-02 5.049412393162393542e-01 1.068376068376068397e-02 9.348290598290598039e-03
0.000000000000000000e+00 2.412749287749287735e-02 5.126869658119658224e-01 1.477920227920227932e-02 8.279914529914529989e-03
0.000000000000000000e+00 2.323717948717948789e-02 5.201655982905982745e-01 1.121794871794871799e-02 8.814102564102564014e-03
0.000000000000000000e+00 2.207977207977207881e-02 5.289797008547008073e-01 1.246438746438746463e-02 9.348290598290598039e-03
0.000000000000000000e+00 2.181267806267806267e-02 5.364583333333333703e-01 1.549145299145299193e-02 8.279914529914529989e-03
0.000000000000000000e+00 4.727564102564102422e-02 5.182959401709401615e-01 6.944444444444444059e-03 1.522435897435897405e-02
0.000000000000000000e+00 7.870370370370370627e-02 5.161591880341880323e-01 7.122507122507122646e-03 1.629273504273504383e-02
0.000000000000000000e+00 9.561965811965811302e-02 4.969284188034188143e-01 6.766381766381766340e-03 1.469017094017094002e-02
0.000000000000000000e+00 1.038995726495726551e-01 4.947916666666666852e-01 6.944444444444444059e-03 1.842948717948717993e-02
0.000000000000000000e+00 1.014957264957264960e-01 5.122863247863247427e-01 6.766381766381766340e-03 1.335470085470085409e-02
0.000000000000000000e+00 9.241452991452991927e-02 4.519230769230769273e-01 6.410256410256410034e-03 1.335470085470085409e-02
0.000000000000000000e+00 1.316773504273504314e-01 4.500534188034188143e-01 1.371082621082621127e-02 9.081196581196581893e-03
0.000000000000000000e+00 1.650641025641025605e-01 4.638087606837607013e-01 4.273504273504273934e-03 1.415598290598290600e-02
0.000000000000000000e+00 1.558048433048433157e-01 5.272435897435897578e-01 6.766381766381766340e-03 2.029914529914529989e-02
0.000000000000000000e+00 1.529558404558404583e-01 5.462072649572649041e-01 6.766381766381766340e-03 1.655982905982905998e-02
0.000000000000000000e+00 1.067485754985754987e-01 5.430021367521367104e-01 5.876068376068376009e-03 1.709401709401709574e-02
0.000000000000000000e+00 8.796296296296296502e-02 5.499465811965812412e-01 6.054131054131053728e-03 1.495726495726495790e-02
0.000000000000000000e+00 8.084045584045583543e-02 5.512820512820513219e-01 6.410256410256410034e-03 1.442307692307692388e-02
0.000000000000000000e+00 7.353988603988603767e-02 5.494123931623932089e-01 7.478632478632478951e-03 1.762820512820512803e-02
0.000000000000000000e+00 3.445512820512820762e-02 5.564903846153845812e-01 6.944444444444444059e-03 1.842948717948717993e-02
0.000000000000000000e+00 4.246794871794871973e-02 5.546207264957264682e-01 6.588319088319088621e-03 1.362179487179487197e-02
0.000000000000000000e+00 5.760327635327635448e-02 5.532852564102563875e-01 7.300569800569800365e-03 1.682692307692307612e-02
0.000000000000000000e+00 1.488603988603988681e-01 6.155181623931623713e-01 4.985754985754985678e-03 1.575854700854700807e-02
0.000000000000000000e+00 1.472578347578347713e-01 6.347489316239316448e-01 5.698005698005698290e-03 1.789529914529914417e-02
0.000000000000000000e+00 1.973824786324786251e-01 7.102029914529914834e-01 1.442307692307692388e-02 1.014957264957264994e-02
0.000000000000000000e+00 1.210826210826210746e-02 8.704594017094017255e-01 9.615384615384615918e-03 1.762820512820512803e-02
0.000000000000000000e+00 1.976495726495726413e-02 8.721955128205127750e-01 9.971509971509971357e-03 2.270299145299145213e-02
0.000000000000000000e+00 2.857905982905982814e-02 8.684561965811965489e-01 7.656695156695156670e-03 1.736111111111111188e-02
0.000000000000000000e+00 9.882478632478632063e-03 9.250801282051281937e-01 1.762820512820512803e-02 1.736111111111111188e-02
0.000000000000000000e+00 3.044871794871794810e-02 9.109241452991453381e-01 1.103988603988603941e-02 1.201923076923076990e-02
0.000000000000000000e+00 2.938034188034188005e-02 9.332264957264957417e-01 7.834757834757835257e-03 1.121794871794871799e-02
0.000000000000000000e+00 3.739316239316239476e-03 9.929220085470085166e-01 6.766381766381766340e-03 1.255341880341880392e-02
0.000000000000000000e+00 1.693376068376068466e-01 8.982371794871795156e-01 1.816239316239316379e-02 1.121794871794871799e-02
0.000000000000000000e+00 3.863960113960113740e-01 8.904914529914529364e-01 1.353276353276353268e-02 1.068376068376068397e-02
0.000000000000000000e+00 3.636039886039886260e-01 9.202724358974359031e-01 7.478632478632478951e-03 2.644230769230769204e-02
0.000000000000000000e+00 4.017094017094017255e-01 7.036591880341880323e-01 9.259259259259258745e-03 1.469017094017094002e-02
0.000000000000000000e+00 4.457799145299145560e-01 7.585470085470085166e-01 1.442307692307692388e-02 1.121794871794871799e-02
0.000000000000000000e+00 4.851317663817663606e-01 7.577457264957264682e-01 1.335470085470085409e-02 9.081196581196581893e-03
0.000000000000000000e+00 4.211182336182336394e-01 5.432692307692307265e-01 1.388888888888888812e-02 1.175213675213675202e-02
0.000000000000000000e+00 4.237001424501424252e-01 5.510149572649573058e-01 1.264245014245014322e-02 1.014957264957264994e-02
0.000000000000000000e+00 4.272613960113960108e-01 5.587606837606837740e-01 1.299857549857549865e-02 1.175213675213675202e-02
0.000000000000000000e+00 4.293981481481481399e-01 5.686431623931623713e-01 1.406695156695156670e-02 1.014957264957264994e-02
0.000000000000000000e+00 3.981481481481481399e-01 4.671474358974359031e-01 1.139601139601139658e-02 1.121794871794871799e-02
0.000000000000000000e+00 3.992165242165242045e-01 4.755608974358974117e-01 1.103988603988603941e-02 9.882478632478632063e-03
0.000000000000000000e+00 4.046474358974359031e-01 4.885149572649572502e-01 1.335470085470085409e-02 1.068376068376068397e-02
0.000000000000000000e+00 4.064280626780626959e-01 4.957264957264957417e-01 1.228632478632478604e-02 1.121794871794871799e-02
0.000000000000000000e+00 2.210648148148148251e-01 4.719551282051281937e-01 1.371082621082621127e-02 1.228632478632478604e-02
0.000000000000000000e+00 2.462606837606837740e-01 4.951923076923077094e-01 6.766381766381766340e-03 1.388888888888888812e-02
0.000000000000000000e+00 2.443019943019943130e-01 5.108173076923077094e-01 7.122507122507122646e-03 1.308760683760683795e-02
0.000000000000000000e+00 2.504451566951567121e-01 4.595352564102563875e-01 6.232193732193732315e-03 1.362179487179487197e-02
0.000000000000000000e+00 2.525819088319088412e-01 5.101495726495726135e-01 5.876068376068376009e-03 1.335470085470085409e-02
0.000000000000000000e+00 2.539173789173789220e-01 4.957264957264957417e-01 6.766381766381766340e-03 1.495726495726495790e-02
0.000000000000000000e+00 2.597044159544159569e-01 5.110844017094017255e-01 6.944444444444444059e-03 1.469017094017094002e-02
0.000000000000000000e+00 2.610398860398860377e-01 4.955929487179487336e-01 6.410256410256410034e-03 1.629273504273504383e-02
0.000000000000000000e+00 2.689636752136752018e-01 4.942574786324786529e-01 6.588319088319088621e-03 1.469017094017094002e-02
0.000000000000000000e+00 2.673611111111111049e-01 5.104166666666666297e-01 6.232193732193732315e-03 1.228632478632478604e-02
0.000000000000000000e+00 2.773326210826210780e-01 4.945245726495726690e-01 6.588319088319088621e-03 1.469017094017094002e-02
0.000000000000000000e+00 2.911324786324786529e-01 4.941239316239316448e-01 5.698005698005698290e-03 1.442307692307692388e-02
0.000000000000000000e+00 2.574786324786324521e-01 4.606036324786324521e-01 6.410256410256410034e-03 1.575854700854700807e-02
0.000000000000000000e+00 2.644230769230769273e-01 4.611378205128205399e-01 6.054131054131053728e-03 1.469017094017094002e-02
0.000000000000000000e+00 2.670049857549857686e-01 4.448450854700854440e-01 6.944444444444444059e-03 1.682692307692307612e-02
0.000000000000000000e+00 2.792913105413105668e-01 4.608707264957264682e-01 5.519943019943019703e-03 1.522435897435897405e-02
0.000000000000000000e+00 2.942485754985754709e-01 4.595352564102563875e-01 6.944444444444444059e-03 1.469017094017094002e-02
0.000000000000000000e+00 2.938034188034188143e-01 3.588408119658119677e-01 6.054131054131053728e-03 1.469017094017094002e-02
0.000000000000000000e+00 3.018162393162392987e-01 3.595085470085470081e-01 6.054131054131053728e-03 1.602564102564102422e-02
0.000000000000000000e+00 2.777777777777777901e-01 3.975694444444444198e-01 6.410256410256410034e-03 1.522435897435897405e-02
0.000000000000000000e+00 2.930911680911680861e-01 3.983707264957264682e-01 6.054131054131053728e-03 1.469017094017094002e-02
0.000000000000000000e+00 2.918447293447293256e-01 4.125267094017093794e-01 4.985754985754985678e-03 1.255341880341880392e-02
0.000000000000000000e+00 2.769764957264957417e-01 4.119925213675213471e-01 5.876068376068376009e-03 1.255341880341880392e-02
0.000000000000000000e+00 2.691417378917378977e-01 4.111912393162392987e-01 6.232193732193732315e-03 1.522435897435897405e-02
0.000000000000000000e+00 2.886396011396011319e-01 2.833867521367521292e-01 1.139601139601139658e-02 8.547008547008547868e-03
0.000000000000000000e+00 2.003205128205128305e-01 2.394497863247863345e-01 6.766381766381766340e-03 1.255341880341880392e-02
0.000000000000000000e+00 2.181267806267806197e-01 3.006143162393162260e-01 1.103988603988603941e-02 9.348290598290598039e-03
0.000000000000000000e+00 2.152777777777777901e-01 1.559829059829059839e-01 5.341880341880341984e-03 1.175213675213675202e-02
0.000000000000000000e+00 2.333511396011395955e-01 1.570512820512820484e-01 5.163817663817663398e-03 1.121794871794871799e-02
0.000000000000000000e+00 2.305021367521367659e-01 1.844284188034188143e-01 5.519943019943019703e-03 1.201923076923076990e-02
0.000000000000000000e+00 2.683404558404558493e-01 1.081730769230769204e-02 1.032763532763532680e-02 8.814102564102564014e-03
0.000000000000000000e+00 1.938212250712250673e-01 5.542200854700854440e-02 1.549145299145299193e-02 1.095085470085470011e-02
0.000000000000000000e+00 3.620904558404558493e-01 1.221955128205128166e-01 6.588319088319088621e-03 1.201923076923076990e-02
0.000000000000000000e+00 3.666310541310541238e-01 1.456997863247863345e-01 5.698005698005698290e-03 1.201923076923076990e-02
0.000000000000000000e+00 3.701923076923077094e-01 1.710737179487179516e-01 5.698005698005698290e-03 9.882478632478632063e-03
0.000000000000000000e+00 3.721509971509971426e-01 1.856303418803418870e-01 5.698005698005698290e-03 1.175213675213675202e-02
0.000000000000000000e+00 3.771367521367521292e-01 2.255608974358974395e-01 6.410256410256410034e-03 1.308760683760683795e-02
0.000000000000000000e+00 3.801638176638176825e-01 2.389155982905983022e-01 6.054131054131053728e-03 1.201923076923076990e-02
0.000000000000000000e+00 3.851495726495726690e-01 2.610844017094017255e-01 7.122507122507122646e-03 1.308760683760683795e-02
0.000000000000000000e+00 3.890669515669515910e-01 2.755074786324786529e-01 6.766381766381766340e-03 1.148504273504273587e-02
0.000000000000000000e+00 3.978810541310541238e-01 3.022168803418803229e-01 7.656695156695156670e-03 1.362179487179487197e-02
0.000000000000000000e+00 4.285078347578347713e-01 2.988782051282051211e-01 1.121794871794871799e-02 9.615384615384615918e-03
0.000000000000000000e+00 4.022435897435897578e-01 3.153044871794871695e-01 8.903133903133903307e-03 1.308760683760683795e-02
0.000000000000000000e+00 4.066061253561253364e-01 3.293269230769230727e-01 8.368945868945869282e-03 1.442307692307692388e-02
0.000000000000000000e+00 4.330484330484330457e-01 3.111645299145299193e-01 1.032763532763532680e-02 8.547008547008547868e-03
0.000000000000000000e+00 4.350071225071225345e-01 3.173076923076922906e-01 1.068376068376068397e-02 8.547008547008547868e-03
0.000000000000000000e+00 4.445334757834757955e-01 3.428151709401709435e-01 1.014957264957264994e-02 9.348290598290598039e-03
0.000000000000000000e+00 4.556623931623931534e-01 3.791399572649572502e-01 1.210826210826210746e-02 1.095085470085470011e-02
0.000000000000000000e+00 4.589565527065527228e-01 3.863514957264957417e-01 1.086182336182336255e-02 8.814102564102564014e-03
0.000000000000000000e+00 4.616274928774928843e-01 3.932959401709401615e-01 1.157407407407407343e-02 1.041666666666666609e-02
0.000000000000000000e+00 4.673254985754985991e-01 4.054487179487179516e-01 1.193019943019943060e-02 1.121794871794871799e-02
0.000000000000000000e+00 4.692841880341880323e-01 4.115918803418803229e-01 1.121794871794871799e-02 1.121794871794871799e-02
0.000000000000000000e+00 4.715099715099715372e-01 4.182692307692307820e-01 1.139601139601139658e-02 1.175213675213675202e-02
0.000000000000000000e+00 4.764066951566951480e-01 4.336271367521367659e-01 1.299857549857549865e-02 1.415598290598290600e-02
0.000000000000000000e+00 4.852207977207977363e-01 4.598023504273504036e-01 1.210826210826210746e-02 1.148504273504273587e-02
0.000000000000000000e+00 4.893162393162392987e-01 4.668803418803418870e-01 1.175213675213675202e-02 1.014957264957264994e-02
0.000000000000000000e+00 4.916310541310541238e-01 4.742254273504273310e-01 1.246438746438746463e-02 1.148504273504273587e-02
0.000000000000000000e+00 4.935897435897436125e-01 4.814369658119658224e-01 1.424501424501424529e-02 1.041666666666666609e-02
0.000000000000000000e+00 5.081018518518518601e-01 5.587606837606837740e-01 9.081196581196581893e-03 1.549145299145299193e-02
0.000000000000000000e+00 5.267094017094017255e-01 6.179220085470085166e-01 8.903133903133903307e-03 1.736111111111111188e-02
0.000000000000000000e+00 5.319622507122506727e-01 6.363514957264957417e-01 9.081196581196581893e-03 1.682692307692307612e-02
0.000000000000000000e+00 5.381944444444444198e-01 6.523771367521367104e-01 8.725071225071224720e-03 1.575854700854700807e-02
0.000000000000000000e+00 5.958867521367521292e-01 7.180822649572649041e-01 1.584757834757834910e-02 1.255341880341880392e-02
0.000000000000000000e+00 6.161858974358974672e-01 7.139423076923077094e-01 1.264245014245014322e-02 1.014957264957264994e-02
0.000000000000000000e+00 6.363069800569800538e-01 7.118055555555555802e-01 1.549145299145299193e-02 1.175213675213675202e-02
0.000000000000000000e+00 6.143162393162393542e-01 6.615918803418803229e-01 8.190883190883190695e-03 8.547008547008547868e-03
0.000000000000000000e+00 6.590099715099715372e-01 6.521100427350426942e-01 8.903133903133903307e-03 1.629273504273504383e-02
0.000000000000000000e+00 6.374643874643874941e-01 6.185897435897436125e-01 7.478632478632478951e-03 1.549145299145299193e-02
0.000000000000000000e+00 6.575854700854700807e-01 6.141826923076922906e-01 9.615384615384615918e-03 1.736111111111111188e-02
0.000000000000000000e+00 6.869658119658119677e-01 6.041666666666666297e-01 1.032763532763532680e-02 1.923076923076923184e-02
0.000000000000000000e+00 6.934650997150997309e-01 6.446314102564102422e-01 6.944444444444444059e-03 1.522435897435897405e-02
0.000000000000000000e+00 7.004985754985755264e-01 6.001602564102563875e-01 9.259259259259258745e-03 1.869658119658119608e-02
0.000000000000000000e+00 7.151887464387464144e-01 5.961538461538461453e-01 8.725071225071224720e-03 1.602564102564102422e-02
0.000000000000000000e+00 7.297008547008546619e-01 5.922809829059828557e-01 8.547008547008547868e-03 1.736111111111111188e-02
0.000000000000000000e+00 7.376246438746438816e-01 5.913461538461538547e-01 8.012820512820512109e-03 1.549145299145299193e-02
0.000000000000000000e+00 7.443910256410256610e-01 5.896100427350426942e-01 8.012820512820512109e-03 1.575854700854700807e-02
0.000000000000000000e+00 7.513354700854700807e-01 5.884081196581196771e-01 7.656695156695156670e-03 1.549145299145299193e-02
0.000000000000000000e+00 7.576566951566952035e-01 5.857371794871795156e-01 7.834757834757835257e-03 1.442307692307692388e-02
0.000000000000000000e+00 7.813390313390313757e-01 5.857371794871795156e-01 8.190883190883190695e-03 1.495726495726495790e-02
0.000000000000000000e+00 7.628205128205127750e-01 6.252670940170940161e-01 7.122507122507122646e-03 1.175213675213675202e-02
0.000000000000000000e+00 7.784009971509971981e-01 6.263354700854700807e-01 8.725071225071224720e-03 1.923076923076923184e-02
0.000000000000000000e+00 7.907763532763533165e-01 6.228632478632478708e-01 9.615384615384615918e-03 1.816239316239316379e-02
0.000000000000000000e+00 8.126780626780626404e-01 6.201923076923077094e-01 8.903133903133903307e-03 1.709401709401709574e-02
0.000000000000000000e+00 8.430377492877493273e-01 6.211271367521367104e-01 6.944444444444444059e-03 1.522435897435897405e-02
0.000000000000000000e+00 8.797186609686609149e-01 5.874732905982905651e-01 1.228632478632478604e-02 9.348290598290598039e-03
0.000000000000000000e+00 7.407407407407406996e-01 8.613782051282051766e-01 1.388888888888888812e-02 1.602564102564102422e-02
0.000000000000000000e+00 7.497329059829059839e-01 8.579059829059828557e-01 1.513532763532763475e-02 1.602564102564102422e-02
0.000000000000000000e+00 8.503383190883191389e-01 9.075854700854700807e-01 8.725071225071224720e-03 1.923076923076923184e-02
0.000000000000000000e+00 9.266381766381766028e-01 9.921207264957264682e-01 1.317663817663817724e-02 1.255341880341880392e-02
0.000000000000000000e+00 5.780804843304843121e-01 4.131944444444444198e-01 1.299857549857549865e-02 2.190170940170940023e-02
0.000000000000000000e+00 5.980235042735042583e-01 4.221420940170940161e-01 1.335470085470085409e-02 9.882478632478632063e-03
0.000000000000000000e+00 6.524216524216523982e-01 4.419070512820512664e-01 1.210826210826210746e-02 9.882478632478632063e-03
0.000000000000000000e+00 7.021901709401708880e-01 4.393696581196581130e-01 1.371082621082621127e-02 9.615384615384615918e-03
0.000000000000000000e+00 7.351317663817663606e-01 4.341613247863247982e-01 1.014957264957264994e-02 9.882478632478632063e-03
0.000000000000000000e+00 7.527599715099715372e-01 4.317574786324786529e-01 1.299857549857549865e-02 9.882478632478632063e-03
0.000000000000000000e+00 7.120726495726495964e-01 4.557959401709401615e-01 6.410256410256410034e-03 1.308760683760683795e-02
0.000000000000000000e+00 7.193732193732194080e-01 4.547275641025640969e-01 6.766381766381766340e-03 1.255341880341880392e-02
0.000000000000000000e+00 7.258725071225071712e-01 4.543269230769230727e-01 6.232193732193732315e-03 1.175213675213675202e-02
0.000000000000000000e+00 7.404736467236466835e-01 4.520566239316239354e-01 7.656695156695156670e-03 1.148504273504273587e-02
0.000000000000000000e+00 7.609508547008546619e-01 4.505876068376068466e-01 6.588319088319088621e-03 1.014957264957264994e-02
0.000000000000000000e+00 7.749287749287748772e-01 4.493856837606837740e-01 6.054131054131053728e-03 8.814102564102564014e-03
0.000000000000000000e+00 8.814992877492877632e-01 4.918536324786324521e-01 6.944444444444444059e-03 1.575854700854700807e-02
0.000000000000000000e+00 9.229878917378917524e-01 5.032051282051281937e-01 1.620370370370370280e-02 1.228632478632478604e-02
0.000000000000000000e+00 9.287749287749287319e-01 4.158653846153846367e-01 1.032763532763532680e-02 9.081196581196581893e-03
0.000000000000000000e+00 9.613603988603988126e-01 4.206730769230769273e-01 1.032763532763532680e-02 8.012820512820512109e-03
0.000000000000000000e+00 3.807870370370370350e-01 2.884615384615384776e-02 5.163817663817663398e-03 8.547008547008547868e-03
0.000000000000000000e+00 3.977920227920228036e-01 2.964743589743589619e-02 5.341880341880341984e-03 9.615384615384615918e-03
0.000000000000000000e+00 4.034900284900284628e-01 2.991452991452991581e-02 4.985754985754985678e-03 9.081196581196581893e-03
0.000000000000000000e+00 4.090099715099715372e-01 2.964743589743589619e-02 5.341880341880341984e-03 1.388888888888888812e-02
0.000000000000000000e+00 4.027777777777777901e-01 5.301816239316239215e-02 6.054131054131053728e-03 1.041666666666666609e-02
0.000000000000000000e+00 4.198717948717948789e-01 3.151709401709401615e-02 4.629629629629629373e-03 9.615384615384615918e-03
0.000000000000000000e+00 4.268162393162392987e-01 3.071581196581196424e-02 4.985754985754985678e-03 1.014957264957264994e-02
0.000000000000000000e+00 4.468482905982906206e-01 2.163461538461538408e-02 8.012820512820512109e-03 1.068376068376068397e-02
0.000000000000000000e+00 4.541488603988603767e-01 1.095085470085470011e-02 8.012820512820512109e-03 1.228632478632478604e-02
0.000000000000000000e+00 4.598468660968660915e-01 3.872863247863247982e-03 5.876068376068376009e-03 6.677350427350427046e-03
0.000000000000000000e+00 4.208511396011396233e-01 7.572115384615384082e-02 9.793447293447292770e-03 9.348290598290598039e-03
0.000000000000000000e+00 8.689458689458688934e-01 1.618589743589743668e-01 5.341880341880341984e-03 9.615384615384615918e-03
0.000000000000000000e+00 8.749109686609686243e-01 1.630608974358974395e-01 5.876068376068376009e-03 1.041666666666666609e-02
0.000000000000000000e+00 8.822115384615384359e-01 1.625267094017094072e-01 5.876068376068376009e-03 1.095085470085470011e-02
0.000000000000000000e+00 9.505876068376067911e-01 1.826923076923076816e-01 8.368945868945869282e-03 8.012820512820512109e-03
0.000000000000000000e+00 9.529024216524216717e-01 1.638621794871794879e-01 5.163817663817663398e-03 1.201923076923076990e-02
0.000000000000000000e+00 9.590455840455840431e-01 1.633279914529914556e-01 5.698005698005698290e-03 1.148504273504273587e-02
0.000000000000000000e+00 9.646545584045583821e-01 1.625267094017094072e-01 6.232193732193732315e-03 1.201923076923076990e-02
0.000000000000000000e+00 9.720441595441595695e-01 1.613247863247863345e-01 6.410256410256410034e-03 1.121794871794871799e-02
0.000000000000000000e+00 9.871794871794872250e-01 1.614583333333333426e-01 5.698005698005698290e-03 1.095085470085470011e-02
0.000000000000000000e+00 7.117165242165242045e-01 1.642628205128205121e-01 5.698005698005698290e-03 1.228632478632478604e-02
0.000000000000000000e+00 7.179487179487179516e-01 1.638621794871794879e-01 5.341880341880341984e-03 1.148504273504273587e-02
0.000000000000000000e+00 7.248931623931623713e-01 1.635950854700854717e-01 5.341880341880341984e-03 1.522435897435897405e-02
0.000000000000000000e+00 7.323717948717948234e-01 1.634615384615384637e-01 5.341880341880341984e-03 1.282051282051282007e-02
0.000000000000000000e+00 7.394943019943019946e-01 1.633279914529914556e-01 6.054131054131053728e-03 1.148504273504273587e-02
0.000000000000000000e+00 7.460826210826211335e-01 1.638621794871794879e-01 5.341880341880341984e-03 1.148504273504273587e-02
0.000000000000000000e+00 6.704059829059828557e-01 1.646634615384615363e-01 6.054131054131053728e-03 1.148504273504273587e-02
0.000000000000000000e+00 6.828703703703703498e-01 1.663995726495726413e-01 5.341880341880341984e-03 1.228632478632478604e-02
0.000000000000000000e+00 6.087962962962962798e-01 1.657318376068376009e-01 4.985754985754985678e-03 1.041666666666666609e-02
0.000000000000000000e+00 5.963319088319087857e-01 1.653311965811965767e-01 4.985754985754985678e-03 1.175213675213675202e-02
0.000000000000000000e+00 5.551103988603988126e-01 1.673344017094016978e-01 5.519943019943019703e-03 1.469017094017094002e-02
0.000000000000000000e+00 5.280448717948718063e-01 1.665331196581196493e-01 4.451566951566951653e-03 1.201923076923076990e-02
0.000000000000000000e+00 5.342770655270655533e-01 1.672008547008546897e-01 5.519943019943019703e-03 1.495726495726495790e-02
0.000000000000000000e+00 5.410434472934473327e-01 1.665331196581196493e-01 5.163817663817663398e-03 1.255341880341880392e-02
0.000000000000000000e+00 5.484330484330484090e-01 1.655982905982905928e-01 5.698005698005698290e-03 1.282051282051282007e-02
0.000000000000000000e+00 4.983974358974359031e-01 2.745726495726495964e-01 7.478632478632478951e-03 9.615384615384615918e-03
0.000000000000000000e+00 5.045405982905982745e-01 2.903311965811966044e-01 8.725071225071224720e-03 9.615384615384615918e-03
0.000000000000000000e+00 5.304487179487179516e-01 2.901976495726495964e-01 9.971509971509971357e-03 1.415598290598290600e-02
0.000000000000000000e+00 5.334757834757835049e-01 3.008814102564102422e-01 8.547008547008547868e-03 1.308760683760683795e-02
0.000000000000000000e+00 5.134437321937321830e-01 3.145032051282051211e-01 8.012820512820512109e-03 9.348290598290598039e-03
0.000000000000000000e+00 8.674323361823361722e-01 1.268696581196581200e-02 5.519943019943019703e-03 9.348290598290598039e-03
0.000000000000000000e+00 8.738425925925925597e-01 1.402243589743589793e-02 5.163817663817663398e-03 9.348290598290598039e-03
0.000000000000000000e+00 8.933404558404558493e-01 1.388888888888888812e-02 5.341880341880341984e-03 9.615384615384615918e-03
0.000000000000000000e+00 8.996616809116808611e-01 1.362179487179487197e-02 5.876068376068376009e-03 1.068376068376068397e-02
0.000000000000000000e+00 9.054487179487179516e-01 1.308760683760683795e-02 5.698005698005698290e-03 1.068376068376068397e-02
0.000000000000000000e+00 6.858084045584045274e-01 1.589209401709401615e-02 4.095441595441595348e-03 8.279914529914529989e-03
0.000000000000000000e+00 6.920405982905982745e-01 1.535790598290598212e-02 4.451566951566951653e-03 9.348290598290598039e-03
0.000000000000000000e+00 6.979166666666666297e-01 1.615918803418803576e-02 4.807692307692307959e-03 9.348290598290598039e-03
0.000000000000000000e+00 7.237357549857549310e-01 1.522435897435897405e-02 5.519943019943019703e-03 9.615384615384615918e-03
