0.000000000000000000e+00 5.235042735042735179e-02 1.535790598290598212e-02 5.341880341880341984e-03 1.308760683760683795e-02
0.000000000000000000e+00 4.967948717948717646e-02 4.420405982905983161e-02 6.766381766381766340e-03 1.896367521367521222e-02
0.000000000000000000e+00 4.683048433048433296e-02 8.827457264957265515e-02 6.766381766381766340e-03 1.522435897435897405e-02
0.000000000000000000e+00 4.656339031339031681e-02 1.034989316239316171e-01 6.232193732193732315e-03 1.308760683760683795e-02
0.000000000000000000e+00 4.389245014245014148e-02 1.367521367521367659e-01 6.588319088319088621e-03 1.388888888888888812e-02
0.000000000000000000e+00 4.496082621082621300e-02 1.233974358974359031e-01 5.519943019943019703e-03 1.121794871794871799e-02
0.000000000000000000e+00 1.575854700854700807e-02 6.610576923076923184e-02 9.081196581196581893e-03 4.006410256410256054e-03
0.000000000000000000e+00 5.208333333333333565e-02 2.777777777777777624e-02 4.807692307692307959e-03 1.068376068376068397e-02
0.000000000000000000e+00 4.798789173789173856e-02 7.385149572649572780e-02 3.739316239316239476e-03 1.095085470085470011e-02
0.000000000000000000e+00 2.670940170940170992e-03 1.680021367521367659e-01 4.985754985754985678e-03 1.175213675213675202e-02
0.000000000000000000e+00 8.146367521367521569e-02 1.702724358974359031e-01 9.081196581196581893e-03 1.575854700854700807e-02
0.000000000000000000e+00 1.254451566951566843e-01 1.836271367521367659e-01 1.121794871794871799e-02 1.201923076923076990e-02
0.000000000000000000e+00 1.744123931623931534e-01 1.842948717948718063e-01 1.549145299145299193e-02 1.121794871794871799e-02
0.000000000000000000e+00 2.338853276353276278e-01 5.208333333333333044e-03 1.228632478632478604e-02 8.279914529914529989e-03
0.000000000000000000e+00 2.332621082621082753e-01 1.348824786324786390e-02 8.547008547008547868e-03 7.211538461538461939e-03
0.000000000000000000e+00 2.324608262108261991e-01 2.777777777777777624e-02 6.232193732193732315e-03 5.876068376068376009e-03
0.000000000000000000e+00 2.327279202279202153e-01 3.405448717948717646e-02 5.341880341880341984e-03 8.279914529914529989e-03
0.000000000000000000e+00 2.336182336182336117e-01 4.353632478632478431e-02 7.478632478632478951e-03 9.081196581196581893e-03
0.000000000000000000e+00 2.386039886039885982e-01 4.861111111111111188e-02 1.032763532763532680e-02 8.012820512820512109e-03
0.000000000000000000e+00 3.252314814814814548e-01 2.016559829059829181e-02 6.944444444444444059e-03 1.201923076923076990e-02
0.000000000000000000e+00 3.151709401709401615e-01 1.111111111111111049e-01 4.985754985754985678e-03 1.014957264957264994e-02
0.000000000000000000e+00 3.173967236467236663e-01 1.330128205128205121e-01 5.876068376068376009e-03 9.615384615384615918e-03
0.000000000000000000e+00 2.854344729344729381e-01 1.673344017094016978e-01 5.341880341880341984e-03 9.882478632478632063e-03
0.000000000000000000e+00 2.730591168091168197e-01 2.222222222222222099e-01 1.014957264957264994e-02 8.547008547008547868e-03
0.000000000000000000e+00 5.267094017094017255e-01 7.852564102564102422e-02 6.054131054131053728e-03 1.068376068376068397e-02
0.000000000000000000e+00 5.227029914529914834e-01 1.830929487179487059e-01 1.193019943019943060e-02 9.882478632478632063e-03
0.000000000000000000e+00 5.873397435897436125e-01 1.418269230769230727e-01 8.368945868945869282e-03 8.547008547008547868e-03
0.000000000000000000e+00 4.497863247863247982e-01 2.019230769230769273e-01 9.615384615384615918e-03 6.410256410256410034e-03
0.000000000000000000e+00 4.812143874643874386e-01 2.172809829059829112e-01 8.368945868945869282e-03 1.575854700854700807e-02
0.000000000000000000e+00 6.653311965811965489e-01 1.315438034188034233e-01 1.264245014245014322e-02 9.348290598290598039e-03
0.000000000000000000e+00 7.448361823361823175e-01 1.264690170940170888e-01 7.478632478632478951e-03 1.469017094017094002e-02
0.000000000000000000e+00 7.865918803418803229e-01 1.555822649572649596e-01 1.335470085470085409e-02 1.148504273504273587e-02
0.000000000000000000e+00 8.623575498575498655e-01 1.825587606837606736e-01 1.068376068376068397e-02 1.095085470085470011e-02
0.000000000000000000e+00 8.831908831908832358e-01 1.876335470085470081e-01 1.103988603988603941e-02 1.095085470085470011e-02
0.000000000000000000e+00 9.058048433048433434e-01 1.909722222222222099e-01 1.780626780626780661e-02 1.655982905982905998e-02
0.000000000000000000e+00 9.394586894586894887e-01 2.013888888888888951e-01 1.282051282051282007e-02 1.282051282051282007e-02
0.000000000000000000e+00 9.560185185185184897e-01 2.075320512820512941e-01 1.353276353276353268e-02 1.228632478632478604e-02
0.000000000000000000e+00 9.503205128205127750e-01 1.941773504273504314e-01 1.353276353276353268e-02 1.175213675213675202e-02
0.000000000000000000e+00 8.917378917378917524e-01 9.575320512820513497e-02 6.410256410256410034e-03 1.308760683760683795e-02
0.000000000000000000e+00 8.920049857549857686e-01 1.085737179487179516e-01 6.588319088319088621e-03 1.362179487179487197e-02
0.000000000000000000e+00 1.931980056980056940e-02 2.522702991452991372e-01 6.944444444444444059e-03 1.469017094017094002e-02
0.000000000000000000e+00 1.745014245014244944e-02 2.700320512820512664e-01 7.478632478632478951e-03 1.442307692307692388e-02
0.000000000000000000e+00 1.736111111111111188e-02 2.907318376068376287e-01 6.944444444444444059e-03 1.522435897435897405e-02
0.000000000000000000e+00 1.460113960113960073e-02 3.225160256410256610e-01 7.478632478632478951e-03 1.629273504273504383e-02
0.000000000000000000e+00 3.400997150997150942e-02 2.688301282051281937e-01 4.273504273504273934e-03 1.362179487179487197e-02
0.000000000000000000e+00 3.231837606837607152e-02 3.358707264957264682e-01 5.163817663817663398e-03 1.362179487179487197e-02
0.000000000000000000e+00 1.620370370370370280e-02 3.876869658119658224e-01 7.834757834757835257e-03 1.789529914529914417e-02
0.000000000000000000e+00 4.852207977207977085e-02 3.919604700854700807e-01 7.300569800569800365e-03 1.682692307692307612e-02
0.000000000000000000e+00 5.822649572649572780e-02 3.891559829059829112e-01 7.122507122507122646e-03 1.762820512820512803e-02
0.000000000000000000e+00 7.336182336182335562e-02 3.852831196581196771e-01 6.766381766381766340e-03 1.682692307692307612e-02
0.000000000000000000e+00 2.065527065527065359e-02 4.682158119658119677e-01 6.766381766381766340e-03 1.976495726495726413e-02
0.000000000000000000e+00 1.780626780626780661e-02 5.253739316239316448e-01 6.766381766381766340e-03 1.923076923076923184e-02
0.000000000000000000e+00 1.451210826210826144e-02 5.745192307692307265e-01 8.012820512820512109e-03 2.029914529914529989e-02
0.000000000000000000e+00 1.201923076923076990e-02 6.006944444444444198e-01 1.157407407407407343e-02 3.098290598290598385e-02
0.000000000000000000e+00 9.704415954415955212e-03 6.543803418803418870e-01 8.725071225071224720e-03 2.083333333333333218e-02
0.000000000000000000e+00 8.235398860398859822e-02 6.271367521367521292e-01 1.228632478632478604e-02 1.923076923076923184e-02
0.000000000000000000e+00 9.392806267806268206e-02 6.072382478632478708e-01 1.193019943019943060e-02 1.736111111111111188e-02
0.000000000000000000e+00 1.580306267806267928e-01 5.128205128205127750e-01 1.335470085470085409e-02 1.655982905982905998e-02
0.000000000000000000e+00 1.919515669515669543e-01 5.543536324786324521e-01 1.460113960113960073e-02 1.575854700854700807e-02
0.000000000000000000e+00 2.454594017094016978e-01 3.858173076923077094e-01 1.121794871794871799e-02 1.415598290598290600e-02
0.000000000000000000e+00 2.354878917378917247e-01 4.003739316239316448e-01 1.193019943019943060e-02 1.495726495726495790e-02
0.000000000000000000e+00 2.845441595441595695e-01 3.298611111111111049e-01 1.103988603988603941e-02 1.442307692307692388e-02
0.000000000000000000e+00 3.177528490028490027e-01 2.612179487179487336e-01 8.012820512820512109e-03 1.709401709401709574e-02
0.000000000000000000e+00 3.158831908831908897e-01 2.768429487179487336e-01 6.054131054131053728e-03 1.201923076923076990e-02
0.000000000000000000e+00 3.368945868945869004e-01 2.533386752136752018e-01 6.766381766381766340e-03 1.842948717948717993e-02
0.000000000000000000e+00 1.487713675213675202e-01 7.182158119658119677e-01 1.905270655270655325e-02 2.190170940170940023e-02
0.000000000000000000e+00 1.631054131054130996e-01 6.736111111111111605e-01 1.317663817663817724e-02 1.282051282051282007e-02
0.000000000000000000e+00 2.774216524216523982e-01 6.013621794871795156e-01 1.531339031339031334e-02 1.736111111111111188e-02
0.000000000000000000e+00 3.495370370370370350e-01 6.422275641025640969e-01 1.424501424501424529e-02 1.415598290598290600e-02
0.000000000000000000e+00 3.757122507122507282e-01 6.577190170940171443e-01 1.638176638176638139e-02 1.575854700854700807e-02
0.000000000000000000e+00 3.980591168091168197e-01 6.696047008547008073e-01 1.299857549857549865e-02 1.175213675213675202e-02
0.000000000000000000e+00 3.846153846153846367e-01 6.929754273504273865e-01 1.780626780626780661e-02 1.575854700854700807e-02
0.000000000000000000e+00 3.657407407407407551e-01 6.797542735042735318e-01 1.317663817663817724e-02 1.602564102564102422e-02
0.000000000000000000e+00 4.627849002849002691e-01 7.087339743589743390e-01 1.780626780626780661e-02 1.629273504273504383e-02
0.000000000000000000e+00 4.621616809116809166e-01 7.379807692307692735e-01 1.727207977207977085e-02 1.602564102564102422e-02
0.000000000000000000e+00 5.998931623931623713e-01 7.940705128205127750e-01 1.638176638176638139e-02 1.816239316239316379e-02
0.000000000000000000e+00 5.438034188034187588e-01 8.245192307692307265e-01 1.460113960113960073e-02 2.510683760683760785e-02
0.000000000000000000e+00 5.457621082621082476e-01 9.121260683760683552e-01 1.317663817663817724e-02 2.190170940170940023e-02
0.000000000000000000e+00 5.339209401709401615e-01 9.342948717948718063e-01 1.477920227920227932e-02 2.617521367521367590e-02
0.000000000000000000e+00 5.178952991452991927e-01 9.602029914529914834e-01 1.264245014245014322e-02 2.350427350427350404e-02
0.000000000000000000e+00 6.277599715099715372e-01 7.757745726495726135e-01 1.228632478632478604e-02 1.896367521367521222e-02
0.000000000000000000e+00 6.369301994301994618e-01 8.221153846153845812e-01 1.531339031339031334e-02 1.655982905982905998e-02
0.000000000000000000e+00 6.553596866096865758e-01 8.357371794871795156e-01 1.584757834757834910e-02 1.869658119658119608e-02
0.000000000000000000e+00 6.485042735042735318e-01 8.647168803418803229e-01 1.673789173789173856e-02 1.789529914529914417e-02
0.000000000000000000e+00 6.710292022792022637e-01 8.816773504273504036e-01 1.762820512820512803e-02 1.816239316239316379e-02
0.000000000000000000e+00 6.903490028490028019e-01 8.977029914529914834e-01 1.887464387464387466e-02 1.816239316239316379e-02
0.000000000000000000e+00 7.339743589743589203e-01 8.948985042735042583e-01 1.495726495726495790e-02 1.682692307692307612e-02
0.000000000000000000e+00 7.543625356125356340e-01 9.097222222222222099e-01 1.762820512820512803e-02 1.976495726495726413e-02
0.000000000000000000e+00 7.764423076923077094e-01 9.268162393162393542e-01 1.549145299145299193e-02 1.762820512820512803e-02
0.000000000000000000e+00 7.761752136752136932e-01 9.635416666666666297e-01 1.709401709401709574e-02 1.896367521367521222e-02
0.000000000000000000e+00 7.954059829059828557e-01 9.762286324786324521e-01 1.566951566951567051e-02 1.655982905982905998e-02
0.000000000000000000e+00 8.128561253561253919e-01 9.893162393162393542e-01 1.460113960113960073e-02 1.655982905982905998e-02
0.000000000000000000e+00 8.006588319088319139e-01 9.451121794871795156e-01 1.727207977207977085e-02 1.896367521367521222e-02
0.000000000000000000e+00 8.229166666666666297e-01 9.610042735042735318e-01 2.154558404558404652e-02 2.136752136752136794e-02
0.000000000000000000e+00 4.936787749287749327e-01 5.486111111111111605e-01 8.368945868945869282e-03 1.282051282051282007e-02
0.000000000000000000e+00 5.274216524216523982e-01 5.686431623931623713e-01 1.068376068376068397e-02 1.655982905982905998e-02
0.000000000000000000e+00 5.418447293447293811e-01 5.807959401709401615e-01 7.834757834757835257e-03 1.095085470085470011e-02
0.000000000000000000e+00 5.535968660968660915e-01 5.886752136752136932e-01 8.547008547008547868e-03 1.282051282051282007e-02
0.000000000000000000e+00 5.817307692307692735e-01 6.057692307692307265e-01 1.032763532763532680e-02 1.388888888888888812e-02
0.000000000000000000e+00 5.905448717948718063e-01 6.125801282051281937e-01 9.793447293447292770e-03 1.415598290598290600e-02
0.000000000000000000e+00 6.161858974358974672e-01 6.287393162393162260e-01 1.086182336182336255e-02 1.602564102564102422e-02
0.000000000000000000e+00 6.285612535612535856e-01 6.368856837606837740e-01 9.259259259259258745e-03 1.308760683760683795e-02
0.000000000000000000e+00 6.382656695156695426e-01 6.434294871794872250e-01 9.793447293447292770e-03 1.388888888888888812e-02
0.000000000000000000e+00 6.498397435897436125e-01 6.517094017094017255e-01 1.086182336182336255e-02 1.602564102564102422e-02
0.000000000000000000e+00 7.213319088319087857e-01 7.103365384615384359e-01 1.139601139601139658e-02 2.003205128205128374e-02
0.000000000000000000e+00 9.582443019943019946e-01 6.557158119658119677e-01 1.442307692307692388e-02 1.335470085470085409e-02
0.000000000000000000e+00 9.681267806267805920e-01 6.266025641025640969e-01 1.388888888888888812e-02 1.976495726495726413e-02
0.000000000000000000e+00 9.469373219373219408e-01 6.721420940170940161e-01 1.709401709401709574e-02 1.575854700854700807e-02
0.000000000000000000e+00 9.516559829059828557e-01 6.821581196581196771e-01 1.727207977207977085e-02 1.495726495726495790e-02
0.000000000000000000e+00 9.727564102564102422e-01 6.862980769230768718e-01 1.317663817663817724e-02 1.255341880341880392e-02
0.000000000000000000e+00 9.967058404558404305e-01 6.171207264957264682e-01 5.519943019943019703e-03 1.522435897435897405e-02
0.000000000000000000e+00 8.585292022792022637e-01 3.816773504273504036e-01 1.193019943019943060e-02 1.602564102564102422e-02
0.000000000000000000e+00 8.973468660968660915e-01 4.507211538461538547e-01 1.157407407407407343e-02 1.789529914529914417e-02
0.000000000000000000e+00 6.480591168091167642e-01 2.605502136752136932e-01 1.335470085470085409e-02 1.201923076923076990e-02
0.000000000000000000e+00 6.544693732193732627e-01 2.672275641025640969e-01 1.157407407407407343e-02 1.415598290598290600e-02
0.000000000000000000e+00 8.468660968660968180e-01 3.047542735042735318e-01 1.103988603988603941e-02 1.762820512820512803e-02
