0.000000000000000000e+00 2.669159544159543929e-01 1.388888888888888812e-02 6.410256410256410034e-03 1.388888888888888812e-02
0.000000000000000000e+00 8.434829059829059839e-01 3.218482905982905651e-02 1.175213675213675202e-02 7.745726495726495964e-03
0.000000000000000000e+00 8.458867521367521292e-01 4.286858974358974395e-02 9.081196581196581893e-03 7.745726495726495964e-03
0.000000000000000000e+00 8.573717948717948234e-01 4.353632478632478431e-02 1.032763532763532680e-02 7.478632478632478951e-03
0.000000000000000000e+00 8.480235042735042583e-01 6.957799145299145560e-02 1.086182336182336255e-02 7.211538461538461939e-03
0.000000000000000000e+00 8.619123931623932089e-01 6.957799145299145560e-02 1.014957264957264994e-02 6.677350427350427046e-03
0.000000000000000000e+00 8.468660968660968180e-01 7.505341880341880045e-02 9.971509971509971357e-03 5.876068376068376009e-03
0.000000000000000000e+00 8.603098290598291120e-01 7.558760683760683274e-02 1.050569800569800538e-02 6.410256410256410034e-03
0.000000000000000000e+00 8.506054131054131551e-01 7.946047008547008073e-02 7.122507122507122646e-03 4.006410256410256054e-03
0.000000000000000000e+00 8.619123931623932089e-01 8.173076923076923184e-02 1.157407407407407343e-02 8.012820512820512109e-03
0.000000000000000000e+00 9.650997150997151497e-01 4.780982905982905651e-02 6.766381766381766340e-03 1.228632478632478604e-02
0.000000000000000000e+00 9.674145299145299193e-01 5.862713675213675202e-02 5.341880341880341984e-03 8.279914529914529989e-03
0.000000000000000000e+00 9.618945868945868449e-01 6.290064102564102422e-02 7.478632478632478951e-03 1.896367521367521222e-02
0.000000000000000000e+00 9.761396011396011874e-01 9.468482905982905651e-02 6.054131054131053728e-03 1.308760683760683795e-02
0.000000000000000000e+00 9.791666666666666297e-01 1.108440170940170888e-01 6.054131054131053728e-03 1.121794871794871799e-02
0.000000000000000000e+00 9.813924501424501345e-01 1.227297008547008489e-01 6.944444444444444059e-03 1.522435897435897405e-02
0.000000000000000000e+00 9.627849002849002691e-01 1.216613247863247843e-01 3.561253561253561323e-03 1.148504273504273587e-02
0.000000000000000000e+00 9.636752136752136932e-01 1.336805555555555525e-01 5.341880341880341984e-03 1.148504273504273587e-02
0.000000000000000000e+00 9.837072649572649041e-01 1.359508547008546897e-01 5.876068376068376009e-03 1.121794871794871799e-02
0.000000000000000000e+00 9.868233618233618332e-01 1.487713675213675202e-01 6.410256410256410034e-03 1.388888888888888812e-02
0.000000000000000000e+00 9.639423076923077094e-01 1.586538461538461453e-01 6.588319088319088621e-03 1.228632478632478604e-02
0.000000000000000000e+00 9.597578347578347158e-01 1.686698717948718063e-01 6.410256410256410034e-03 1.201923076923076990e-02
0.000000000000000000e+00 9.440883190883191389e-01 3.257211538461538547e-01 5.698005698005698290e-03 8.814102564102564014e-03
0.000000000000000000e+00 9.268162393162393542e-01 5.612980769230768718e-01 1.424501424501424529e-02 1.148504273504273587e-02
0.000000000000000000e+00 6.119123931623932089e-01 8.279914529914529642e-02 8.012820512820512109e-03 1.175213675213675202e-02
0.000000000000000000e+00 5.062321937321937471e-01 4.300213675213675479e-01 5.698005698005698290e-03 1.228632478632478604e-02
0.000000000000000000e+00 5.132656695156695426e-01 4.306891025641025883e-01 6.588319088319088621e-03 1.682692307692307612e-02
0.000000000000000000e+00 5.430021367521367104e-01 4.516559829059829112e-01 6.944444444444444059e-03 1.655982905982905998e-02
0.000000000000000000e+00 5.058760683760683552e-01 4.755608974358974117e-01 1.068376068376068397e-02 9.348290598290598039e-03
0.000000000000000000e+00 5.041844729344728826e-01 4.915865384615384359e-01 5.876068376068376009e-03 9.882478632478632063e-03
0.000000000000000000e+00 5.313390313390313757e-01 4.837072649572649596e-01 1.282051282051282007e-02 1.014957264957264994e-02
0.000000000000000000e+00 5.453169515669515910e-01 4.831730769230769273e-01 1.299857549857549865e-02 1.121794871794871799e-02
0.000000000000000000e+00 5.681089743589743390e-01 4.682158119658119677e-01 6.944444444444444059e-03 1.602564102564102422e-02
0.000000000000000000e+00 5.752314814814815103e-01 4.698183760683760646e-01 6.588319088319088621e-03 1.442307692307692388e-02
0.000000000000000000e+00 5.113069800569800538e-01 5.228365384615384359e-01 5.876068376068376009e-03 1.415598290598290600e-02
0.000000000000000000e+00 5.193198005698005382e-01 5.202991452991453381e-01 7.656695156695156670e-03 1.869658119658119608e-02
0.000000000000000000e+00 5.265313390313390851e-01 5.224358974358974672e-01 6.410256410256410034e-03 1.442307692307692388e-02
0.000000000000000000e+00 5.481659544159543929e-01 5.202991452991453381e-01 6.588319088319088621e-03 1.602564102564102422e-02
0.000000000000000000e+00 5.553774928774928288e-01 5.202991452991453381e-01 6.054131054131053728e-03 1.495726495726495790e-02
0.000000000000000000e+00 6.697827635327635587e-01 5.758547008547008073e-01 1.477920227920227932e-02 1.121794871794871799e-02
0.000000000000000000e+00 6.871438746438746081e-01 5.717147435897436125e-01 1.175213675213675202e-02 9.882478632478632063e-03
0.000000000000000000e+00 7.065527065527065220e-01 5.662393162393162260e-01 9.259259259259258745e-03 9.081196581196581893e-03
0.000000000000000000e+00 4.570868945868946098e-01 6.244658119658119677e-01 1.353276353276353268e-02 1.068376068376068397e-02
0.000000000000000000e+00 4.292200854700854440e-01 6.956463675213675479e-01 6.944444444444444059e-03 1.949786324786324798e-02
0.000000000000000000e+00 4.296652421652421561e-01 7.413194444444444198e-01 6.410256410256410034e-03 1.896367521367521222e-02
0.000000000000000000e+00 4.302884615384615641e-01 7.628205128205127750e-01 5.163817663817663398e-03 1.602564102564102422e-02
0.000000000000000000e+00 4.358974358974359031e-01 8.496260683760683552e-01 7.834757834757835257e-03 1.923076923076923184e-02
0.000000000000000000e+00 4.350961538461538547e-01 8.754006410256410797e-01 7.300569800569800365e-03 2.377136752136752018e-02
0.000000000000000000e+00 4.910078347578347713e-01 8.528311965811965489e-01 6.588319088319088621e-03 1.923076923076923184e-02
0.000000000000000000e+00 5.122863247863247427e-01 8.446848290598291120e-01 6.766381766381766340e-03 1.789529914529914417e-02
0.000000000000000000e+00 5.205662393162393542e-01 8.428151709401708880e-01 7.300569800569800365e-03 1.736111111111111188e-02
0.000000000000000000e+00 5.294693732193732627e-01 8.436164529914529364e-01 8.368945868945869282e-03 2.056623931623931603e-02
0.000000000000000000e+00 5.480769230769231282e-01 8.405448717948718063e-01 8.547008547008547868e-03 2.029914529914529989e-02
0.000000000000000000e+00 5.658831908831908342e-01 8.381410256410256610e-01 7.478632478632478951e-03 1.869658119658119608e-02
0.000000000000000000e+00 5.747863247863247427e-01 8.362713675213675479e-01 8.547008547008547868e-03 2.243589743589743599e-02
0.000000000000000000e+00 5.317841880341880323e-01 8.902243589743589203e-01 8.368945868945869282e-03 1.976495726495726413e-02
0.000000000000000000e+00 5.701566951566952035e-01 8.868856837606837740e-01 7.834757834757835257e-03 1.896367521367521222e-02
0.000000000000000000e+00 5.048076923076922906e-01 8.962339743589743390e-01 7.834757834757835257e-03 1.896367521367521222e-02
0.000000000000000000e+00 5.157585470085470636e-01 9.181356837606837740e-01 7.656695156695156670e-03 1.896367521367521222e-02
0.000000000000000000e+00 5.950854700854700807e-01 8.604433760683760646e-01 1.816239316239316379e-02 1.255341880341880392e-02
0.000000000000000000e+00 5.974893162393162260e-01 8.723290598290598385e-01 1.442307692307692388e-02 1.121794871794871799e-02
0.000000000000000000e+00 5.987357549857549310e-01 8.830128205128204844e-01 1.335470085470085409e-02 1.068376068376068397e-02
0.000000000000000000e+00 6.002492877492877632e-01 8.938301282051281937e-01 1.709401709401709574e-02 1.201923076923076990e-02
0.000000000000000000e+00 6.029202279202279247e-01 9.050480769230768718e-01 1.353276353276353268e-02 1.095085470085470011e-02
0.000000000000000000e+00 6.034544159544159569e-01 9.181356837606837740e-01 1.495726495726495790e-02 1.095085470085470011e-02
0.000000000000000000e+00 6.039886039886039892e-01 9.288194444444444198e-01 1.460113960113960073e-02 1.095085470085470011e-02
0.000000000000000000e+00 6.064814814814815103e-01 9.401709401709401615e-01 1.638176638176638139e-02 1.121794871794871799e-02
0.000000000000000000e+00 6.061253561253561184e-01 9.520566239316239354e-01 1.673789173789173856e-02 1.201923076923076990e-02
0.000000000000000000e+00 6.077279202279202153e-01 9.636752136752136932e-01 1.566951566951567051e-02 1.121794871794871799e-02
0.000000000000000000e+00 6.077279202279202153e-01 9.758279914529914834e-01 1.531339031339031334e-02 1.469017094017094002e-02
0.000000000000000000e+00 6.120904558404558493e-01 9.882478632478632896e-01 1.477920227920227932e-02 1.282051282051282007e-02
0.000000000000000000e+00 6.654202279202279247e-01 9.803685897435897578e-01 1.032763532763532680e-02 2.377136752136752018e-02
0.000000000000000000e+00 4.332264957264957417e-01 9.691506410256410797e-01 6.410256410256410034e-03 2.110042735042735179e-02
0.000000000000000000e+00 5.316951566951566566e-01 9.882478632478632896e-01 8.190883190883190695e-03 2.029914529914529989e-02
0.000000000000000000e+00 6.953347578347578439e-01 9.771634615384615641e-01 8.190883190883190695e-03 2.270299145299145213e-02
0.000000000000000000e+00 7.053062678062678170e-01 9.750267094017094349e-01 9.615384615384615918e-03 2.590811965811965975e-02
0.000000000000000000e+00 7.142984330484331013e-01 9.722222222222222099e-01 8.012820512820512109e-03 2.083333333333333218e-02
0.000000000000000000e+00 7.456374643874643660e-01 9.592681623931623713e-01 8.368945868945869282e-03 1.949786324786324798e-02
0.000000000000000000e+00 7.425213675213675479e-01 9.357638888888888395e-01 8.903133903133903307e-03 2.056623931623931603e-02
0.000000000000000000e+00 6.220619658119658224e-01 7.948717948717948234e-01 1.299857549857549865e-02 1.068376068376068397e-02
0.000000000000000000e+00 7.191951566951566566e-01 8.011485042735042583e-01 9.259259259259258745e-03 1.949786324786324798e-02
0.000000000000000000e+00 7.529380341880341776e-01 8.787393162393162260e-01 1.869658119658119608e-02 1.709401709401709574e-02
0.000000000000000000e+00 8.238960113960114295e-01 7.600160256410256610e-01 7.478632478632478951e-03 1.949786324786324798e-02
0.000000000000000000e+00 8.534544159544159569e-01 7.614850427350426942e-01 8.903133903133903307e-03 2.029914529914529989e-02
0.000000000000000000e+00 8.630698005698005382e-01 7.589476495726495964e-01 8.547008547008547868e-03 1.736111111111111188e-02
0.000000000000000000e+00 9.056267806267805920e-01 7.427884615384615641e-01 1.388888888888888812e-02 1.121794871794871799e-02
0.000000000000000000e+00 9.104344729344728826e-01 7.525373931623932089e-01 1.282051282051282007e-02 1.148504273504273587e-02
0.000000000000000000e+00 9.117699430199430743e-01 7.753739316239316448e-01 1.513532763532763475e-02 1.228632478632478604e-02
0.000000000000000000e+00 9.160434472934473327e-01 7.860576923076922906e-01 1.299857549857549865e-02 1.014957264957264994e-02
0.000000000000000000e+00 2.687856125356125614e-01 9.768963675213675479e-01 7.300569800569800365e-03 2.216880341880341984e-02
0.000000000000000000e+00 2.876602564102563875e-01 9.751602564102563875e-01 6.588319088319088621e-03 2.029914529914529989e-02
0.000000000000000000e+00 3.068019943019942852e-01 9.730235042735042583e-01 8.190883190883190695e-03 2.083333333333333218e-02
0.000000000000000000e+00 3.155270655270655533e-01 9.728899572649573058e-01 6.410256410256410034e-03 2.110042735042735179e-02
0.000000000000000000e+00 3.044871794871794601e-01 9.923878205128204844e-01 7.478632478632478951e-03 1.362179487179487197e-02
0.000000000000000000e+00 2.731481481481481399e-01 9.237446581196581130e-01 7.122507122507122646e-03 1.949786324786324798e-02
0.000000000000000000e+00 2.900641025641025883e-01 9.229433760683760646e-01 7.834757834757835257e-03 2.110042735042735179e-02
0.000000000000000000e+00 3.000356125356125614e-01 9.222756410256410797e-01 7.122507122507122646e-03 1.762820512820512803e-02
0.000000000000000000e+00 3.098290598290598385e-01 9.205395299145299193e-01 8.190883190883190695e-03 2.110042735042735179e-02
0.000000000000000000e+00 3.187321937321937471e-01 9.210737179487179516e-01 7.834757834757835257e-03 2.003205128205128374e-02
0.000000000000000000e+00 3.282585470085470081e-01 9.205395299145299193e-01 7.300569800569800365e-03 1.949786324786324798e-02
0.000000000000000000e+00 3.295940170940170888e-01 8.979700854700854995e-01 7.478632478632478951e-03 1.976495726495726413e-02
0.000000000000000000e+00 3.194444444444444198e-01 8.999732905982905651e-01 7.478632478632478951e-03 2.003205128205128374e-02
0.000000000000000000e+00 3.106303418803418870e-01 8.978365384615384359e-01 8.012820512820512109e-03 2.110042735042735179e-02
0.000000000000000000e+00 3.018162393162392987e-01 9.002403846153845812e-01 6.766381766381766340e-03 1.949786324786324798e-02
0.000000000000000000e+00 3.069800569800569812e-01 8.504273504273504036e-01 7.834757834757835257e-03 1.923076923076923184e-02
0.000000000000000000e+00 2.722578347578347713e-01 8.551014957264957417e-01 7.478632478632478951e-03 1.949786324786324798e-02
0.000000000000000000e+00 1.290954415954415936e-02 7.293002136752136932e-01 7.656695156695156670e-03 1.789529914529914417e-02
0.000000000000000000e+00 1.575854700854700807e-02 7.475961538461538547e-01 7.656695156695156670e-03 1.976495726495726413e-02
0.000000000000000000e+00 1.673789173789173856e-02 7.678952991452991927e-01 8.547008547008547868e-03 2.083333333333333218e-02
0.000000000000000000e+00 2.394943019943019877e-02 8.402777777777777901e-01 7.656695156695156670e-03 1.923076923076923184e-02
0.000000000000000000e+00 1.147613960113960108e-01 8.214476495726495964e-01 1.549145299145299193e-02 1.415598290598290600e-02
0.000000000000000000e+00 1.160078347578347574e-01 8.327991452991453381e-01 1.406695156695156670e-02 1.175213675213675202e-02
0.000000000000000000e+00 2.216880341880341984e-02 9.445779914529914834e-01 1.655982905982905998e-02 1.629273504273504383e-02
0.000000000000000000e+00 2.386039886039886121e-02 9.659455128205127750e-01 1.495726495726495790e-02 1.469017094017094002e-02
0.000000000000000000e+00 2.679843304843304921e-02 9.772970085470085166e-01 1.620370370370370280e-02 1.602564102564102422e-02
0.000000000000000000e+00 1.266025641025640969e-01 8.974358974358974672e-01 1.495726495726495790e-02 1.442307692307692388e-02
0.000000000000000000e+00 1.279380341880341776e-01 9.094551282051281937e-01 1.264245014245014322e-02 1.442307692307692388e-02
0.000000000000000000e+00 1.313212250712250673e-01 9.197382478632478708e-01 1.549145299145299193e-02 1.736111111111111188e-02
0.000000000000000000e+00 1.329237891737891641e-01 9.317574786324785974e-01 1.655982905982905998e-02 1.469017094017094002e-02
