0.000000000000000000e+00 1.355947293447293533e-01 2.470619658119658016e-02 1.121794871794871799e-02 1.949786324786324798e-02
0.000000000000000000e+00 1.561609686609686520e-01 2.029914529914529989e-02 8.903133903133903307e-03 9.081196581196581893e-03
0.000000000000000000e+00 1.558938746438746359e-01 2.537393162393162399e-02 6.944444444444444059e-03 8.547008547008547868e-03
0.000000000000000000e+00 1.626602564102564152e-01 4.941239316239316032e-02 1.014957264957264994e-02 9.615384615384615918e-03
0.000000000000000000e+00 1.413817663817663883e-01 6.089743589743589619e-02 8.547008547008547868e-03 1.175213675213675202e-02
0.000000000000000000e+00 1.733440170940170888e-01 8.680555555555555247e-02 1.014957264957264994e-02 1.175213675213675202e-02
0.000000000000000000e+00 9.259259259259258745e-03 2.096688034188034233e-01 1.139601139601139658e-02 8.547008547008547868e-03
0.000000000000000000e+00 2.136752136752136794e-02 2.096688034188034233e-01 9.615384615384615918e-03 6.944444444444444059e-03
0.000000000000000000e+00 1.777955840455840431e-01 1.013621794871794879e-01 8.725071225071224720e-03 8.814102564102564014e-03
0.000000000000000000e+00 2.223112535612535579e-01 1.629273504273504383e-02 5.163817663817663398e-03 6.410256410256410034e-03
0.000000000000000000e+00 2.245370370370370350e-01 2.524038461538461592e-02 5.698005698005698290e-03 5.074786324786324972e-03
0.000000000000000000e+00 2.270299145299145283e-01 3.405448717948717646e-02 5.341880341880341984e-03 6.677350427350427046e-03
0.000000000000000000e+00 2.290776353276353372e-01 4.273504273504273587e-02 6.944444444444444059e-03 6.944444444444444059e-03
0.000000000000000000e+00 2.301460113960114018e-01 4.754273504273504036e-02 8.725071225071224720e-03 6.944444444444444059e-03
0.000000000000000000e+00 2.319266381766381668e-01 5.275106837606837601e-02 9.793447293447292770e-03 7.745726495726495964e-03
0.000000000000000000e+00 2.382478632478632341e-01 7.946047008547008073e-02 8.903133903133903307e-03 8.814102564102564014e-03
0.000000000000000000e+00 2.443019943019943130e-01 9.869123931623931256e-02 8.903133903133903307e-03 9.348290598290598039e-03
0.000000000000000000e+00 2.460826210826210780e-01 1.025641025641025605e-01 9.259259259259258745e-03 9.081196581196581893e-03
0.000000000000000000e+00 2.493767806267806197e-01 1.140491452991452964e-01 1.050569800569800538e-02 9.615384615384615918e-03
0.000000000000000000e+00 2.771545584045583821e-01 1.107104700854700807e-01 6.588319088319088621e-03 1.201923076923076990e-02
0.000000000000000000e+00 2.733262108262108359e-01 1.000267094017094072e-01 6.410256410256410034e-03 1.148504273504273587e-02
0.000000000000000000e+00 2.703881766381766583e-01 8.814102564102564707e-02 6.944444444444444059e-03 1.388888888888888812e-02
0.000000000000000000e+00 2.870370370370370350e-01 1.444978632478632341e-01 6.766381766381766340e-03 1.335470085470085409e-02
0.000000000000000000e+00 2.908653846153846367e-01 1.646634615384615363e-01 5.876068376068376009e-03 1.041666666666666609e-02
0.000000000000000000e+00 2.933582621082621023e-01 1.770833333333333426e-01 5.519943019943019703e-03 1.282051282051282007e-02
0.000000000000000000e+00 2.968304843304843121e-01 2.159455128205128305e-01 5.341880341880341984e-03 1.095085470085470011e-02
0.000000000000000000e+00 2.986111111111111049e-01 2.306356837606837740e-01 5.698005698005698290e-03 1.255341880341880392e-02
0.000000000000000000e+00 3.011930199430199462e-01 2.574786324786324521e-01 6.588319088319088621e-03 1.442307692307692388e-02
0.000000000000000000e+00 3.054665242165242045e-01 2.839209401709401615e-01 6.944444444444444059e-03 1.442307692307692388e-02
0.000000000000000000e+00 3.191773504273504036e-01 3.465544871794871695e-01 6.944444444444444059e-03 1.362179487179487197e-02
0.000000000000000000e+00 1.174323361823361861e-01 4.809027777777777901e-01 1.050569800569800538e-02 1.522435897435897405e-02
0.000000000000000000e+00 1.277599715099715094e-01 4.656784188034188143e-01 1.086182336182336255e-02 1.575854700854700807e-02
0.000000000000000000e+00 1.782407407407407274e-01 4.408386752136752018e-01 9.971509971509971357e-03 1.255341880341880392e-02
0.000000000000000000e+00 1.869658119658119677e-01 4.281517094017093794e-01 9.615384615384615918e-03 1.282051282051282007e-02
0.000000000000000000e+00 7.407407407407406996e-02 5.588942307692307265e-01 1.068376068376068397e-02 1.469017094017094002e-02
0.000000000000000000e+00 3.075142450142450135e-01 4.403044871794871695e-01 8.190883190883190695e-03 1.682692307692307612e-02
0.000000000000000000e+00 2.280092592592592726e-01 7.056623931623932089e-01 1.655982905982905998e-02 1.335470085470085409e-02
0.000000000000000000e+00 2.106481481481481399e-01 7.091346153846154188e-01 1.246438746438746463e-02 9.615384615384615918e-03
0.000000000000000000e+00 2.479522792022791911e-01 6.785523504273504036e-01 8.012820512820512109e-03 2.216880341880341984e-02
0.000000000000000000e+00 3.035968660968660915e-01 7.720352564102563875e-01 1.068376068376068397e-02 1.896367521367521222e-02
0.000000000000000000e+00 1.371082621082621023e-01 8.882211538461538547e-01 1.103988603988603941e-02 1.842948717948717993e-02
0.000000000000000000e+00 1.441417378917378977e-01 8.816773504273504036e-01 1.121794871794871799e-02 1.923076923076923184e-02
0.000000000000000000e+00 1.501958689458689489e-01 8.709935897435897578e-01 1.050569800569800538e-02 1.549145299145299193e-02
0.000000000000000000e+00 1.941773504273504314e-01 8.862179487179486781e-01 9.081196581196581893e-03 2.029914529914529989e-02
0.000000000000000000e+00 2.020121082621082753e-01 8.571047008547008073e-01 1.513532763532763475e-02 1.282051282051282007e-02
0.000000000000000000e+00 1.884793447293447166e-01 8.478899572649573058e-01 8.725071225071224720e-03 2.056623931623931603e-02
0.000000000000000000e+00 2.146545584045584099e-01 9.001068376068376287e-01 1.691595441595441715e-02 1.442307692307692388e-02
0.000000000000000000e+00 1.734330484330484368e-01 7.463942307692307265e-01 1.317663817663817724e-02 1.682692307692307612e-02
0.000000000000000000e+00 1.957799145299145283e-01 8.213141025641025328e-01 1.620370370370370280e-02 1.442307692307692388e-02
0.000000000000000000e+00 3.307514245014245291e-01 8.191773504273504036e-01 1.869658119658119608e-02 2.991452991452991581e-02
0.000000000000000000e+00 3.447293447293447444e-01 8.414797008547008073e-01 1.103988603988603941e-02 1.682692307692307612e-02
0.000000000000000000e+00 4.200498575498575748e-01 9.022435897435897578e-01 1.210826210826210746e-02 2.403846153846153980e-02
0.000000000000000000e+00 3.676103988603988681e-01 8.283920940170940161e-01 1.549145299145299193e-02 1.469017094017094002e-02
0.000000000000000000e+00 5.217236467236466835e-01 9.895833333333333703e-01 1.103988603988603941e-02 2.029914529914529989e-02
0.000000000000000000e+00 5.130876068376067911e-01 9.929220085470085166e-01 1.086182336182336255e-02 1.362179487179487197e-02
0.000000000000000000e+00 5.019586894586894887e-01 9.935897435897436125e-01 7.834757834757835257e-03 1.175213675213675202e-02
0.000000000000000000e+00 4.611823361823361722e-01 7.445245726495726135e-01 9.615384615384615918e-03 2.003205128205128374e-02
0.000000000000000000e+00 4.525462962962962798e-01 7.840544871794872250e-01 1.086182336182336255e-02 2.270299145299145213e-02
0.000000000000000000e+00 4.647435897435897578e-01 8.151709401709401615e-01 9.971509971509971357e-03 1.923076923076923184e-02
0.000000000000000000e+00 3.885327635327635587e-01 5.742521367521367937e-03 4.629629629629629373e-03 1.041666666666666609e-02
0.000000000000000000e+00 3.694800569800569812e-01 2.737713675213675202e-02 4.273504273504273934e-03 1.041666666666666609e-02
0.000000000000000000e+00 3.691239316239316448e-01 3.766025641025640830e-02 4.629629629629629373e-03 9.615384615384615918e-03
0.000000000000000000e+00 3.816773504273504036e-01 3.699252136752136794e-02 4.807692307692307959e-03 1.041666666666666609e-02
0.000000000000000000e+00 3.816773504273504036e-01 2.684294871794871626e-02 4.095441595441595348e-03 9.348290598290598039e-03
0.000000000000000000e+00 3.879095441595441507e-01 2.644230769230769204e-02 4.807692307692307959e-03 1.014957264957264994e-02
0.000000000000000000e+00 3.772257834757834494e-01 1.209935897435897439e-01 9.793447293447292770e-03 8.012820512820512109e-03
0.000000000000000000e+00 4.196047008547008628e-01 4.285523504273504036e-01 1.086182336182336255e-02 9.348290598290598039e-03
0.000000000000000000e+00 4.651887464387464144e-01 1.598557692307692180e-01 5.519943019943019703e-03 1.095085470085470011e-02
0.000000000000000000e+00 4.419515669515669543e-01 2.124732905982905928e-01 4.985754985754985678e-03 1.095085470085470011e-02
0.000000000000000000e+00 4.423076923076922906e-01 2.411858974358974395e-01 5.341880341880341984e-03 1.175213675213675202e-02
0.000000000000000000e+00 4.614494301994301884e-01 2.425213675213675202e-01 5.876068376068376009e-03 1.228632478632478604e-02
0.000000000000000000e+00 5.014245014245014564e-01 3.016826923076922906e-01 1.175213675213675202e-02 8.279914529914529989e-03
0.000000000000000000e+00 5.657051282051281937e-01 7.568108974358974672e-01 1.709401709401709574e-02 1.308760683760683795e-02
0.000000000000000000e+00 7.251602564102563875e-01 9.953258547008546619e-01 1.442307692307692388e-02 7.745726495726495964e-03
0.000000000000000000e+00 7.746616809116808611e-01 9.891826923076922906e-01 1.513532763532763475e-02 1.308760683760683795e-02
0.000000000000000000e+00 8.050213675213675479e-01 9.803685897435897578e-01 1.887464387464387466e-02 1.362179487179487197e-02
0.000000000000000000e+00 8.220263532763533165e-01 9.774305555555555802e-01 1.299857549857549865e-02 1.201923076923076990e-02
0.000000000000000000e+00 8.386752136752136932e-01 9.723557692307692735e-01 1.566951566951567051e-02 1.415598290598290600e-02
0.000000000000000000e+00 8.643162393162393542e-01 9.687500000000000000e-01 1.460113960113960073e-02 1.335470085470085409e-02
0.000000000000000000e+00 8.800747863247863068e-01 9.638087606837606458e-01 1.442307692307692388e-02 1.362179487179487197e-02
0.000000000000000000e+00 8.790064102564102422e-01 9.296207264957264682e-01 1.620370370370370280e-02 1.308760683760683795e-02
0.000000000000000000e+00 8.736645299145299193e-01 9.053151709401708880e-01 1.798433048433048520e-02 1.522435897435897405e-02
0.000000000000000000e+00 8.692129629629629095e-01 8.866185897435897578e-01 1.477920227920227932e-02 1.201923076923076990e-02
0.000000000000000000e+00 9.356303418803418870e-01 9.504540598290598385e-01 1.335470085470085409e-02 1.255341880341880392e-02
0.000000000000000000e+00 9.858440170940171443e-01 9.387019230769231282e-01 1.442307692307692388e-02 1.362179487179487197e-02
0.000000000000000000e+00 9.967948717948718063e-01 9.373664529914529364e-01 6.054131054131053728e-03 1.201923076923076990e-02
0.000000000000000000e+00 8.648504273504273865e-01 8.767361111111111605e-01 1.246438746438746463e-02 1.148504273504273587e-02
0.000000000000000000e+00 7.564102564102563875e-01 7.126068376068376287e-01 1.317663817663817724e-02 9.081196581196581893e-03
0.000000000000000000e+00 7.708333333333333703e-01 7.107371794871795156e-01 1.210826210826210746e-02 1.014957264957264994e-02
0.000000000000000000e+00 8.078703703703703498e-01 6.728098290598291120e-01 1.032763532763532680e-02 1.923076923076923184e-02
0.000000000000000000e+00 8.249643874643874941e-01 7.234241452991453381e-01 9.259259259259258745e-03 1.736111111111111188e-02
0.000000000000000000e+00 8.486467236467236663e-01 7.166132478632478708e-01 8.190883190883190695e-03 1.014957264957264994e-02
0.000000000000000000e+00 8.567485754985755264e-01 7.151442307692307265e-01 7.656695156695156670e-03 1.041666666666666609e-02
0.000000000000000000e+00 8.555021367521367104e-01 6.390224358974359031e-01 9.793447293447292770e-03 2.163461538461538408e-02
0.000000000000000000e+00 8.354700854700854995e-01 5.721153846153845812e-01 8.903133903133903307e-03 1.655982905982905998e-02
0.000000000000000000e+00 8.420584045584045274e-01 5.921474358974359031e-01 9.259259259259258745e-03 1.869658119658119608e-02
0.000000000000000000e+00 8.431267806267805920e-01 6.630608974358974672e-01 9.259259259259258745e-03 1.682692307692307612e-02
0.000000000000000000e+00 9.200498575498575748e-01 7.080662393162393542e-01 1.139601139601139658e-02 8.012820512820512109e-03
0.000000000000000000e+00 9.333155270655271174e-01 6.792200854700854995e-01 1.549145299145299193e-02 1.121794871794871799e-02
0.000000000000000000e+00 9.708867521367521292e-01 6.721420940170940161e-01 1.406695156695156670e-02 1.148504273504273587e-02
0.000000000000000000e+00 9.950142450142450690e-01 6.896367521367521292e-01 9.615384615384615918e-03 7.478632478632478951e-03
0.000000000000000000e+00 8.152599715099715372e-01 4.572649572649572502e-01 8.725071225071224720e-03 1.549145299145299193e-02
0.000000000000000000e+00 8.114316239316239354e-01 4.971955128205128305e-01 8.547008547008547868e-03 1.469017094017094002e-02
0.000000000000000000e+00 8.395655270655271174e-01 5.009348290598291120e-01 9.259259259259258745e-03 1.629273504273504383e-02
0.000000000000000000e+00 8.476673789173788665e-01 4.979967948717948789e-01 7.656695156695156670e-03 1.575854700854700807e-02
0.000000000000000000e+00 8.554131054131054457e-01 4.965277777777777901e-01 8.903133903133903307e-03 1.923076923076923184e-02
0.000000000000000000e+00 8.629807692307692735e-01 4.953258547008547175e-01 7.656695156695156670e-03 1.896367521367521222e-02
0.000000000000000000e+00 8.695690883190883014e-01 4.958600427350427498e-01 8.012820512820512109e-03 1.575854700854700807e-02
0.000000000000000000e+00 8.574608262108261991e-01 5.304487179487179516e-01 1.050569800569800538e-02 2.350427350427350404e-02
0.000000000000000000e+00 8.665420227920227481e-01 5.305822649572649041e-01 8.012820512820512109e-03 1.629273504273504383e-02
0.000000000000000000e+00 8.718839031339031820e-01 5.267094017094017255e-01 6.588319088319088621e-03 1.014957264957264994e-02
0.000000000000000000e+00 8.256766381766381668e-01 5.380608974358974672e-01 8.190883190883190695e-03 1.896367521367521222e-02
0.000000000000000000e+00 9.254807692307692735e-01 4.387019230769230727e-01 1.228632478632478604e-02 1.041666666666666609e-02
0.000000000000000000e+00 9.607371794871795156e-01 5.022702991452991927e-01 1.335470085470085409e-02 1.041666666666666609e-02
0.000000000000000000e+00 9.902955840455840431e-01 5.026709401709401615e-01 1.299857549857549865e-02 1.068376068376068397e-02
0.000000000000000000e+00 9.957264957264957417e-01 5.251068376068376287e-01 8.547008547008547868e-03 1.014957264957264994e-02
0.000000000000000000e+00 9.971509971509971981e-01 5.349893162393162260e-01 5.341880341880341984e-03 9.081196581196581893e-03
0.000000000000000000e+00 9.793447293447293811e-01 5.571581196581196771e-01 1.282051282051282007e-02 9.081196581196581893e-03
0.000000000000000000e+00 5.975783475783476018e-01 3.470886752136752018e-01 1.032763532763532680e-02 7.211538461538461939e-03
0.000000000000000000e+00 6.115562678062678170e-01 3.454861111111111049e-01 1.193019943019943060e-02 7.745726495726495964e-03
0.000000000000000000e+00 6.463675213675214026e-01 3.883547008547008628e-01 8.190883190883190695e-03 1.495726495726495790e-02
0.000000000000000000e+00 7.143874643874643660e-01 3.052884615384615641e-01 6.054131054131053728e-03 1.121794871794871799e-02
0.000000000000000000e+00 7.127849002849002691e-01 3.299946581196581130e-01 1.353276353276353268e-02 9.348290598290598039e-03
0.000000000000000000e+00 7.326388888888888395e-01 3.187767094017093794e-01 1.086182336182336255e-02 8.814102564102564014e-03
0.000000000000000000e+00 7.723468660968660915e-01 2.984775641025640969e-01 7.656695156695156670e-03 1.201923076923076990e-02
0.000000000000000000e+00 7.785790598290598385e-01 2.971420940170940161e-01 7.300569800569800365e-03 1.255341880341880392e-02
0.000000000000000000e+00 7.854344729344728826e-01 2.954059829059829112e-01 7.478632478632478951e-03 1.282051282051282007e-02
0.000000000000000000e+00 7.985220797720797847e-01 2.935363247863247982e-01 8.725071225071224720e-03 1.442307692307692388e-02
0.000000000000000000e+00 8.057336182336182206e-01 2.911324786324786529e-01 7.834757834757835257e-03 1.282051282051282007e-02
0.000000000000000000e+00 8.120548433048433434e-01 2.893963675213675479e-01 6.944444444444444059e-03 1.201923076923076990e-02
0.000000000000000000e+00 7.467948717948718063e-01 2.437232905982905928e-01 6.766381766381766340e-03 1.522435897435897405e-02
0.000000000000000000e+00 7.477742165242164951e-01 1.782852564102564152e-01 5.163817663817663398e-03 1.041666666666666609e-02
0.000000000000000000e+00 8.284366096866097040e-01 2.517361111111111049e-01 7.300569800569800365e-03 1.255341880341880392e-02
0.000000000000000000e+00 8.321759259259259300e-01 2.648237179487179516e-01 6.232193732193732315e-03 1.148504273504273587e-02
0.000000000000000000e+00 8.295940170940171443e-01 1.598557692307692180e-01 9.259259259259258745e-03 8.279914529914529989e-03
0.000000000000000000e+00 8.486467236467236663e-01 1.160523504273504314e-01 6.410256410256410034e-03 1.041666666666666609e-02
0.000000000000000000e+00 8.460648148148147696e-01 1.059027777777777762e-01 5.876068376068376009e-03 9.882478632478632063e-03
0.000000000000000000e+00 8.789173789173788665e-01 1.135149572649572607e-02 1.103988603988603941e-02 8.279914529914529989e-03
0.000000000000000000e+00 8.763354700854700807e-01 5.876068376068376009e-03 9.793447293447292770e-03 7.478632478632478951e-03
0.000000000000000000e+00 8.754451566951566566e-01 2.270299145299145473e-03 1.157407407407407343e-02 4.006410256410256054e-03
0.000000000000000000e+00 9.147970085470085166e-01 1.469017094017094002e-02 7.656695156695156670e-03 1.121794871794871799e-02
0.000000000000000000e+00 8.375178062678062529e-01 3.365384615384615224e-02 6.232193732193732315e-03 9.081196581196581893e-03
0.000000000000000000e+00 8.427706552706553111e-01 3.285256410256410381e-02 6.054131054131053728e-03 9.615384615384615918e-03
0.000000000000000000e+00 8.481125356125356340e-01 3.205128205128204844e-02 5.698005698005698290e-03 9.081196581196581893e-03
0.000000000000000000e+00 8.372507122507122368e-01 7.932692307692307265e-02 6.410256410256410034e-03 1.068376068376068397e-02
0.000000000000000000e+00 8.411680911680912143e-01 9.094551282051281660e-02 6.410256410256410034e-03 1.148504273504273587e-02
0.000000000000000000e+00 6.875000000000000000e-01 6.076388888888888812e-02 5.341880341880341984e-03 9.882478632478632063e-03
0.000000000000000000e+00 7.151887464387464144e-01 7.158119658119657669e-02 1.050569800569800538e-02 8.012820512820512109e-03
0.000000000000000000e+00 7.166132478632478708e-01 8.733974358974358476e-02 9.793447293447292770e-03 7.478632478632478951e-03
0.000000000000000000e+00 7.151887464387464144e-01 9.361645299145299193e-02 4.095441595441595348e-03 6.143162393162393022e-03
0.000000000000000000e+00 6.066595441595441507e-01 1.295405982905982988e-02 5.341880341880341984e-03 7.745726495726495964e-03
0.000000000000000000e+00 6.113782051282051766e-01 2.510683760683760785e-02 8.725071225071224720e-03 8.012820512820512109e-03
0.000000000000000000e+00 6.105769230769231282e-01 3.485576923076923184e-02 6.054131054131053728e-03 7.211538461538461939e-03
0.000000000000000000e+00 5.880519943019942852e-01 5.996260683760683968e-02 8.368945868945869282e-03 6.143162393162393022e-03
0.000000000000000000e+00 6.488603988603988126e-01 8.279914529914529989e-03 4.985754985754985678e-03 9.081196581196581893e-03
0.000000000000000000e+00 5.984686609686609149e-01 8.934294871794871973e-02 5.698005698005698290e-03 9.348290598290598039e-03
0.000000000000000000e+00 6.007834757834757955e-01 1.097756410256410242e-01 4.985754985754985678e-03 9.081196581196581893e-03
0.000000000000000000e+00 5.949964387464387050e-01 1.113782051282051350e-01 5.876068376068376009e-03 1.068376068376068397e-02
0.000000000000000000e+00 5.891203703703703498e-01 1.121794871794871834e-01 5.519943019943019703e-03 9.615384615384615918e-03
0.000000000000000000e+00 5.831552706552706189e-01 1.127136752136752157e-01 5.698005698005698290e-03 1.068376068376068397e-02
0.000000000000000000e+00 6.151175213675214026e-01 1.084401709401709435e-01 5.519943019943019703e-03 1.014957264957264994e-02
0.000000000000000000e+00 6.209935897435897578e-01 1.073717948717948650e-01 5.876068376068376009e-03 1.068376068376068397e-02
0.000000000000000000e+00 6.117343304843304574e-01 1.342147435897435848e-01 5.163817663817663398e-03 8.814102564102564014e-03
0.000000000000000000e+00 6.063924501424501345e-01 1.346153846153846090e-01 4.451566951566951653e-03 5.876068376068376009e-03
0.000000000000000000e+00 5.995370370370370905e-01 1.483707264957264960e-01 5.341880341880341984e-03 1.041666666666666609e-02
0.000000000000000000e+00 5.891203703703703498e-01 1.725427350427350404e-01 5.876068376068376009e-03 1.228632478632478604e-02
0.000000000000000000e+00 6.022079772079772519e-01 1.666666666666666574e-01 5.341880341880341984e-03 1.068376068376068397e-02
0.000000000000000000e+00 6.068376068376067911e-01 1.964476495726495686e-01 4.629629629629629373e-03 8.814102564102564014e-03
0.000000000000000000e+00 5.711360398860398924e-01 2.477297008547008628e-01 1.193019943019943060e-02 9.348290598290598039e-03
