0.000000000000000000e+00 1.564280626780626682e-01 1.041666666666666713e-01 6.232193732193732315e-03 1.068376068376068397e-02
0.000000000000000000e+00 1.592770655270655256e-01 1.136485042735042722e-01 6.588319088319088621e-03 1.201923076923076990e-02
0.000000000000000000e+00 1.611467236467236386e-01 1.252670940170940161e-01 6.054131054131053728e-03 1.335470085470085409e-02
0.000000000000000000e+00 1.690705128205128305e-01 1.635950854700854717e-01 5.876068376068376009e-03 1.201923076923076990e-02
0.000000000000000000e+00 7.816951566951567398e-02 1.033653846153846090e-01 4.629629629629629373e-03 9.615384615384615918e-03
0.000000000000000000e+00 7.416310541310541793e-02 2.174145299145299193e-01 1.264245014245014322e-02 8.547008547008547868e-03
0.000000000000000000e+00 8.360042735042734485e-02 2.674946581196581130e-01 1.442307692307692388e-02 2.483974358974358823e-02
0.000000000000000000e+00 1.080840455840455794e-01 2.602831196581196771e-01 1.068376068376068397e-02 9.882478632478632063e-03
0.000000000000000000e+00 1.075498575498575471e-01 2.677617521367521292e-01 8.547008547008547868e-03 9.882478632478632063e-03
0.000000000000000000e+00 1.145833333333333287e-01 2.991452991452991372e-01 1.228632478632478604e-02 1.175213675213675202e-02
0.000000000000000000e+00 8.983262108262107803e-02 3.143696581196581130e-01 9.793447293447292770e-03 1.442307692307692388e-02
0.000000000000000000e+00 9.615384615384615918e-02 3.364049145299145560e-01 9.971509971509971357e-03 1.255341880341880392e-02
0.000000000000000000e+00 1.255341880341880323e-01 3.484241452991452825e-01 1.246438746438746463e-02 1.308760683760683795e-02
0.000000000000000000e+00 1.284722222222222099e-01 3.675213675213675479e-01 1.299857549857549865e-02 1.228632478632478604e-02
0.000000000000000000e+00 1.324786324786324798e-01 3.926282051282051211e-01 1.282051282051282007e-02 1.228632478632478604e-02
0.000000000000000000e+00 1.712962962962963076e-01 2.183493589743589758e-01 1.175213675213675202e-02 9.882478632478632063e-03
0.000000000000000000e+00 1.730769230769230727e-01 2.291666666666666574e-01 1.032763532763532680e-02 9.081196581196581893e-03
0.000000000000000000e+00 1.759259259259259300e-01 2.353098290598290565e-01 1.103988603988603941e-02 1.014957264957264994e-02
0.000000000000000000e+00 1.811787749287749327e-01 2.566773504273504036e-01 1.193019943019943060e-02 9.615384615384615918e-03
0.000000000000000000e+00 1.845619658119658224e-01 2.688301282051281937e-01 1.050569800569800538e-02 7.745726495726495964e-03
0.000000000000000000e+00 1.852742165242165229e-01 2.748397435897436125e-01 9.793447293447292770e-03 8.012820512820512109e-03
0.000000000000000000e+00 1.867877492877492995e-01 2.799145299145299193e-01 9.971509971509971357e-03 8.547008547008547868e-03
0.000000000000000000e+00 1.900819088319088412e-01 2.913995726495726690e-01 1.050569800569800538e-02 1.014957264957264994e-02
0.000000000000000000e+00 1.922186609686609704e-01 2.974091880341880323e-01 1.086182336182336255e-02 9.882478632478632063e-03
0.000000000000000000e+00 1.944444444444444475e-01 3.044871794871794601e-01 1.139601139601139658e-02 9.615384615384615918e-03
0.000000000000000000e+00 2.004095441595441507e-01 3.393429487179487336e-01 9.793447293447292770e-03 1.041666666666666609e-02
0.000000000000000000e+00 2.069088319088319139e-01 3.651175213675213471e-01 9.615384615384615918e-03 1.068376068376068397e-02
0.000000000000000000e+00 2.376246438746438816e-01 3.516292735042735318e-01 7.656695156695156670e-03 1.682692307692307612e-02
0.000000000000000000e+00 2.089565527065526951e-01 3.704594017094017255e-01 1.086182336182336255e-02 1.014957264957264994e-02
0.000000000000000000e+00 2.120726495726495686e-01 3.852831196581196771e-01 1.175213675213675202e-02 1.041666666666666609e-02
0.000000000000000000e+00 2.409188034188034233e-01 3.680555555555555802e-01 7.834757834757835257e-03 1.495726495726495790e-02
0.000000000000000000e+00 2.449252136752136655e-01 3.812767094017093794e-01 7.300569800569800365e-03 1.469017094017094002e-02
0.000000000000000000e+00 2.553418803418803229e-01 4.277510683760683552e-01 8.190883190883190695e-03 1.736111111111111188e-02
0.000000000000000000e+00 2.594373219373219408e-01 4.541933760683760646e-01 6.410256410256410034e-03 1.308760683760683795e-02
0.000000000000000000e+00 2.618411680911680861e-01 4.712873931623931534e-01 6.588319088319088621e-03 1.682692307692307612e-02
0.000000000000000000e+00 2.652243589743589758e-01 5.240384615384615641e-01 6.588319088319088621e-03 1.495726495726495790e-02
0.000000000000000000e+00 2.663817663817663606e-01 5.438034188034187588e-01 6.410256410256410034e-03 1.602564102564102422e-02
0.000000000000000000e+00 2.691417378917378977e-01 5.806623931623932089e-01 6.944444444444444059e-03 1.762820512820512803e-02
0.000000000000000000e+00 2.736823361823361722e-01 6.175213675213675479e-01 7.834757834757835257e-03 1.869658119658119608e-02
0.000000000000000000e+00 2.881944444444444198e-01 7.047275641025640969e-01 8.725071225071224720e-03 1.789529914529914417e-02
0.000000000000000000e+00 4.255698005698005382e-02 7.506677350427350959e-01 9.615384615384615918e-03 1.629273504273504383e-02
0.000000000000000000e+00 2.457264957264957209e-02 7.521367521367521292e-01 7.834757834757835257e-03 1.762820512820512803e-02
0.000000000000000000e+00 6.499287749287749327e-03 7.520032051282051766e-01 8.368945868945869282e-03 1.842948717948717993e-02
0.000000000000000000e+00 1.558048433048433122e-02 7.532051282051281937e-01 5.876068376068376009e-03 1.121794871794871799e-02
0.000000000000000000e+00 8.876424501424501345e-02 8.206463675213675479e-01 1.228632478632478604e-02 1.896367521367521222e-02
0.000000000000000000e+00 1.293625356125356063e-01 8.177083333333333703e-01 1.121794871794871799e-02 1.736111111111111188e-02
0.000000000000000000e+00 1.181445868945869004e-01 8.356036324786324521e-01 1.228632478632478604e-02 1.736111111111111188e-02
0.000000000000000000e+00 4.513888888888888812e-02 8.910256410256410797e-01 1.299857549857549865e-02 1.923076923076923184e-02
0.000000000000000000e+00 5.804843304843304574e-02 8.697916666666666297e-01 1.317663817663817724e-02 2.110042735042735179e-02
0.000000000000000000e+00 1.068376068376068327e-01 8.549679487179486781e-01 1.210826210826210746e-02 2.029914529914529989e-02
0.000000000000000000e+00 2.729700854700854440e-01 8.389423076923077094e-01 9.615384615384615918e-03 2.457264957264957209e-02
0.000000000000000000e+00 3.497150997150997309e-01 1.697382478632478708e-01 4.985754985754985678e-03 1.201923076923076990e-02
0.000000000000000000e+00 3.748219373219373041e-01 1.665331196581196493e-01 4.985754985754985678e-03 1.095085470085470011e-02
0.000000000000000000e+00 3.714387464387464144e-01 1.925747863247863345e-01 4.985754985754985678e-03 1.175213675213675202e-02
0.000000000000000000e+00 3.780270655270655533e-01 1.912393162393162260e-01 5.698005698005698290e-03 1.228632478632478604e-02
0.000000000000000000e+00 3.842592592592592449e-01 1.924412393162393264e-01 4.985754985754985678e-03 1.201923076923076990e-02
0.000000000000000000e+00 3.913817663817663606e-01 1.911057692307692180e-01 4.985754985754985678e-03 1.308760683760683795e-02
0.000000000000000000e+00 3.908475783475783283e-01 2.012553418803418870e-01 4.985754985754985678e-03 7.211538461538461939e-03
0.000000000000000000e+00 3.839921652421652287e-01 2.041933760683760646e-01 5.519943019943019703e-03 1.041666666666666609e-02
0.000000000000000000e+00 3.774928774928774655e-01 2.036591880341880323e-01 5.698005698005698290e-03 1.148504273504273587e-02
0.000000000000000000e+00 3.708155270655270619e-01 2.051282051282051211e-01 5.163817663817663398e-03 1.175213675213675202e-02
0.000000000000000000e+00 3.635149572649572502e-01 2.049946581196581130e-01 5.519943019943019703e-03 1.148504273504273587e-02
0.000000000000000000e+00 3.513176638176638278e-01 2.057959401709401615e-01 5.698005698005698290e-03 1.148504273504273587e-02
0.000000000000000000e+00 3.492699430199430188e-01 2.325053418803418870e-01 5.163817663817663398e-03 1.415598290598290600e-02
0.000000000000000000e+00 3.628917378917378977e-01 2.321047008547008628e-01 4.629629629629629373e-03 1.121794871794871799e-02
0.000000000000000000e+00 3.762464387464387605e-01 2.305021367521367659e-01 5.341880341880341984e-03 1.175213675213675202e-02
0.000000000000000000e+00 3.824786324786324521e-01 2.302350427350427220e-01 5.341880341880341984e-03 1.175213675213675202e-02
0.000000000000000000e+00 3.750000000000000000e-01 2.437232905982905928e-01 5.341880341880341984e-03 1.362179487179487197e-02
0.000000000000000000e+00 3.744658119658119677e-01 2.716346153846153633e-01 5.698005698005698290e-03 1.282051282051282007e-02
0.000000000000000000e+00 3.672542735042735318e-01 2.729700854700854440e-01 4.451566951566951653e-03 1.228632478632478604e-02
0.000000000000000000e+00 3.666310541310541238e-01 2.855235042735042583e-01 5.341880341880341984e-03 1.335470085470085409e-02
0.000000000000000000e+00 3.522970085470085722e-01 2.860576923076922906e-01 5.519943019943019703e-03 1.282051282051282007e-02
0.000000000000000000e+00 3.530092592592592449e-01 2.724358974358974117e-01 4.807692307692307959e-03 1.282051282051282007e-02
0.000000000000000000e+00 3.438390313390313202e-01 3.158386752136752018e-01 4.985754985754985678e-03 6.143162393162393022e-03
0.000000000000000000e+00 3.522079772079771964e-01 3.158386752136752018e-01 4.985754985754985678e-03 5.608974358974358997e-03
0.000000000000000000e+00 3.603988603988603767e-01 3.971688034188033956e-01 1.139601139601139658e-02 7.478632478632478951e-03
0.000000000000000000e+00 4.616274928774928843e-01 8.400106837606838295e-02 5.163817663817663398e-03 1.201923076923076990e-02
0.000000000000000000e+00 4.620726495726495964e-01 1.087072649572649596e-01 4.985754985754985678e-03 1.175213675213675202e-02
0.000000000000000000e+00 4.626958689458689489e-01 1.205929487179487197e-01 4.451566951566951653e-03 9.348290598290598039e-03
0.000000000000000000e+00 4.672364672364672233e-01 1.661324786324786251e-01 4.985754985754985678e-03 1.121794871794871799e-02
0.000000000000000000e+00 4.670584045584045829e-01 1.793536324786324798e-01 5.341880341880341984e-03 1.362179487179487197e-02
0.000000000000000000e+00 4.663461538461538547e-01 2.274305555555555525e-01 3.917378917378917629e-03 9.348290598290598039e-03
0.000000000000000000e+00 5.070334757834757955e-01 1.678685897435897301e-01 5.163817663817663398e-03 1.201923076923076990e-02
0.000000000000000000e+00 4.619836182336182206e-01 4.503205128205128305e-01 6.588319088319088621e-03 1.388888888888888812e-02
0.000000000000000000e+00 4.348290598290598385e-01 5.217681623931623713e-01 5.698005698005698290e-03 1.522435897435897405e-02
0.000000000000000000e+00 4.348290598290598385e-01 5.606303418803418870e-01 6.410256410256410034e-03 1.495726495726495790e-02
0.000000000000000000e+00 4.572649572649572502e-01 5.626335470085470636e-01 6.766381766381766340e-03 1.575854700854700807e-02
0.000000000000000000e+00 4.057158119658119677e-01 8.223824786324785974e-01 1.442307692307692388e-02 1.442307692307692388e-02
0.000000000000000000e+00 4.383903133903133686e-01 9.344284188034187588e-01 1.353276353276353268e-02 6.677350427350427046e-03
0.000000000000000000e+00 5.221688034188034511e-01 1.631944444444444475e-01 5.519943019943019703e-03 1.014957264957264994e-02
0.000000000000000000e+00 5.283119658119658224e-01 1.621260683760683829e-01 5.341880341880341984e-03 1.068376068376068397e-02
0.000000000000000000e+00 5.348112535612535856e-01 1.621260683760683829e-01 5.876068376068376009e-03 1.175213675213675202e-02
0.000000000000000000e+00 5.481659544159543929e-01 1.611912393162393264e-01 5.519943019943019703e-03 1.148504273504273587e-02
0.000000000000000000e+00 5.609864672364672789e-01 1.594551282051281937e-01 5.163817663817663398e-03 1.068376068376068397e-02
0.000000000000000000e+00 5.673076923076922906e-01 1.582532051282051211e-01 6.410256410256410034e-03 1.255341880341880392e-02
0.000000000000000000e+00 5.820868945868945543e-01 1.702724358974359031e-01 1.282051282051282007e-02 7.211538461538461939e-03
0.000000000000000000e+00 5.836004273504273865e-01 1.762820512820512941e-01 1.050569800569800538e-02 6.410256410256410034e-03
0.000000000000000000e+00 5.843126780626780592e-01 1.817574786324786251e-01 9.437321937321937332e-03 6.143162393162393022e-03
0.000000000000000000e+00 5.854700854700854995e-01 1.880341880341880323e-01 1.210826210826210746e-02 7.478632478632478951e-03
0.000000000000000000e+00 5.871616809116808611e-01 1.936431623931623991e-01 9.437321937321937332e-03 7.478632478632478951e-03
0.000000000000000000e+00 5.873397435897436125e-01 1.997863247863247982e-01 1.086182336182336255e-02 5.876068376068376009e-03
0.000000000000000000e+00 5.878739316239316448e-01 2.055288461538461453e-01 9.793447293447292770e-03 6.677350427350427046e-03
0.000000000000000000e+00 5.640135327635327211e-01 1.850961538461538547e-01 5.876068376068376009e-03 1.068376068376068397e-02
0.000000000000000000e+00 5.364138176638176825e-01 1.865651709401709435e-01 5.876068376068376009e-03 1.148504273504273587e-02
0.000000000000000000e+00 5.171830484330484090e-01 1.899038461538461453e-01 5.519943019943019703e-03 1.175213675213675202e-02
0.000000000000000000e+00 5.250178062678062529e-01 2.016559829059829112e-01 5.519943019943019703e-03 1.014957264957264994e-02
0.000000000000000000e+00 5.894764957264957417e-01 2.115384615384615363e-01 1.086182336182336255e-02 6.410256410256410034e-03
0.000000000000000000e+00 5.892984330484331013e-01 2.176816239316239354e-01 1.193019943019943060e-02 6.944444444444444059e-03
0.000000000000000000e+00 5.901887464387464144e-01 2.238247863247863345e-01 1.086182336182336255e-02 6.410256410256410034e-03
0.000000000000000000e+00 4.995548433048432879e-01 2.391826923076923184e-01 1.157407407407407343e-02 9.348290598290598039e-03
0.000000000000000000e+00 5.363247863247863068e-01 2.381143162393162260e-01 6.410256410256410034e-03 1.255341880341880392e-02
0.000000000000000000e+00 5.901887464387464144e-01 2.303685897435897301e-01 1.086182336182336255e-02 9.348290598290598039e-03
0.000000000000000000e+00 5.932158119658119677e-01 2.370459401709401615e-01 1.050569800569800538e-02 8.279914529914529989e-03
0.000000000000000000e+00 6.312321937321937471e-01 2.326388888888888951e-01 6.766381766381766340e-03 1.388888888888888812e-02
0.000000000000000000e+00 6.258903133903134242e-01 2.566773504273504036e-01 6.410256410256410034e-03 1.121794871794871799e-02
0.000000000000000000e+00 6.314992877492877632e-01 2.735042735042735318e-01 1.121794871794871799e-02 9.615384615384615918e-03
0.000000000000000000e+00 6.304309116809116986e-01 2.859241452991452825e-01 7.656695156695156670e-03 8.279914529914529989e-03
0.000000000000000000e+00 6.524216524216523982e-01 2.303685897435897301e-01 5.341880341880341984e-03 1.308760683760683795e-02
0.000000000000000000e+00 6.595441595441595695e-01 2.291666666666666574e-01 6.054131054131053728e-03 1.495726495726495790e-02
0.000000000000000000e+00 6.657763532763533165e-01 2.276976495726495686e-01 5.341880341880341984e-03 1.362179487179487197e-02
0.000000000000000000e+00 6.748575498575498655e-01 2.510683760683760646e-01 6.766381766381766340e-03 1.228632478632478604e-02
0.000000000000000000e+00 6.881232193732194080e-01 2.212873931623931534e-01 5.876068376068376009e-03 1.148504273504273587e-02
0.000000000000000000e+00 6.866096866096865758e-01 2.092681623931623991e-01 6.054131054131053728e-03 1.148504273504273587e-02
0.000000000000000000e+00 6.030982905982905651e-01 1.351495726495726413e-01 1.175213675213675202e-02 7.478632478632478951e-03
0.000000000000000000e+00 6.717414529914529364e-01 1.386217948717948789e-01 6.232193732193732315e-03 1.175213675213675202e-02
0.000000000000000000e+00 6.169871794871795156e-01 3.580395299145299193e-01 6.410256410256410034e-03 1.308760683760683795e-02
0.000000000000000000e+00 5.993589743589743390e-01 3.899572649572649596e-01 6.410256410256410034e-03 1.442307692307692388e-02
0.000000000000000000e+00 6.065705128205127750e-01 3.894230769230769273e-01 6.588319088319088621e-03 1.282051282051282007e-02
0.000000000000000000e+00 6.129807692307692735e-01 3.879540598290598385e-01 6.588319088319088621e-03 1.362179487179487197e-02
0.000000000000000000e+00 6.200142450142450690e-01 3.858173076923077094e-01 6.410256410256410034e-03 1.148504273504273587e-02
0.000000000000000000e+00 6.363069800569800538e-01 3.838141025641025883e-01 6.588319088319088621e-03 1.282051282051282007e-02
0.000000000000000000e+00 6.434294871794872250e-01 3.830128205128205399e-01 6.944444444444444059e-03 1.335470085470085409e-02
0.000000000000000000e+00 6.043447293447293811e-01 3.195779914529914278e-01 1.032763532763532680e-02 8.279914529914529989e-03
0.000000000000000000e+00 6.331908831908832358e-01 4.198717948717948789e-01 6.054131054131053728e-03 1.335470085470085409e-02
0.000000000000000000e+00 6.267806267806267373e-01 4.208066239316239354e-01 5.341880341880341984e-03 9.348290598290598039e-03
0.000000000000000000e+00 6.188568376068376287e-01 4.377670940170940161e-01 5.519943019943019703e-03 1.335470085470085409e-02
0.000000000000000000e+00 6.066595441595441507e-01 4.707532051282051211e-01 6.766381766381766340e-03 1.682692307692307612e-02
0.000000000000000000e+00 6.275819088319087857e-01 5.028044871794872250e-01 6.232193732193732315e-03 1.095085470085470011e-02
0.000000000000000000e+00 6.295405982905982745e-01 5.185630341880341776e-01 5.876068376068376009e-03 1.362179487179487197e-02
0.000000000000000000e+00 5.861823361823361722e-01 5.715811965811965489e-01 1.353276353276353268e-02 1.014957264957264994e-02
0.000000000000000000e+00 5.038283475783476018e-01 6.451655982905982745e-01 1.406695156695156670e-02 1.041666666666666609e-02
0.000000000000000000e+00 5.048076923076922906e-01 7.216880341880341776e-01 2.101139601139601076e-02 1.228632478632478604e-02
0.000000000000000000e+00 6.176994301994301884e-01 7.115384615384615641e-01 1.246438746438746463e-02 9.615384615384615918e-03
0.000000000000000000e+00 6.347044159544159569e-01 7.090010683760683552e-01 1.477920227920227932e-02 9.348290598290598039e-03
0.000000000000000000e+00 6.767272079772079785e-01 7.701655982905982745e-01 9.437321937321937332e-03 1.949786324786324798e-02
0.000000000000000000e+00 7.228454415954416179e-01 6.565170940170940161e-01 6.944444444444444059e-03 8.012820512820512109e-03
0.000000000000000000e+00 7.412749287749287319e-01 6.579861111111111605e-01 8.903133903133903307e-03 1.575854700854700807e-02
0.000000000000000000e+00 7.560541310541311066e-01 6.533119658119658224e-01 7.478632478632478951e-03 1.388888888888888812e-02
0.000000000000000000e+00 7.562321937321937471e-01 6.891025641025640969e-01 1.317663817663817724e-02 1.121794871794871799e-02
0.000000000000000000e+00 6.395121082621082476e-01 1.642628205128205190e-02 1.086182336182336255e-02 8.279914529914529989e-03
0.000000000000000000e+00 6.529558404558404305e-01 1.442307692307692388e-02 9.971509971509971357e-03 8.012820512820512109e-03
0.000000000000000000e+00 6.662215099715099731e-01 1.148504273504273587e-02 8.368945868945869282e-03 8.012820512820512109e-03
0.000000000000000000e+00 6.789529914529914834e-01 9.214743589743589966e-03 1.032763532763532680e-02 7.745726495726495964e-03
0.000000000000000000e+00 6.953347578347578439e-01 5.742521367521367937e-03 9.259259259259258745e-03 8.279914529914529989e-03
0.000000000000000000e+00 8.231837606837606458e-01 9.214743589743589966e-03 1.032763532763532680e-02 8.279914529914529989e-03
0.000000000000000000e+00 9.045584045584045274e-01 2.711004273504273587e-02 7.122507122507122646e-03 1.041666666666666609e-02
0.000000000000000000e+00 9.086538461538461453e-01 3.872863247863247982e-02 6.766381766381766340e-03 1.121794871794871799e-02
0.000000000000000000e+00 9.576210826210825866e-01 4.407051282051282354e-02 9.971509971509971357e-03 8.547008547008547868e-03
0.000000000000000000e+00 9.721331908831908342e-01 4.767628205128204844e-02 1.086182336182336255e-02 8.279914529914529989e-03
0.000000000000000000e+00 9.393696581196581130e-01 5.742521367521367937e-03 7.300569800569800365e-03 8.814102564102564014e-03
0.000000000000000000e+00 9.450676638176638278e-01 4.941239316239316032e-03 6.232193732193732315e-03 8.279914529914529989e-03
0.000000000000000000e+00 9.608262108262107803e-01 3.472222222222222029e-03 7.122507122507122646e-03 5.876068376068376009e-03
0.000000000000000000e+00 9.545049857549857686e-01 9.869123931623931256e-02 9.437321937321937332e-03 7.211538461538461939e-03
0.000000000000000000e+00 8.084935897435897578e-01 1.048344017094017117e-01 9.793447293447292770e-03 5.074786324786324972e-03
0.000000000000000000e+00 7.426994301994301884e-01 1.160523504273504314e-01 4.985754985754985678e-03 9.882478632478632063e-03
0.000000000000000000e+00 7.483084045584045274e-01 1.155181623931623991e-01 6.588319088319088621e-03 1.201923076923076990e-02
0.000000000000000000e+00 7.700320512820513219e-01 1.159188034188034233e-01 6.232193732193732315e-03 1.228632478632478604e-02
0.000000000000000000e+00 6.948005698005698116e-01 1.784188034188034233e-01 1.282051282051282007e-02 1.068376068376068397e-02
0.000000000000000000e+00 7.197293447293446889e-01 3.221153846153846367e-01 6.054131054131053728e-03 1.121794871794871799e-02
0.000000000000000000e+00 7.520477207977207534e-01 3.362713675213675479e-01 1.121794871794871799e-02 9.615384615384615918e-03
0.000000000000000000e+00 7.544515669515668987e-01 3.579059829059829112e-01 1.210826210826210746e-02 9.081196581196581893e-03
0.000000000000000000e+00 7.553418803418803229e-01 3.645833333333333148e-01 1.068376068376068397e-02 9.081196581196581893e-03
0.000000000000000000e+00 6.892806267806267373e-01 4.188034188034188143e-01 5.698005698005698290e-03 8.547008547008547868e-03
0.000000000000000000e+00 6.968482905982905651e-01 4.185363247863247982e-01 6.232193732193732315e-03 1.175213675213675202e-02
0.000000000000000000e+00 7.102029914529914834e-01 4.173344017094017255e-01 4.451566951566951653e-03 7.745726495726495964e-03
0.000000000000000000e+00 7.929131054131054457e-01 4.819711538461538547e-01 7.122507122507122646e-03 1.469017094017094002e-02
0.000000000000000000e+00 9.098112535612535856e-01 1.786858974358974395e-01 8.012820512820512109e-03 1.388888888888888812e-02
0.000000000000000000e+00 9.159544159544159569e-01 1.757478632478632341e-01 7.834757834757835257e-03 1.549145299145299193e-02
0.000000000000000000e+00 9.615384615384615641e-01 2.023237179487179516e-01 7.834757834757835257e-03 1.362179487179487197e-02
0.000000000000000000e+00 9.333155270655271174e-01 2.279647435897435848e-01 1.406695156695156670e-02 1.255341880341880392e-02
0.000000000000000000e+00 9.332264957264957417e-01 2.366452991452991372e-01 1.103988603988603941e-02 8.012820512820512109e-03
0.000000000000000000e+00 9.354522792022792466e-01 2.431891025641025605e-01 1.299857549857549865e-02 9.882478632478632063e-03
0.000000000000000000e+00 9.369658119658119677e-01 2.498664529914529919e-01 1.139601139601139658e-02 8.279914529914529989e-03
0.000000000000000000e+00 9.402599715099715372e-01 2.565438034188033956e-01 1.335470085470085409e-02 9.882478632478632063e-03
0.000000000000000000e+00 8.925391737891738009e-01 2.861912393162392987e-01 7.300569800569800365e-03 1.148504273504273587e-02
0.000000000000000000e+00 8.991274928774928288e-01 2.861912393162392987e-01 7.656695156695156670e-03 1.308760683760683795e-02
0.000000000000000000e+00 9.052706552706553111e-01 2.837873931623931534e-01 6.766381766381766340e-03 1.148504273504273587e-02
0.000000000000000000e+00 8.946759259259259300e-01 3.480235042735042583e-01 6.944444444444444059e-03 1.282051282051282007e-02
0.000000000000000000e+00 8.989494301994301884e-01 3.635149572649572502e-01 7.300569800569800365e-03 1.442307692307692388e-02
0.000000000000000000e+00 9.050925925925925597e-01 3.834134615384615641e-01 8.190883190883190695e-03 1.415598290598290600e-02
0.000000000000000000e+00 9.082977207977207534e-01 3.966346153846153633e-01 7.834757834757835257e-03 1.282051282051282007e-02
0.000000000000000000e+00 8.876424501424501345e-01 4.555288461538461453e-01 1.103988603988603941e-02 1.041666666666666609e-02
0.000000000000000000e+00 7.937143874643874941e-01 5.731837606837606458e-01 8.012820512820512109e-03 2.029914529914529989e-02
0.000000000000000000e+00 8.243411680911680861e-01 6.450320512820513219e-01 1.014957264957264994e-02 1.709401709401709574e-02
0.000000000000000000e+00 8.319088319088319139e-01 6.430288461538461453e-01 9.259259259259258745e-03 1.629273504273504383e-02
0.000000000000000000e+00 8.399216524216523982e-01 6.414262820512820484e-01 9.971509971509971357e-03 1.842948717948717993e-02
0.000000000000000000e+00 8.549679487179486781e-01 6.379540598290598385e-01 1.086182336182336255e-02 1.949786324786324798e-02
0.000000000000000000e+00 8.635149572649573058e-01 6.355502136752136932e-01 1.014957264957264994e-02 1.736111111111111188e-02
0.000000000000000000e+00 8.710826210826211335e-01 6.323450854700854995e-01 8.547008547008547868e-03 1.522435897435897405e-02
0.000000000000000000e+00 8.939636752136752573e-01 5.988247863247863068e-01 8.012820512820512109e-03 1.602564102564102422e-02
0.000000000000000000e+00 8.889779202279202153e-01 5.810630341880341776e-01 8.725071225071224720e-03 1.682692307692307612e-02
0.000000000000000000e+00 8.431267806267805920e-01 6.611912393162393542e-01 1.388888888888888812e-02 1.041666666666666609e-02
0.000000000000000000e+00 8.804309116809116986e-01 8.707264957264957417e-01 1.086182336182336255e-02 1.976495726495726413e-02
0.000000000000000000e+00 8.766915954415954726e-01 9.270833333333333703e-01 1.121794871794871799e-02 1.869658119658119608e-02
0.000000000000000000e+00 9.105235042735042583e-01 9.325587606837606458e-01 1.157407407407407343e-02 2.163461538461538408e-02
0.000000000000000000e+00 9.201388888888888395e-01 9.294871794871795156e-01 8.725071225071224720e-03 2.083333333333333218e-02
0.000000000000000000e+00 9.290420227920227481e-01 9.276175213675214026e-01 1.086182336182336255e-02 2.457264957264957209e-02
0.000000000000000000e+00 9.383903133903134242e-01 9.250801282051281937e-01 8.903133903133903307e-03 2.270299145299145213e-02
0.000000000000000000e+00 9.466702279202279247e-01 9.249465811965812412e-01 1.014957264957264994e-02 2.190170940170940023e-02
0.000000000000000000e+00 9.332264957264957417e-01 9.751602564102563875e-01 1.388888888888888812e-02 2.938034188034188005e-02
0.000000000000000000e+00 9.433760683760683552e-01 9.752938034188034511e-01 9.615384615384615918e-03 2.163461538461538408e-02
0.000000000000000000e+00 9.504095441595441507e-01 9.706196581196581130e-01 8.725071225071224720e-03 1.655982905982905998e-02
0.000000000000000000e+00 8.950320512820513219e-01 9.847756410256410797e-01 1.050569800569800538e-02 2.029914529914529989e-02
