0.000000000000000000e+00 2.207977207977207881e-02 3.627136752136752018e-01 7.122507122507122646e-03 9.081196581196581893e-03
0.000000000000000000e+00 8.751780626780626682e-02 3.703258547008547175e-01 6.588319088319088621e-03 1.308760683760683795e-02
0.000000000000000000e+00 9.036680911680911032e-02 3.831463675213675479e-01 6.944444444444444059e-03 1.469017094017094002e-02
0.000000000000000000e+00 9.188034188034188698e-02 3.981036324786324521e-01 7.478632478632478951e-03 1.682692307692307612e-02
0.000000000000000000e+00 9.962606837606838295e-02 4.496527777777777901e-01 7.300569800569800365e-03 1.469017094017094002e-02
0.000000000000000000e+00 1.004273504273504314e-01 5.240384615384615641e-01 1.424501424501424529e-02 1.335470085470085409e-02
0.000000000000000000e+00 1.022970085470085444e-01 5.389957264957264682e-01 1.228632478632478604e-02 1.121794871794871799e-02
0.000000000000000000e+00 1.045227920227920215e-01 5.474091880341880323e-01 1.353276353276353268e-02 1.362179487179487197e-02
0.000000000000000000e+00 2.483974358974358823e-02 5.815972222222222099e-01 1.264245014245014322e-02 1.255341880341880392e-02
0.000000000000000000e+00 2.377136752136752018e-02 5.910790598290598385e-01 1.050569800569800538e-02 1.068376068376068397e-02
0.000000000000000000e+00 3.071581196581196424e-02 6.343482905982905651e-01 1.442307692307692388e-02 1.442307692307692388e-02
0.000000000000000000e+00 3.828347578347578335e-03 6.554487179487179516e-01 6.232193732193732315e-03 1.762820512820512803e-02
0.000000000000000000e+00 6.855413105413105633e-03 6.880341880341880323e-01 1.157407407407407343e-02 1.976495726495726413e-02
0.000000000000000000e+00 6.499287749287749327e-03 7.024572649572649041e-01 1.086182336182336255e-02 1.976495726495726413e-02
0.000000000000000000e+00 8.992165242165242600e-03 7.135416666666666297e-01 1.050569800569800538e-02 1.522435897435897405e-02
0.000000000000000000e+00 4.166666666666666435e-02 7.279647435897436125e-01 9.259259259259258745e-03 1.095085470085470011e-02
0.000000000000000000e+00 4.816595441595441368e-02 7.660256410256410797e-01 1.477920227920227932e-02 1.655982905982905998e-02
0.000000000000000000e+00 5.261752136752136794e-02 7.907318376068376287e-01 1.691595441595441715e-02 1.575854700854700807e-02
0.000000000000000000e+00 1.103988603988604045e-01 5.761217948717948234e-01 1.388888888888888812e-02 1.282051282051282007e-02
0.000000000000000000e+00 1.138710826210826144e-01 5.928151709401708880e-01 1.228632478632478604e-02 9.882478632478632063e-03
0.000000000000000000e+00 1.150284900284900269e-01 6.005608974358974672e-01 1.175213675213675202e-02 9.882478632478632063e-03
0.000000000000000000e+00 1.159188034188034233e-01 6.081730769230768718e-01 1.246438746438746463e-02 1.121794871794871799e-02
0.000000000000000000e+00 1.199252136752136794e-01 6.239316239316239354e-01 1.299857549857549865e-02 1.282051282051282007e-02
0.000000000000000000e+00 1.217948717948717924e-01 6.322115384615384359e-01 1.282051282051282007e-02 1.228632478632478604e-02
0.000000000000000000e+00 1.239316239316239354e-01 6.415598290598291120e-01 1.353276353276353268e-02 1.228632478632478604e-02
0.000000000000000000e+00 1.305199430199430188e-01 6.899038461538461453e-01 1.246438746438746463e-02 1.282051282051282007e-02
0.000000000000000000e+00 1.376424501424501345e-01 7.266292735042735318e-01 1.246438746438746463e-02 1.362179487179487197e-02
0.000000000000000000e+00 1.393340455840455794e-01 7.341079059829059839e-01 1.335470085470085409e-02 1.362179487179487197e-02
0.000000000000000000e+00 1.430733618233618332e-01 7.540064102564102422e-01 1.442307692307692388e-02 1.388888888888888812e-02
0.000000000000000000e+00 1.738782051282051211e-01 7.077991452991453381e-01 9.437321937321937332e-03 2.190170940170940023e-02
0.000000000000000000e+00 1.773504273504273587e-01 7.302350427350426942e-01 9.259259259259258745e-03 1.976495726495726413e-02
0.000000000000000000e+00 1.811787749287749327e-01 7.486645299145299193e-01 9.081196581196581893e-03 1.976495726495726413e-02
0.000000000000000000e+00 1.925747863247863345e-01 8.139690170940171443e-01 9.437321937321937332e-03 2.270299145299145213e-02
0.000000000000000000e+00 1.968482905982905928e-01 8.514957264957264682e-01 8.368945868945869282e-03 1.816239316239316379e-02
0.000000000000000000e+00 1.988069800569800538e-01 8.759348290598291120e-01 6.944444444444444059e-03 2.323717948717948789e-02
0.000000000000000000e+00 2.018340455840455794e-01 9.501869658119658224e-01 7.300569800569800365e-03 1.896367521367521222e-02
0.000000000000000000e+00 2.030804843304843399e-01 9.793002136752136932e-01 6.944444444444444059e-03 2.003205128205128374e-02
0.000000000000000000e+00 4.052706552706552556e-01 9.481837606837606458e-01 7.478632478632478951e-03 1.976495726495726413e-02
0.000000000000000000e+00 4.391025641025640969e-01 8.468215811965812412e-01 7.122507122507122646e-03 1.949786324786324798e-02
0.000000000000000000e+00 4.069622507122507282e-01 7.435897435897436125e-01 1.157407407407407343e-02 1.121794871794871799e-02
0.000000000000000000e+00 3.182870370370370350e-01 7.727029914529914834e-01 1.371082621082621127e-02 1.228632478632478604e-02
0.000000000000000000e+00 3.116096866096866314e-01 5.985576923076922906e-01 5.698005698005698290e-03 1.495726495726495790e-02
0.000000000000000000e+00 3.105413105413105668e-01 6.161858974358974672e-01 6.410256410256410034e-03 1.655982905982905998e-02
0.000000000000000000e+00 3.273682336182336394e-01 6.159188034188034511e-01 6.232193732193732315e-03 1.655982905982905998e-02
0.000000000000000000e+00 3.280804843304843121e-01 5.989583333333333703e-01 6.232193732193732315e-03 1.522435897435897405e-02
0.000000000000000000e+00 3.369836182336182206e-01 5.973557692307692735e-01 6.588319088319088621e-03 1.575854700854700807e-02
0.000000000000000000e+00 3.003917378917378977e-01 6.603899572649573058e-01 6.766381766381766340e-03 1.095085470085470011e-02
0.000000000000000000e+00 3.100961538461538547e-01 6.603899572649573058e-01 6.232193732193732315e-03 1.041666666666666609e-02
0.000000000000000000e+00 3.080484330484330457e-01 5.440705128205127750e-01 6.410256410256410034e-03 1.762820512820512803e-02
0.000000000000000000e+00 3.238960113960113740e-01 5.427350427350426942e-01 6.054131054131053728e-03 1.442307692307692388e-02
0.000000000000000000e+00 3.397435897435897578e-01 5.408653846153845812e-01 6.410256410256410034e-03 1.442307692307692388e-02
0.000000000000000000e+00 3.469551282051281937e-01 5.413995726495726135e-01 6.232193732193732315e-03 1.495726495726495790e-02
0.000000000000000000e+00 3.380519943019942852e-01 5.588942307692307265e-01 6.588319088319088621e-03 1.736111111111111188e-02
0.000000000000000000e+00 3.109864672364672233e-01 5.070779914529914834e-01 6.588319088319088621e-03 1.469017094017094002e-02
0.000000000000000000e+00 3.252314814814814548e-01 5.066773504273504036e-01 6.588319088319088621e-03 1.549145299145299193e-02
0.000000000000000000e+00 3.336004273504273310e-01 5.064102564102563875e-01 6.232193732193732315e-03 1.388888888888888812e-02
0.000000000000000000e+00 3.414351851851851749e-01 5.041399572649573058e-01 6.588319088319088621e-03 1.575854700854700807e-02
0.000000000000000000e+00 3.490918803418803229e-01 5.046741452991453381e-01 6.944444444444444059e-03 1.308760683760683795e-02
0.000000000000000000e+00 3.571937321937321830e-01 5.049412393162393542e-01 6.054131054131053728e-03 1.469017094017094002e-02
0.000000000000000000e+00 3.345797720797720753e-01 4.901175213675213471e-01 6.054131054131053728e-03 1.442307692307692388e-02
0.000000000000000000e+00 3.421474358974359031e-01 4.882478632478632341e-01 6.588319088319088621e-03 1.602564102564102422e-02
0.000000000000000000e+00 3.496260683760683552e-01 4.899839743589743390e-01 5.876068376068376009e-03 1.469017094017094002e-02
0.000000000000000000e+00 3.579950142450142314e-01 4.881143162393162260e-01 6.232193732193732315e-03 1.575854700854700807e-02
0.000000000000000000e+00 3.386752136752136932e-01 4.545940170940170888e-01 6.410256410256410034e-03 1.442307692307692388e-02
0.000000000000000000e+00 3.099180911680911588e-01 4.579326923076922906e-01 6.232193732193732315e-03 1.575854700854700807e-02
0.000000000000000000e+00 4.403490028490028574e-01 3.444177350427350404e-01 5.698005698005698290e-03 1.469017094017094002e-02
0.000000000000000000e+00 4.409722222222222099e-01 3.775373931623931534e-01 5.519943019943019703e-03 1.415598290598290600e-02
0.000000000000000000e+00 4.414173789173789220e-01 3.926282051282051211e-01 4.985754985754985678e-03 1.228632478632478604e-02
0.000000000000000000e+00 4.465811965811966044e-01 4.544604700854700807e-01 6.054131054131053728e-03 1.362179487179487197e-02
0.000000000000000000e+00 4.463141025641025883e-01 4.720886752136752018e-01 6.232193732193732315e-03 1.736111111111111188e-02
0.000000000000000000e+00 4.448896011396011319e-01 5.377938034188034511e-01 5.876068376068376009e-03 1.522435897435897405e-02
0.000000000000000000e+00 5.053418803418803229e-01 1.491720085470085444e-01 4.629629629629629373e-03 1.041666666666666609e-02
0.000000000000000000e+00 5.114850427350426942e-01 1.498397435897435848e-01 5.876068376068376009e-03 1.335470085470085409e-02
0.000000000000000000e+00 5.052528490028490582e-01 1.833600427350427220e-01 8.725071225071224720e-03 8.279914529914529989e-03
0.000000000000000000e+00 5.039173789173788665e-01 1.952457264957264960e-01 6.054131054131053728e-03 8.547008547008547868e-03
0.000000000000000000e+00 5.268874643874643660e-01 1.892361111111111049e-01 1.139601139601139658e-02 9.348290598290598039e-03
0.000000000000000000e+00 5.392628205128204844e-01 1.888354700854700807e-01 1.121794871794871799e-02 9.081196581196581893e-03
0.000000000000000000e+00 5.372150997150997309e-01 1.653311965811965767e-01 6.054131054131053728e-03 1.228632478632478604e-02
0.000000000000000000e+00 5.166488603988603767e-01 2.162126068376068466e-01 5.876068376068376009e-03 1.362179487179487197e-02
0.000000000000000000e+00 5.226139601139601076e-01 2.179487179487179516e-01 5.341880341880341984e-03 1.014957264957264994e-02
0.000000000000000000e+00 5.413105413105413488e-01 2.164797008547008628e-01 5.698005698005698290e-03 1.148504273504273587e-02
0.000000000000000000e+00 5.475427350427350959e-01 2.163461538461538547e-01 5.341880341880341984e-03 1.068376068376068397e-02
0.000000000000000000e+00 5.584935897435897578e-01 1.777510683760683829e-01 5.519943019943019703e-03 1.201923076923076990e-02
0.000000000000000000e+00 5.647257834757835049e-01 1.786858974358974395e-01 5.876068376068376009e-03 1.175213675213675202e-02
0.000000000000000000e+00 5.453169515669515910e-01 2.896634615384615641e-01 1.157407407407407343e-02 8.814102564102564014e-03
0.000000000000000000e+00 6.448539886039885705e-01 2.560096153846153633e-01 1.264245014245014322e-02 8.814102564102564014e-03
0.000000000000000000e+00 6.603454415954416179e-01 2.529380341880341776e-01 1.193019943019943060e-02 9.081196581196581893e-03
0.000000000000000000e+00 6.762820512820513219e-01 2.491987179487179516e-01 8.547008547008547868e-03 8.012820512820512109e-03
0.000000000000000000e+00 6.886574074074074403e-01 2.467948717948718063e-01 8.725071225071224720e-03 6.944444444444444059e-03
0.000000000000000000e+00 7.084223646723646350e-01 2.419871794871794879e-01 9.793447293447292770e-03 9.615384615384615918e-03
0.000000000000000000e+00 8.635149572649573058e-01 2.447916666666666574e-01 1.193019943019943060e-02 1.095085470085470011e-02
0.000000000000000000e+00 9.498753561253561184e-01 2.694978632478632341e-01 8.368945868945869282e-03 1.282051282051282007e-02
0.000000000000000000e+00 9.550391737891738009e-01 2.848557692307692180e-01 8.725071225071224720e-03 1.415598290598290600e-02
0.000000000000000000e+00 9.894943019943019946e-01 2.413194444444444475e-01 9.615384615384615918e-03 1.255341880341880392e-02
0.000000000000000000e+00 9.958155270655271174e-01 2.395833333333333426e-01 7.656695156695156670e-03 1.175213675213675202e-02
0.000000000000000000e+00 9.545049857549857686e-01 1.704059829059829112e-01 1.264245014245014322e-02 9.081196581196581893e-03
0.000000000000000000e+00 9.680377492877493273e-01 1.685363247863247982e-01 1.264245014245014322e-02 9.615384615384615918e-03
0.000000000000000000e+00 9.810363247863247427e-01 1.635950854700854717e-01 1.228632478632478604e-02 9.882478632478632063e-03
0.000000000000000000e+00 9.942129629629629095e-01 1.609241452991453103e-01 9.793447293447292770e-03 9.882478632478632063e-03
0.000000000000000000e+00 8.838141025641025328e-01 6.931089743589743946e-02 4.095441595441595348e-03 5.608974358974358997e-03
0.000000000000000000e+00 6.040776353276353650e-01 4.139957264957264682e-01 1.299857549857549865e-02 9.615384615384615918e-03
0.000000000000000000e+00 4.927884615384615641e-01 4.563301282051281937e-01 6.588319088319088621e-03 1.415598290598290600e-02
0.000000000000000000e+00 5.105056980056980054e-01 4.504540598290598385e-01 6.410256410256410034e-03 1.362179487179487197e-02
0.000000000000000000e+00 5.177172364672364413e-01 4.492521367521367659e-01 6.232193732193732315e-03 1.335470085470085409e-02
0.000000000000000000e+00 5.251068376068376287e-01 4.491185897435897578e-01 7.122507122507122646e-03 1.629273504273504383e-02
0.000000000000000000e+00 5.406873219373219408e-01 4.476495726495726690e-01 6.232193732193732315e-03 1.495726495726495790e-02
0.000000000000000000e+00 5.554665242165242045e-01 4.453792735042735318e-01 5.876068376068376009e-03 1.362179487179487197e-02
0.000000000000000000e+00 5.628561253561253919e-01 4.439102564102563875e-01 7.478632478632478951e-03 1.655982905982905998e-02
0.000000000000000000e+00 5.046296296296296502e-01 4.866452991452991372e-01 6.410256410256410034e-03 1.442307692307692388e-02
0.000000000000000000e+00 5.270655270655271174e-01 4.826388888888888951e-01 7.122507122507122646e-03 1.549145299145299193e-02
0.000000000000000000e+00 5.592058404558404305e-01 4.802350427350427498e-01 6.944444444444444059e-03 1.495726495726495790e-02
0.000000000000000000e+00 5.134437321937321830e-01 5.020032051282051766e-01 6.588319088319088621e-03 1.415598290598290600e-02
0.000000000000000000e+00 5.800391737891738009e-01 4.611378205128205399e-01 1.513532763532763475e-02 9.882478632478632063e-03
0.000000000000000000e+00 5.819088319088319139e-01 4.688835470085470081e-01 1.175213675213675202e-02 7.745726495726495964e-03
0.000000000000000000e+00 5.828881766381766028e-01 4.764957264957264682e-01 1.086182336182336255e-02 7.478632478632478951e-03
0.000000000000000000e+00 5.837784900284900269e-01 4.842414529914529919e-01 1.442307692307692388e-02 8.547008547008547868e-03
0.000000000000000000e+00 5.861823361823361722e-01 4.922542735042735318e-01 1.103988603988603941e-02 9.081196581196581893e-03
0.000000000000000000e+00 5.865384615384615641e-01 5.008012820512820484e-01 1.282051282051282007e-02 8.547008547008547868e-03
0.000000000000000000e+00 5.872507122507122368e-01 5.089476495726495964e-01 1.139601139601139658e-02 8.814102564102564014e-03
0.000000000000000000e+00 5.889423076923077094e-01 5.168269230769231282e-01 1.335470085470085409e-02 8.547008547008547868e-03
0.000000000000000000e+00 5.884081196581196771e-01 5.247061965811965489e-01 1.406695156695156670e-02 9.348290598290598039e-03
0.000000000000000000e+00 5.897435897435897578e-01 5.332532051282051766e-01 1.317663817663817724e-02 9.348290598290598039e-03
0.000000000000000000e+00 5.898326210826211335e-01 5.416666666666666297e-01 1.228632478632478604e-02 1.068376068376068397e-02
0.000000000000000000e+00 5.933048433048433434e-01 5.503472222222222099e-01 1.175213675213675202e-02 1.041666666666666609e-02
0.000000000000000000e+00 5.265313390313390851e-01 5.511485042735042583e-01 6.766381766381766340e-03 1.469017094017094002e-02
0.000000000000000000e+00 4.838853276353276556e-01 5.528846153846154188e-01 1.264245014245014322e-02 1.068376068376068397e-02
0.000000000000000000e+00 6.315883190883191389e-01 5.781250000000000000e-01 7.834757834757835257e-03 1.522435897435897405e-02
0.000000000000000000e+00 6.377314814814815103e-01 5.444711538461538547e-01 8.368945868945869282e-03 1.789529914529914417e-02
0.000000000000000000e+00 6.627492877492877632e-01 5.420673076923077094e-01 6.410256410256410034e-03 1.842948717948717993e-02
0.000000000000000000e+00 6.709401709401708880e-01 5.405982905982905651e-01 7.478632478632478951e-03 1.869658119658119608e-02
0.000000000000000000e+00 6.784188034188034511e-01 5.384615384615384359e-01 6.410256410256410034e-03 1.602564102564102422e-02
0.000000000000000000e+00 6.897257834757835049e-01 5.698450854700854995e-01 8.725071225071224720e-03 1.522435897435897405e-02
0.000000000000000000e+00 7.046830484330484090e-01 5.299145299145299193e-01 7.300569800569800365e-03 1.442307692307692388e-02
0.000000000000000000e+00 7.026353276353276556e-01 5.136217948717948234e-01 7.478632478632478951e-03 1.549145299145299193e-02
0.000000000000000000e+00 6.842058404558404305e-01 4.180021367521367659e-01 6.944444444444444059e-03 1.442307692307692388e-02
0.000000000000000000e+00 7.112713675213675479e-01 4.724893162393162260e-01 1.513532763532763475e-02 1.388888888888888812e-02
0.000000000000000000e+00 7.722578347578347158e-01 3.886217948717948789e-01 7.122507122507122646e-03 1.495726495726495790e-02
0.000000000000000000e+00 7.659366096866097040e-01 3.887553418803418870e-01 6.588319088319088621e-03 1.362179487179487197e-02
0.000000000000000000e+00 7.977207977207977363e-01 3.887553418803418870e-01 7.478632478632478951e-03 1.522435897435897405e-02
0.000000000000000000e+00 8.059116809116808611e-01 3.876869658119658224e-01 7.122507122507122646e-03 1.415598290598290600e-02
0.000000000000000000e+00 8.417913105413105113e-01 3.756677350427350404e-01 1.121794871794871799e-02 8.814102564102564014e-03
0.000000000000000000e+00 8.451745014245014564e-01 3.826121794871794601e-01 1.050569800569800538e-02 9.348290598290598039e-03
0.000000000000000000e+00 9.618055555555555802e-01 4.726228632478632341e-01 9.793447293447292770e-03 1.896367521367521222e-02
0.000000000000000000e+00 9.687500000000000000e-01 4.680822649572649596e-01 9.081196581196581893e-03 2.003205128205128374e-02
0.000000000000000000e+00 9.913639601139601076e-01 5.400641025641025328e-01 1.691595441595441715e-02 1.388888888888888812e-02
0.000000000000000000e+00 9.912749287749287319e-01 5.516826923076922906e-01 1.246438746438746463e-02 1.041666666666666609e-02
0.000000000000000000e+00 9.933226495726495964e-01 5.595619658119658224e-01 1.299857549857549865e-02 1.068376068376068397e-02
0.000000000000000000e+00 9.944800569800569257e-01 5.690438034188034511e-01 1.068376068376068397e-02 9.348290598290598039e-03
0.000000000000000000e+00 9.959935897435897578e-01 5.794604700854700807e-01 7.656695156695156670e-03 1.095085470085470011e-02
0.000000000000000000e+00 9.456018518518518601e-01 6.192574786324785974e-01 9.437321937321937332e-03 1.629273504273504383e-02
0.000000000000000000e+00 9.530804843304843121e-01 6.183226495726495964e-01 9.437321937321937332e-03 1.709401709401709574e-02
0.000000000000000000e+00 9.606481481481481399e-01 6.164529914529914834e-01 9.259259259259258745e-03 1.602564102564102422e-02
0.000000000000000000e+00 9.683048433048433434e-01 6.160523504273504036e-01 9.259259259259258745e-03 1.522435897435897405e-02
0.000000000000000000e+00 9.502314814814815103e-01 7.044604700854700807e-01 8.725071225071224720e-03 1.736111111111111188e-02
0.000000000000000000e+00 9.566417378917378977e-01 7.260950854700854995e-01 8.725071225071224720e-03 1.629273504273504383e-02
0.000000000000000000e+00 9.642984330484331013e-01 7.544070512820513219e-01 1.050569800569800538e-02 1.896367521367521222e-02
0.000000000000000000e+00 9.683938746438746081e-01 7.724358974358974672e-01 9.081196581196581893e-03 1.762820512820512803e-02
0.000000000000000000e+00 7.437678062678062529e-01 6.690705128205127750e-01 7.834757834757835257e-03 1.495726495726495790e-02
0.000000000000000000e+00 7.822293447293446889e-01 6.897702991452991927e-01 1.388888888888888812e-02 1.148504273504273587e-02
0.000000000000000000e+00 7.856125356125356340e-01 7.195512820512820484e-01 1.460113960113960073e-02 1.121794871794871799e-02
0.000000000000000000e+00 7.881944444444444198e-01 7.293002136752136932e-01 1.549145299145299193e-02 1.148504273504273587e-02
0.000000000000000000e+00 6.387998575498575748e-01 6.020299145299145005e-01 1.335470085470085409e-02 1.121794871794871799e-02
0.000000000000000000e+00 6.377314814814815103e-01 6.195245726495726135e-01 8.368945868945869282e-03 9.882478632478632063e-03
0.000000000000000000e+00 6.070156695156695426e-01 6.655982905982905651e-01 1.282051282051282007e-02 9.081196581196581893e-03
0.000000000000000000e+00 6.228632478632478708e-01 7.183493589743589203e-01 7.478632478632478951e-03 1.629273504273504383e-02
0.000000000000000000e+00 6.022079772079772519e-01 7.637553418803418870e-01 8.190883190883190695e-03 1.949786324786324798e-02
0.000000000000000000e+00 6.105769230769231282e-01 7.625534188034187588e-01 7.478632478632478951e-03 1.709401709401709574e-02
0.000000000000000000e+00 6.183226495726495964e-01 7.609508547008546619e-01 8.368945868945869282e-03 1.869658119658119608e-02
0.000000000000000000e+00 6.264245014245014564e-01 7.576121794871795156e-01 7.122507122507122646e-03 1.522435897435897405e-02
0.000000000000000000e+00 6.458333333333333703e-01 7.549412393162393542e-01 8.190883190883190695e-03 1.789529914529914417e-02
0.000000000000000000e+00 6.543803418803418870e-01 7.536057692307692735e-01 9.259259259259258745e-03 1.789529914529914417e-02
0.000000000000000000e+00 6.427172364672364413e-01 8.067574786324785974e-01 8.012820512820512109e-03 1.896367521367521222e-02
0.000000000000000000e+00 6.348824786324785974e-01 8.084935897435897578e-01 6.232193732193732315e-03 1.282051282051282007e-02
0.000000000000000000e+00 6.258012820512820484e-01 8.307959401709401615e-01 6.944444444444444059e-03 1.789529914529914417e-02
0.000000000000000000e+00 6.116452991452991927e-01 8.772702991452991927e-01 7.834757834757835257e-03 2.270299145299145213e-02
0.000000000000000000e+00 6.144052706552706189e-01 9.018429487179486781e-01 7.656695156695156670e-03 1.522435897435897405e-02
0.000000000000000000e+00 6.367521367521367104e-01 9.229433760683760646e-01 7.122507122507122646e-03 1.522435897435897405e-02
0.000000000000000000e+00 6.393340455840456071e-01 9.472489316239316448e-01 7.300569800569800365e-03 2.216880341880341984e-02
0.000000000000000000e+00 7.097578347578347158e-01 8.071581196581196771e-01 7.478632478632478951e-03 1.388888888888888812e-02
0.000000000000000000e+00 7.181267806267805920e-01 8.054220085470085166e-01 7.834757834757835257e-03 1.736111111111111188e-02
0.000000000000000000e+00 7.346866096866097040e-01 8.035523504273504036e-01 6.054131054131053728e-03 1.308760683760683795e-02
0.000000000000000000e+00 8.344907407407406996e-01 8.956997863247863068e-01 8.725071225071224720e-03 2.056623931623931603e-02
0.000000000000000000e+00 8.769586894586894887e-01 8.906250000000000000e-01 8.190883190883190695e-03 1.575854700854700807e-02
0.000000000000000000e+00 8.420584045584045274e-01 8.888888888888888395e-01 6.054131054131053728e-03 8.012820512820512109e-03
0.000000000000000000e+00 9.461360398860398924e-01 8.559027777777777901e-01 1.264245014245014322e-02 1.041666666666666609e-02
