0.000000000000000000e+00 9.170227920227920493e-02 4.674145299145299019e-03 5.341880341880341984e-03 8.279914529914529989e-03
0.000000000000000000e+00 9.063390313390314035e-02 1.629273504273504383e-02 5.698005698005698290e-03 1.175213675213675202e-02
0.000000000000000000e+00 9.179131054131053902e-02 3.151709401709401615e-02 5.163817663817663398e-03 1.121794871794871799e-02
0.000000000000000000e+00 9.009971509971509418e-02 5.542200854700854440e-02 6.054131054131053728e-03 1.255341880341880392e-02
0.000000000000000000e+00 9.784544159544159014e-02 5.194978632478632757e-02 5.163817663817663398e-03 1.308760683760683795e-02
0.000000000000000000e+00 1.056801994301994341e-01 1.469017094017094002e-02 4.095441595441595348e-03 1.068376068376068397e-02
0.000000000000000000e+00 1.057692307692307682e-01 6.503739316239316726e-02 4.985754985754985678e-03 1.148504273504273587e-02
0.000000000000000000e+00 1.213497150997150942e-01 1.064369658119658085e-01 5.876068376068376009e-03 1.255341880341880392e-02
0.000000000000000000e+00 1.294515669515669543e-01 1.038995726495726551e-01 6.054131054131053728e-03 1.228632478632478604e-02
0.000000000000000000e+00 1.423611111111111049e-01 1.010950854700854717e-01 5.519943019943019703e-03 1.308760683760683795e-02
0.000000000000000000e+00 1.000712250712250673e-01 1.623931623931623991e-01 5.341880341880341984e-03 1.655982905982905998e-02
0.000000000000000000e+00 9.944800569800570089e-02 2.041933760683760646e-01 6.232193732193732315e-03 1.575854700854700807e-02
0.000000000000000000e+00 9.793447293447293811e-02 2.391826923076923184e-01 6.054131054131053728e-03 1.415598290598290600e-02
0.000000000000000000e+00 9.713319088319088968e-02 2.580128205128205399e-01 9.437321937321937332e-03 2.350427350427350404e-02
0.000000000000000000e+00 6.027421652421652287e-02 2.558760683760683552e-01 6.588319088319088621e-03 1.121794871794871799e-02
0.000000000000000000e+00 5.270655270655270896e-02 2.584134615384615641e-01 6.054131054131053728e-03 1.415598290598290600e-02
0.000000000000000000e+00 9.650997150997150942e-02 2.972756410256410242e-01 6.410256410256410034e-03 1.442307692307692388e-02
0.000000000000000000e+00 5.742521367521367243e-02 2.827190170940170888e-01 5.876068376068376009e-03 7.745726495726495964e-03
0.000000000000000000e+00 1.554487179487179516e-01 2.781784188034188143e-01 8.190883190883190695e-03 1.308760683760683795e-02
0.000000000000000000e+00 2.167913105413105390e-01 1.952457264957264960e-01 1.121794871794871799e-02 1.228632478632478604e-02
0.000000000000000000e+00 2.801816239316239354e-01 1.123130341880341915e-01 1.050569800569800538e-02 1.148504273504273587e-02
0.000000000000000000e+00 2.885505698005698116e-01 1.012286324786324798e-01 8.368945868945869282e-03 1.068376068376068397e-02
0.000000000000000000e+00 3.213141025641025883e-01 5.969551282051282354e-02 1.014957264957264994e-02 1.148504273504273587e-02
0.000000000000000000e+00 3.466880341880341776e-01 2.003205128205128374e-02 5.341880341880341984e-03 9.615384615384615918e-03
0.000000000000000000e+00 3.482015669515669543e-01 7.879273504273504036e-03 6.232193732193732315e-03 1.308760683760683795e-02
0.000000000000000000e+00 3.831018518518518601e-01 7.789797008547008073e-01 1.976495726495726413e-02 2.216880341880341984e-02
0.000000000000000000e+00 3.189102564102563875e-01 2.568108974358974117e-01 1.175213675213675202e-02 1.362179487179487197e-02
0.000000000000000000e+00 3.799857549857549865e-01 2.863247863247863068e-01 1.175213675213675202e-02 1.175213675213675202e-02
0.000000000000000000e+00 4.018874643874643660e-01 2.970085470085470081e-01 1.388888888888888812e-02 1.228632478632478604e-02
0.000000000000000000e+00 3.954772079772079785e-01 3.119658119658119677e-01 7.834757834757835257e-03 1.121794871794871799e-02
0.000000000000000000e+00 2.253383190883190834e-01 3.095619658119658224e-01 1.086182336182336255e-02 1.068376068376068397e-02
0.000000000000000000e+00 2.143874643874643937e-01 3.390758547008547175e-01 1.566951566951567051e-02 1.415598290598290600e-02
0.000000000000000000e+00 5.000000000000000000e-01 2.171474358974359031e-01 6.766381766381766340e-03 9.081196581196581893e-03
0.000000000000000000e+00 5.284900284900284628e-01 2.309027777777777901e-01 8.190883190883190695e-03 1.255341880341880392e-02
0.000000000000000000e+00 5.406873219373219408e-01 2.395833333333333426e-01 5.519943019943019703e-03 7.478632478632478951e-03
0.000000000000000000e+00 5.499465811965812412e-01 2.454594017094016978e-01 6.588319088319088621e-03 8.012820512820512109e-03
0.000000000000000000e+00 5.738960113960114295e-01 2.580128205128205399e-01 7.834757834757835257e-03 1.068376068376068397e-02
0.000000000000000000e+00 5.811965811965812412e-01 2.633547008547008628e-01 7.834757834757835257e-03 9.615384615384615918e-03
0.000000000000000000e+00 6.022970085470085166e-01 2.751068376068376287e-01 9.081196581196581893e-03 1.282051282051282007e-02
0.000000000000000000e+00 6.128917378917378977e-01 2.797809829059829112e-01 7.122507122507122646e-03 9.348290598290598039e-03
0.000000000000000000e+00 6.205484330484331013e-01 2.841880341880341776e-01 6.766381766381766340e-03 9.615384615384615918e-03
0.000000000000000000e+00 6.302528490028490582e-01 2.901976495726495964e-01 8.368945868945869282e-03 1.041666666666666609e-02
0.000000000000000000e+00 6.308760683760683552e-01 6.810897435897435986e-03 1.139601139601139658e-02 9.882478632478632063e-03
0.000000000000000000e+00 7.998575498575498655e-01 3.899572649572649596e-02 8.903133903133903307e-03 1.495726495726495790e-02
0.000000000000000000e+00 8.092948717948718063e-01 9.642094017094017533e-02 8.903133903133903307e-03 1.282051282051282007e-02
0.000000000000000000e+00 8.399216524216523982e-01 1.461004273504273587e-01 9.615384615384615918e-03 1.388888888888888812e-02
0.000000000000000000e+00 9.228988603988603767e-01 2.672275641025640969e-01 9.971509971509971357e-03 1.415598290598290600e-02
0.000000000000000000e+00 9.440883190883191389e-01 2.960737179487179516e-01 1.103988603988603941e-02 1.415598290598290600e-02
0.000000000000000000e+00 8.958333333333333703e-01 2.724358974358974117e-01 1.175213675213675202e-02 1.495726495726495790e-02
0.000000000000000000e+00 8.863960113960114295e-01 2.930021367521367659e-01 1.175213675213675202e-02 1.121794871794871799e-02
0.000000000000000000e+00 8.764245014245014564e-01 3.042200854700854440e-01 1.424501424501424529e-02 1.175213675213675202e-02
0.000000000000000000e+00 8.804309116809116986e-01 3.110309829059829112e-01 1.477920227920227932e-02 1.308760683760683795e-02
0.000000000000000000e+00 8.975249287749287319e-01 3.139690170940170888e-01 1.157407407407407343e-02 9.882478632478632063e-03
0.000000000000000000e+00 4.746260683760683552e-01 3.319978632478632341e-01 1.477920227920227932e-02 1.175213675213675202e-02
0.000000000000000000e+00 5.420227920227920215e-01 4.125267094017093794e-01 1.103988603988603941e-02 2.003205128205128374e-02
0.000000000000000000e+00 5.876958689458688934e-01 3.914262820512820484e-01 1.371082621082621127e-02 1.308760683760683795e-02
0.000000000000000000e+00 6.105769230769231282e-01 3.787393162393162260e-01 9.259259259259258745e-03 1.335470085470085409e-02
0.000000000000000000e+00 6.185007122507122368e-01 4.107905982905982745e-01 1.157407407407407343e-02 1.335470085470085409e-02
0.000000000000000000e+00 6.333689458689458762e-01 4.192040598290598385e-01 1.317663817663817724e-02 1.469017094017094002e-02
0.000000000000000000e+00 6.282051282051281937e-01 4.395032051282051211e-01 1.282051282051282007e-02 1.308760683760683795e-02
0.000000000000000000e+00 6.458333333333333703e-01 4.511217948717948789e-01 1.495726495726495790e-02 1.282051282051282007e-02
0.000000000000000000e+00 6.623931623931623713e-01 4.611378205128205399e-01 1.353276353276353268e-02 1.148504273504273587e-02
0.000000000000000000e+00 6.971153846153845812e-01 4.600694444444444198e-01 1.282051282051282007e-02 1.201923076923076990e-02
0.000000000000000000e+00 7.140313390313390851e-01 4.700854700854700807e-01 1.460113960113960073e-02 1.495726495726495790e-02
0.000000000000000000e+00 7.315705128205127750e-01 4.817040598290598385e-01 1.228632478632478604e-02 1.308760683760683795e-02
0.000000000000000000e+00 7.311253561253561184e-01 5.062767094017094349e-01 1.353276353276353268e-02 1.362179487179487197e-02
0.000000000000000000e+00 7.464387464387464144e-01 5.152243589743589203e-01 1.282051282051282007e-02 1.228632478632478604e-02
0.000000000000000000e+00 7.511574074074074403e-01 4.943910256410256610e-01 1.406695156695156670e-02 1.388888888888888812e-02
0.000000000000000000e+00 7.603276353276353650e-01 5.240384615384615641e-01 1.246438746438746463e-02 1.175213675213675202e-02
0.000000000000000000e+00 7.687856125356125059e-01 5.049412393162393542e-01 1.727207977207977085e-02 1.575854700854700807e-02
0.000000000000000000e+00 7.944266381766381668e-01 5.464743589743589203e-01 1.477920227920227932e-02 1.282051282051282007e-02
0.000000000000000000e+00 8.165954415954416179e-01 5.353899572649573058e-01 1.495726495726495790e-02 1.469017094017094002e-02
0.000000000000000000e+00 7.965633903133902960e-01 5.805288461538461453e-01 9.437321937321937332e-03 1.041666666666666609e-02
0.000000000000000000e+00 8.320868945868945543e-01 5.689102564102563875e-01 1.282051282051282007e-02 1.388888888888888812e-02
0.000000000000000000e+00 8.782941595441595695e-01 5.733173076923077094e-01 1.371082621082621127e-02 1.415598290598290600e-02
0.000000000000000000e+00 8.916488603988603767e-01 5.818643162393162260e-01 1.442307692307692388e-02 1.415598290598290600e-02
0.000000000000000000e+00 9.932336182336182206e-01 6.789529914529914834e-01 1.103988603988603941e-02 2.190170940170940023e-02
0.000000000000000000e+00 9.765847578347578439e-01 8.651175213675214026e-01 1.121794871794871799e-02 1.869658119658119608e-02
0.000000000000000000e+00 9.699964387464387050e-01 8.782051282051281937e-01 1.121794871794871799e-02 2.029914529914529989e-02
0.000000000000000000e+00 9.656339031339031820e-01 8.938301282051281937e-01 1.068376068376068397e-02 2.377136752136752018e-02
0.000000000000000000e+00 9.897613960113960108e-01 8.416132478632478708e-01 1.086182336182336255e-02 2.029914529914529989e-02
0.000000000000000000e+00 9.593126780626780592e-01 9.034455128205127750e-01 1.050569800569800538e-02 2.110042735042735179e-02
0.000000000000000000e+00 9.407051282051281937e-01 9.517895299145299193e-01 1.103988603988603941e-02 2.110042735042735179e-02
0.000000000000000000e+00 9.334935897435897578e-01 9.606036324786324521e-01 1.014957264957264994e-02 2.163461538461538408e-02
0.000000000000000000e+00 7.249821937321937471e-01 7.276976495726495964e-01 1.121794871794871799e-02 1.842948717948717993e-02
0.000000000000000000e+00 7.026353276353276556e-01 7.630876068376067911e-01 1.317663817663817724e-02 2.136752136752136794e-02
0.000000000000000000e+00 6.777065527065526673e-01 8.079594017094017255e-01 1.210826210826210746e-02 1.869658119658119608e-02
0.000000000000000000e+00 7.108262108262107803e-01 8.565705128205127750e-01 1.495726495726495790e-02 1.976495726495726413e-02
0.000000000000000000e+00 7.621082621082621023e-01 8.569711538461538547e-01 1.638176638176638139e-02 1.736111111111111188e-02
0.000000000000000000e+00 7.597934472934473327e-01 8.711271367521367104e-01 1.602564102564102422e-02 1.949786324786324798e-02
0.000000000000000000e+00 7.561431623931623713e-01 8.831463675213675479e-01 1.406695156695156670e-02 1.682692307692307612e-02
0.000000000000000000e+00 7.917556980056980054e-01 9.126602564102563875e-01 1.406695156695156670e-02 1.282051282051282007e-02
0.000000000000000000e+00 7.927350427350426942e-01 8.999732905982905651e-01 1.566951566951567051e-02 1.308760683760683795e-02
0.000000000000000000e+00 7.965633903133902960e-01 8.764690170940171443e-01 1.442307692307692388e-02 1.255341880341880392e-02
0.000000000000000000e+00 7.988782051282051766e-01 8.616452991452991927e-01 1.513532763532763475e-02 1.228632478632478604e-02
0.000000000000000000e+00 8.035968660968660915e-01 8.377403846153845812e-01 1.317663817663817724e-02 1.095085470085470011e-02
0.000000000000000000e+00 8.053774928774928288e-01 8.259882478632478708e-01 1.495726495726495790e-02 1.095085470085470011e-02
0.000000000000000000e+00 8.067129629629629095e-01 8.020833333333333703e-01 1.869658119658119608e-02 1.602564102564102422e-02
0.000000000000000000e+00 8.067129629629629095e-01 8.147702991452991927e-01 1.584757834757834910e-02 1.095085470085470011e-02
0.000000000000000000e+00 6.280270655270655533e-01 9.491185897435897578e-01 1.139601139601139658e-02 2.003205128205128374e-02
0.000000000000000000e+00 5.438034188034187588e-01 4.718215811965811857e-01 9.971509971509971357e-03 1.682692307692307612e-02
0.000000000000000000e+00 5.347222222222222099e-01 4.851762820512820484e-01 9.971509971509971357e-03 1.682692307692307612e-02
