0.000000000000000000e+00 1.130698005698005729e-02 1.805555555555555525e-01 6.232193732193732315e-03 1.442307692307692388e-02
0.000000000000000000e+00 2.314814814814814686e-02 2.060630341880341776e-01 1.282051282051282007e-02 1.148504273504273587e-02
0.000000000000000000e+00 3.561253561253561323e-02 2.122061965811965767e-01 1.246438746438746463e-02 1.201923076923076990e-02
0.000000000000000000e+00 8.529202279202278969e-02 1.947115384615384637e-01 5.698005698005698290e-03 1.121794871794871799e-02
0.000000000000000000e+00 2.688746438746438677e-02 2.741720085470085722e-01 1.317663817663817724e-02 1.041666666666666609e-02
0.000000000000000000e+00 2.412749287749287735e-02 2.888621794871794601e-01 1.193019943019943060e-02 8.814102564102564014e-03
0.000000000000000000e+00 2.199074074074074125e-02 3.035523504273504036e-01 1.050569800569800538e-02 8.814102564102564014e-03
0.000000000000000000e+00 1.851851851851851749e-02 3.182425213675213471e-01 1.317663817663817724e-02 9.348290598290598039e-03
0.000000000000000000e+00 7.745726495726495964e-02 2.569444444444444198e-01 1.175213675213675202e-02 1.335470085470085409e-02
0.000000000000000000e+00 8.920940170940171166e-02 2.632211538461538547e-01 1.139601139601139658e-02 1.148504273504273587e-02
0.000000000000000000e+00 1.706730769230769273e-01 3.540331196581196771e-01 1.299857549857549865e-02 1.095085470085470011e-02
0.000000000000000000e+00 2.135861823361823453e-01 3.675213675213675479e-01 1.549145299145299193e-02 1.068376068376068397e-02
0.000000000000000000e+00 2.400284900284900269e-01 2.946047008547008628e-01 1.210826210826210746e-02 1.014957264957264994e-02
0.000000000000000000e+00 1.965811965811965767e-01 6.009615384615384949e-03 5.341880341880341984e-03 9.882478632478632063e-03
0.000000000000000000e+00 1.959579772079771964e-01 2.857905982905982814e-02 5.163817663817663398e-03 1.121794871794871799e-02
0.000000000000000000e+00 2.140313390313390296e-01 3.004807692307692388e-02 5.341880341880341984e-03 1.201923076923076990e-02
0.000000000000000000e+00 1.956908831908831803e-01 4.139957264957264821e-02 5.698005698005698290e-03 1.175213675213675202e-02
0.000000000000000000e+00 2.137642450142450135e-01 4.901175213675213610e-02 5.163817663817663398e-03 9.882478632478632063e-03
0.000000000000000000e+00 1.941773504273504314e-01 5.729166666666666435e-02 4.807692307692307959e-03 1.041666666666666609e-02
0.000000000000000000e+00 2.130519943019943130e-01 6.209935897435897578e-02 5.519943019943019703e-03 1.201923076923076990e-02
0.000000000000000000e+00 1.938212250712250673e-01 7.972756410256409687e-02 4.807692307692307959e-03 1.041666666666666609e-02
0.000000000000000000e+00 2.114494301994301884e-01 8.346688034188033678e-02 5.519943019943019703e-03 1.201923076923076990e-02
0.000000000000000000e+00 2.111823361823361722e-01 9.628739316239316726e-02 4.985754985754985678e-03 1.095085470085470011e-02
0.000000000000000000e+00 2.009437321937321830e-01 1.104433760683760646e-01 5.519943019943019703e-03 1.201923076923076990e-02
0.000000000000000000e+00 2.099358974358974395e-01 1.141826923076923045e-01 5.341880341880341984e-03 1.201923076923076990e-02
0.000000000000000000e+00 1.911502849002849058e-01 1.191239316239316171e-01 6.944444444444444059e-03 1.602564102564102422e-02
0.000000000000000000e+00 2.079772079772079785e-01 1.282051282051281937e-01 5.698005698005698290e-03 1.228632478632478604e-02
0.000000000000000000e+00 1.891915954415954448e-01 1.348824786324786251e-01 5.163817663817663398e-03 1.121794871794871799e-02
0.000000000000000000e+00 1.879451566951566843e-01 1.486378205128205121e-01 5.519943019943019703e-03 1.255341880341880392e-02
0.000000000000000000e+00 2.069978632478632341e-01 1.541132478632478708e-01 5.876068376068376009e-03 1.335470085470085409e-02
0.000000000000000000e+00 1.866987179487179516e-01 1.621260683760683829e-01 5.876068376068376009e-03 1.068376068376068397e-02
0.000000000000000000e+00 1.823361823361823453e-01 1.975160256410256332e-01 6.410256410256410034e-03 1.362179487179487197e-02
0.000000000000000000e+00 2.018340455840455794e-01 1.956463675213675202e-01 6.232193732193732315e-03 1.308760683760683795e-02
0.000000000000000000e+00 2.037927350427350404e-01 1.818910256410256332e-01 5.519943019943019703e-03 1.282051282051282007e-02
0.000000000000000000e+00 1.996082621082621023e-01 2.106036324786324798e-01 6.054131054131053728e-03 1.308760683760683795e-02
0.000000000000000000e+00 3.666310541310541238e-01 2.577457264957264821e-02 5.698005698005698290e-03 1.095085470085470011e-02
0.000000000000000000e+00 3.822115384615384359e-01 1.869658119658119608e-02 5.163817663817663398e-03 1.014957264957264994e-02
0.000000000000000000e+00 3.683226495726495964e-01 4.874465811965811995e-02 6.232193732193732315e-03 1.148504273504273587e-02
0.000000000000000000e+00 3.703703703703703498e-01 6.250000000000000000e-02 5.341880341880341984e-03 1.282051282051282007e-02
0.000000000000000000e+00 3.719729344729344467e-01 7.518696581196580853e-02 5.341880341880341984e-03 1.148504273504273587e-02
0.000000000000000000e+00 3.747329059829059839e-01 1.002938034188034233e-01 5.876068376068376009e-03 1.148504273504273587e-02
0.000000000000000000e+00 3.933404558404558493e-01 1.045673076923076955e-01 5.341880341880341984e-03 1.095085470085470011e-02
0.000000000000000000e+00 3.770477207977208089e-01 1.148504273504273449e-01 6.944444444444444059e-03 1.869658119658119608e-02
0.000000000000000000e+00 3.794515669515669543e-01 1.432959401709401615e-01 5.341880341880341984e-03 1.469017094017094002e-02
0.000000000000000000e+00 3.816773504273504036e-01 1.649305555555555525e-01 5.876068376068376009e-03 1.415598290598290600e-02
0.000000000000000000e+00 3.829237891737891641e-01 1.979166666666666574e-01 5.876068376068376009e-03 1.282051282051282007e-02
0.000000000000000000e+00 4.005519943019942852e-01 1.770833333333333426e-01 5.163817663817663398e-03 1.228632478632478604e-02
0.000000000000000000e+00 4.009081196581196771e-01 1.928418803418803507e-01 5.163817663817663398e-03 1.175213675213675202e-02
0.000000000000000000e+00 4.320690883190883014e-01 6.383547008547008073e-02 6.588319088319088621e-03 4.807692307692307959e-03
0.000000000000000000e+00 4.282407407407407551e-01 4.874465811965811995e-02 9.259259259259258745e-03 7.745726495726495964e-03
0.000000000000000000e+00 3.922720797720797847e-01 3.568376068376068466e-01 6.410256410256410034e-03 1.495726495726495790e-02
0.000000000000000000e+00 5.553774928774928288e-01 4.073183760683760785e-02 4.985754985754985678e-03 1.041666666666666609e-02
0.000000000000000000e+00 5.645477207977207534e-01 4.073183760683760785e-02 4.807692307692307959e-03 9.348290598290598039e-03
0.000000000000000000e+00 5.714921652421652842e-01 4.099893162393162399e-02 5.163817663817663398e-03 1.041666666666666609e-02
0.000000000000000000e+00 5.784366096866097040e-01 3.979700854700854440e-02 5.163817663817663398e-03 1.121794871794871799e-02
0.000000000000000000e+00 6.006054131054131551e-01 9.348290598290598039e-03 4.985754985754985678e-03 1.014957264957264994e-02
0.000000000000000000e+00 6.016737891737892197e-01 2.056623931623931603e-02 4.985754985754985678e-03 1.068376068376068397e-02
0.000000000000000000e+00 6.550035612535612950e-01 4.594017094017094349e-02 1.014957264957264994e-02 8.547008547008547868e-03
0.000000000000000000e+00 6.857193732193732627e-01 4.099893162393162399e-02 5.698005698005698290e-03 1.201923076923076990e-02
0.000000000000000000e+00 5.075676638176638278e-01 2.506677350427350404e-01 1.264245014245014322e-02 7.745726495726495964e-03
0.000000000000000000e+00 5.050747863247863068e-01 2.694978632478632341e-01 1.371082621082621127e-02 1.121794871794871799e-02
0.000000000000000000e+00 5.206552706552706189e-01 2.387820512820512941e-01 7.478632478632478951e-03 1.602564102564102422e-02
0.000000000000000000e+00 5.411324786324785974e-01 2.530715811965811857e-01 1.032763532763532680e-02 1.148504273504273587e-02
0.000000000000000000e+00 7.329950142450142314e-01 3.071581196581196424e-02 4.807692307692307959e-03 1.068376068376068397e-02
0.000000000000000000e+00 7.423433048433047965e-01 4.540598290598290426e-02 5.698005698005698290e-03 1.335470085470085409e-02
0.000000000000000000e+00 7.438568376068376287e-01 6.089743589743589619e-02 5.876068376068376009e-03 1.442307692307692388e-02
0.000000000000000000e+00 7.454594017094017255e-01 7.678952991452991927e-02 6.232193732193732315e-03 1.308760683760683795e-02
0.000000000000000000e+00 7.473290598290598385e-01 9.054487179487179238e-02 5.698005698005698290e-03 1.442307692307692388e-02
0.000000000000000000e+00 7.344195156695156879e-01 9.348290598290598385e-02 5.163817663817663398e-03 1.228632478632478604e-02
0.000000000000000000e+00 7.354878917378917524e-01 1.063034188034188005e-01 5.519943019943019703e-03 1.121794871794871799e-02
0.000000000000000000e+00 7.386930199430199462e-01 1.296741452991453103e-01 5.876068376068376009e-03 1.308760683760683795e-02
0.000000000000000000e+00 7.442129629629629095e-01 1.732104700854700807e-01 7.300569800569800365e-03 1.362179487179487197e-02
0.000000000000000000e+00 6.696047008547008073e-01 1.981837606837606736e-01 1.798433048433048520e-02 1.282051282051282007e-02
0.000000000000000000e+00 6.846509971509971981e-01 1.995192307692307820e-01 1.032763532763532680e-02 8.012820512820512109e-03
0.000000000000000000e+00 6.879451566951566566e-01 2.282318376068376009e-01 6.232193732193732315e-03 1.255341880341880392e-02
0.000000000000000000e+00 6.682692307692307265e-01 2.540064102564102422e-01 1.103988603988603941e-02 8.547008547008547868e-03
0.000000000000000000e+00 6.688034188034187588e-01 2.605502136752136932e-01 1.353276353276353268e-02 8.814102564102564014e-03
0.000000000000000000e+00 6.668447293447293811e-01 2.674946581196581130e-01 1.175213675213675202e-02 9.348290598290598039e-03
0.000000000000000000e+00 6.931980056980057148e-01 2.857905982905982745e-01 4.985754985754985678e-03 1.549145299145299193e-02
0.000000000000000000e+00 6.662215099715099731e-01 2.964743589743589758e-01 9.437321937321937332e-03 8.547008547008547868e-03
0.000000000000000000e+00 6.683582621082621023e-01 3.047542735042735318e-01 6.944444444444444059e-03 9.081196581196581893e-03
0.000000000000000000e+00 7.857015669515668987e-01 2.278311965811965767e-01 4.451566951566951653e-03 1.121794871794871799e-02
0.000000000000000000e+00 8.182870370370370905e-01 2.536057692307692180e-01 1.193019943019943060e-02 8.279914529914529989e-03
0.000000000000000000e+00 8.177528490028490582e-01 2.606837606837607013e-01 1.193019943019943060e-02 1.014957264957264994e-02
0.000000000000000000e+00 8.165064102564102422e-01 2.668269230769230727e-01 1.193019943019943060e-02 8.547008547008547868e-03
0.000000000000000000e+00 8.164173789173788665e-01 2.732371794871794601e-01 1.175213675213675202e-02 9.615384615384615918e-03
0.000000000000000000e+00 8.170405982905982745e-01 2.809829059829059839e-01 1.121794871794871799e-02 9.615384615384615918e-03
0.000000000000000000e+00 7.872150997150997309e-01 2.932692307692307820e-01 9.615384615384615918e-03 8.547008547008547868e-03
0.000000000000000000e+00 7.854344729344728826e-01 3.002136752136752018e-01 8.547008547008547868e-03 8.547008547008547868e-03
0.000000000000000000e+00 8.171296296296296502e-01 3.048878205128205399e-01 1.282051282051282007e-02 9.348290598290598039e-03
0.000000000000000000e+00 8.178418803418803229e-01 3.130341880341880323e-01 1.068376068376068397e-02 8.012820512820512109e-03
0.000000000000000000e+00 8.171296296296296502e-01 3.205128205128205399e-01 1.139601139601139658e-02 9.081196581196581893e-03
0.000000000000000000e+00 7.860576923076922906e-01 3.153044871794871695e-01 1.371082621082621127e-02 8.279914529914529989e-03
0.000000000000000000e+00 7.859686609686609149e-01 3.230502136752136932e-01 1.317663817663817724e-02 9.348290598290598039e-03
0.000000000000000000e+00 7.849002849002848503e-01 3.366720085470085722e-01 1.175213675213675202e-02 8.279914529914529989e-03
0.000000000000000000e+00 7.846331908831908342e-01 3.452190170940170888e-01 1.121794871794871799e-02 8.279914529914529989e-03
0.000000000000000000e+00 8.176638176638176825e-01 3.346688034188033956e-01 1.103988603988603941e-02 9.081196581196581893e-03
0.000000000000000000e+00 9.367877492877493273e-01 1.834935897435897301e-01 1.210826210826210746e-02 1.068376068376068397e-02
0.000000000000000000e+00 9.521901709401708880e-01 1.753472222222222099e-01 1.335470085470085409e-02 1.255341880341880392e-02
0.000000000000000000e+00 9.746260683760683552e-01 1.665331196581196493e-01 1.193019943019943060e-02 1.041666666666666609e-02
0.000000000000000000e+00 8.252314814814815103e-01 1.203258547008547036e-01 5.519943019943019703e-03 1.095085470085470011e-02
0.000000000000000000e+00 8.582621082621082476e-01 1.195245726495726551e-01 5.698005698005698290e-03 1.255341880341880392e-02
0.000000000000000000e+00 7.912215099715099731e-01 1.669337606837606805e-02 9.081196581196581893e-03 7.745726495726495964e-03
0.000000000000000000e+00 7.916666666666666297e-01 2.711004273504273587e-02 9.615384615384615918e-03 8.279914529914529989e-03
0.000000000000000000e+00 8.246972934472934780e-01 5.435363247863247982e-02 5.876068376068376009e-03 1.201923076923076990e-02
0.000000000000000000e+00 8.270121082621082476e-01 1.615918803418803576e-02 5.519943019943019703e-03 1.095085470085470011e-02
0.000000000000000000e+00 8.351139601139601076e-01 1.455662393162393195e-02 5.698005698005698290e-03 1.095085470085470011e-02
0.000000000000000000e+00 8.558582621082621023e-01 8.814102564102564014e-03 6.944444444444444059e-03 1.495726495726495790e-02
0.000000000000000000e+00 8.449964387464387050e-01 1.431623931623931534e-01 4.807692307692307959e-03 5.876068376068376009e-03
0.000000000000000000e+00 9.480947293447293811e-01 4.123931623931623713e-01 7.300569800569800365e-03 1.549145299145299193e-02
0.000000000000000000e+00 1.573183760683760646e-01 5.510149572649573058e-01 1.299857549857549865e-02 1.068376068376068397e-02
0.000000000000000000e+00 1.549145299145299193e-01 5.616987179487179516e-01 1.353276353276353268e-02 1.121794871794871799e-02
0.000000000000000000e+00 2.077991452991453103e-01 5.685096153846154188e-01 1.531339031339031334e-02 9.348290598290598039e-03
0.000000000000000000e+00 2.086004273504273587e-01 5.591613247863247427e-01 1.264245014245014322e-02 9.882478632478632063e-03
0.000000000000000000e+00 2.118055555555555525e-01 5.496794871794872250e-01 1.549145299145299193e-02 1.121794871794871799e-02
0.000000000000000000e+00 2.055733618233618332e-01 5.779914529914529364e-01 1.513532763532763475e-02 1.068376068376068397e-02
0.000000000000000000e+00 2.055733618233618332e-01 5.857371794871795156e-01 1.371082621082621127e-02 8.547008547008547868e-03
0.000000000000000000e+00 2.111823361823361722e-01 5.399305555555555802e-01 1.210826210826210746e-02 7.745726495726495964e-03
0.000000000000000000e+00 2.268518518518518601e-01 5.284455128205127750e-01 6.410256410256410034e-03 2.056623931623931603e-02
0.000000000000000000e+00 2.354878917378917247e-01 5.297809829059828557e-01 8.012820512820512109e-03 1.736111111111111188e-02
0.000000000000000000e+00 2.427884615384615363e-01 5.303151709401708880e-01 6.588319088319088621e-03 1.522435897435897405e-02
0.000000000000000000e+00 2.506232193732193525e-01 5.288461538461538547e-01 7.300569800569800365e-03 1.549145299145299193e-02
0.000000000000000000e+00 2.639779202279202153e-01 5.309829059829059839e-01 6.588319088319088621e-03 1.549145299145299193e-02
0.000000000000000000e+00 2.715455840455840431e-01 5.307158119658119677e-01 6.410256410256410034e-03 1.388888888888888812e-02
0.000000000000000000e+00 2.464387464387464421e-01 5.653044871794872250e-01 1.531339031339031334e-02 1.041666666666666609e-02
0.000000000000000000e+00 2.421652421652421561e-01 5.924145299145299193e-01 1.388888888888888812e-02 1.014957264957264994e-02
0.000000000000000000e+00 2.394052706552706467e-01 6.006944444444444198e-01 1.264245014245014322e-02 9.081196581196581893e-03
0.000000000000000000e+00 2.381588319088319139e-01 6.095085470085470636e-01 1.264245014245014322e-02 9.081196581196581893e-03
0.000000000000000000e+00 2.743055555555555802e-01 6.115117521367521292e-01 1.513532763532763475e-02 9.348290598290598039e-03
0.000000000000000000e+00 2.764423076923077094e-01 6.016292735042735318e-01 1.228632478632478604e-02 9.882478632478632063e-03
0.000000000000000000e+00 2.760861823361823175e-01 5.827991452991453381e-01 9.793447293447292770e-03 9.615384615384615918e-03
0.000000000000000000e+00 1.885683760683760646e-01 6.030982905982905651e-01 1.745014245014244944e-02 1.014957264957264994e-02
0.000000000000000000e+00 1.868767806267806197e-01 5.771901709401708880e-01 1.477920227920227932e-02 8.547008547008547868e-03
0.000000000000000000e+00 1.855413105413105390e-01 5.856036324786324521e-01 1.460113960113960073e-02 7.745726495726495964e-03
0.000000000000000000e+00 2.555199430199430188e-01 6.469017094017094349e-01 6.410256410256410034e-03 1.121794871794871799e-02
0.000000000000000000e+00 2.643340455840456071e-01 6.470352564102563875e-01 7.300569800569800365e-03 1.629273504273504383e-02
0.000000000000000000e+00 2.802706552706552556e-01 6.486378205128204844e-01 6.766381766381766340e-03 1.522435897435897405e-02
0.000000000000000000e+00 2.885505698005698116e-01 6.498397435897436125e-01 6.588319088319088621e-03 1.388888888888888812e-02
0.000000000000000000e+00 2.909544159544159569e-01 6.115117521367521292e-01 7.478632478632478951e-03 1.629273504273504383e-02
0.000000000000000000e+00 2.996794871794871695e-01 6.116452991452991927e-01 7.834757834757835257e-03 1.709401709401709574e-02
0.000000000000000000e+00 3.084935897435897578e-01 6.127136752136752573e-01 9.081196581196581893e-03 2.350427350427350404e-02
0.000000000000000000e+00 3.164173789173789220e-01 6.144497863247863068e-01 7.478632478632478951e-03 1.896367521367521222e-02
0.000000000000000000e+00 3.745548433048432879e-01 4.910523504273504036e-01 8.368945868945869282e-03 2.056623931623931603e-02
0.000000000000000000e+00 2.012108262108262130e-02 7.592147435897436125e-01 8.190883190883190695e-03 1.949786324786324798e-02
0.000000000000000000e+00 4.095441595441595348e-03 8.177083333333333703e-01 6.766381766381766340e-03 2.003205128205128374e-02
0.000000000000000000e+00 1.335470085470085409e-02 8.186431623931623713e-01 7.834757834757835257e-03 2.029914529914529989e-02
0.000000000000000000e+00 3.507834757834758094e-02 8.178418803418803229e-01 1.246438746438746463e-02 2.083333333333333218e-02
0.000000000000000000e+00 2.466168091168091311e-02 8.139690170940171443e-01 1.086182336182336255e-02 2.003205128205128374e-02
0.000000000000000000e+00 5.279558404558404305e-02 8.247863247863247427e-01 1.442307692307692388e-02 1.655982905982905998e-02
0.000000000000000000e+00 6.143162393162392848e-02 7.936698717948718063e-01 1.424501424501424529e-02 1.308760683760683795e-02
0.000000000000000000e+00 6.134259259259259439e-02 8.472222222222222099e-01 1.050569800569800538e-02 2.190170940170940023e-02
0.000000000000000000e+00 5.733618233618233834e-02 8.680555555555555802e-01 1.709401709401709574e-02 1.228632478632478604e-02
0.000000000000000000e+00 5.324074074074074125e-02 8.819444444444444198e-01 1.958689458689458554e-02 1.282051282051282007e-02
0.000000000000000000e+00 5.110398860398860515e-02 8.963675213675214026e-01 1.602564102564102422e-02 1.282051282051282007e-02
0.000000000000000000e+00 4.433760683760683968e-02 9.097222222222222099e-01 1.745014245014244944e-02 1.655982905982905998e-02
0.000000000000000000e+00 3.926282051282051211e-02 9.216079059829059839e-01 1.299857549857549865e-02 1.362179487179487197e-02
0.000000000000000000e+00 3.338675213675213610e-02 9.326923076923077094e-01 1.655982905982905998e-02 1.923076923076923184e-02
0.000000000000000000e+00 2.742165242165242253e-02 9.432425213675214026e-01 1.638176638176638139e-02 1.896367521367521222e-02
0.000000000000000000e+00 5.083689458689458901e-02 9.827724358974359031e-01 1.584757834757834910e-02 1.682692307692307612e-02
0.000000000000000000e+00 2.351317663817663883e-01 9.403044871794872250e-01 8.012820512820512109e-03 1.949786324786324798e-02
0.000000000000000000e+00 2.464387464387464421e-01 9.425747863247863068e-01 8.903133903133903307e-03 1.976495726495726413e-02
0.000000000000000000e+00 2.568554131054130996e-01 9.448450854700854995e-01 7.656695156695156670e-03 1.949786324786324798e-02
0.000000000000000000e+00 2.663817663817663606e-01 9.449786324786324521e-01 8.190883190883190695e-03 2.083333333333333218e-02
0.000000000000000000e+00 3.119658119658119677e-01 9.523237179487179516e-01 1.032763532763532680e-02 2.430555555555555594e-02
0.000000000000000000e+00 3.149038461538461453e-01 9.250801282051281937e-01 9.081196581196581893e-03 2.270299145299145213e-02
0.000000000000000000e+00 3.545227920227920215e-01 9.204059829059828557e-01 8.903133903133903307e-03 2.403846153846153980e-02
0.000000000000000000e+00 3.421474358974359031e-01 9.941239316239316448e-01 7.300569800569800365e-03 1.121794871794871799e-02
0.000000000000000000e+00 3.278133903133902960e-01 8.393429487179486781e-01 8.547008547008547868e-03 2.163461538461538408e-02
0.000000000000000000e+00 3.241631054131053902e-01 8.676549145299145005e-01 8.368945868945869282e-03 2.430555555555555594e-02
0.000000000000000000e+00 3.200676638176638278e-01 8.952991452991453381e-01 9.437321937321937332e-03 2.297008547008547175e-02
0.000000000000000000e+00 3.623575498575498655e-01 8.588408119658119677e-01 8.190883190883190695e-03 2.056623931623931603e-02
0.000000000000000000e+00 3.582621082621082476e-01 8.898237179487179516e-01 8.190883190883190695e-03 2.270299145299145213e-02
0.000000000000000000e+00 3.384081196581196771e-01 7.593482905982905651e-01 7.656695156695156670e-03 1.923076923076923184e-02
0.000000000000000000e+00 3.350249287749287874e-01 7.847222222222222099e-01 7.656695156695156670e-03 2.136752136752136794e-02
0.000000000000000000e+00 3.311075498575498655e-01 8.116987179487179516e-01 8.368945868945869282e-03 2.243589743589743599e-02
0.000000000000000000e+00 4.107015669515669543e-01 6.967147435897436125e-01 1.335470085470085409e-02 1.095085470085470011e-02
0.000000000000000000e+00 4.096331908831908897e-01 7.067307692307692735e-01 1.228632478632478604e-02 1.121794871794871799e-02
0.000000000000000000e+00 4.284188034188033956e-01 7.441239316239316448e-01 9.615384615384615918e-03 2.617521367521367590e-02
0.000000000000000000e+00 4.866452991452991372e-01 7.132745726495726135e-01 7.478632478632478951e-03 1.789529914529914417e-02
0.000000000000000000e+00 5.066773504273504036e-01 7.594818376068376287e-01 6.232193732193732315e-03 1.896367521367521222e-02
0.000000000000000000e+00 4.318019943019942852e-01 6.419604700854700807e-01 6.410256410256410034e-03 1.736111111111111188e-02
0.000000000000000000e+00 4.483618233618233417e-01 6.443643162393162260e-01 7.122507122507122646e-03 1.682692307692307612e-02
0.000000000000000000e+00 4.575320512820512664e-01 6.440972222222222099e-01 8.012820512820512109e-03 1.949786324786324798e-02
0.000000000000000000e+00 4.730235042735042583e-01 6.483707264957264682e-01 7.300569800569800365e-03 1.842948717948717993e-02
0.000000000000000000e+00 4.817485754985754709e-01 6.491720085470085166e-01 6.588319088319088621e-03 1.789529914529914417e-02
0.000000000000000000e+00 4.900284900284900269e-01 6.515758547008546619e-01 5.698005698005698290e-03 1.629273504273504383e-02
0.000000000000000000e+00 4.983974358974359031e-01 6.523771367521367104e-01 6.410256410256410034e-03 1.629273504273504383e-02
0.000000000000000000e+00 5.073005698005698116e-01 6.531784188034187588e-01 6.766381766381766340e-03 1.789529914529914417e-02
0.000000000000000000e+00 5.157585470085470636e-01 6.545138888888888395e-01 6.944444444444444059e-03 1.575854700854700807e-02
0.000000000000000000e+00 5.146901709401708880e-01 6.805555555555555802e-01 7.656695156695156670e-03 1.923076923076923184e-02
0.000000000000000000e+00 5.412215099715099731e-01 6.585202991452991927e-01 6.944444444444444059e-03 1.896367521367521222e-02
0.000000000000000000e+00 5.320512820512820484e-01 6.837606837606837740e-01 7.478632478632478951e-03 1.655982905982905998e-02
0.000000000000000000e+00 5.488782051282051766e-01 6.845619658119658224e-01 7.300569800569800365e-03 1.976495726495726413e-02
0.000000000000000000e+00 5.646367521367521292e-01 6.913728632478632896e-01 7.478632478632478951e-03 2.163461538461538408e-02
0.000000000000000000e+00 5.746972934472934780e-01 6.638621794871795156e-01 8.012820512820512109e-03 1.949786324786324798e-02
0.000000000000000000e+00 5.288461538461538547e-01 7.218215811965812412e-01 6.766381766381766340e-03 1.682692307692307612e-02
0.000000000000000000e+00 5.377492877492877632e-01 7.226228632478632896e-01 7.122507122507122646e-03 2.003205128205128374e-02
0.000000000000000000e+00 6.045227920227920215e-01 7.334401709401708880e-01 7.478632478632478951e-03 1.976495726495726413e-02
0.000000000000000000e+00 6.004273504273504036e-01 6.682692307692307265e-01 6.410256410256410034e-03 1.602564102564102422e-02
0.000000000000000000e+00 6.102207977207977363e-01 6.696047008547008073e-01 6.410256410256410034e-03 1.762820512820512803e-02
0.000000000000000000e+00 5.925035612535612950e-01 6.933760683760683552e-01 6.232193732193732315e-03 1.655982905982905998e-02
0.000000000000000000e+00 6.078169515669515910e-01 6.953792735042735318e-01 6.232193732193732315e-03 1.629273504273504383e-02
0.000000000000000000e+00 6.253561253561253919e-01 6.987179487179486781e-01 7.122507122507122646e-03 1.923076923076923184e-02
0.000000000000000000e+00 6.509971509971509418e-01 7.159455128205127750e-01 1.602564102564102422e-02 1.041666666666666609e-02
0.000000000000000000e+00 6.933760683760683552e-01 6.826923076923077094e-01 7.122507122507122646e-03 1.709401709401709574e-02
0.000000000000000000e+00 7.208867521367521292e-01 6.742788461538461453e-01 1.193019943019943060e-02 1.095085470085470011e-02
0.000000000000000000e+00 7.182158119658119677e-01 6.633279914529914834e-01 1.442307692307692388e-02 1.041666666666666609e-02
0.000000000000000000e+00 4.557514245014245291e-01 8.981036324786324521e-01 1.442307692307692388e-02 1.308760683760683795e-02
0.000000000000000000e+00 5.467414529914529364e-01 9.225427350427350959e-01 8.725071225071224720e-03 2.617521367521367590e-02
0.000000000000000000e+00 5.465633903133902960e-01 9.935897435897436125e-01 5.876068376068376009e-03 1.175213675213675202e-02
0.000000000000000000e+00 6.636396011396011874e-01 9.595352564102563875e-01 1.460113960113960073e-02 1.095085470085470011e-02
0.000000000000000000e+00 9.140847578347578439e-01 9.114583333333333703e-01 8.368945868945869282e-03 1.789529914529914417e-02
0.000000000000000000e+00 9.230769230769231282e-01 9.704861111111111605e-01 9.971509971509971357e-03 2.537393162393162399e-02
0.000000000000000000e+00 8.932514245014244736e-01 9.925213675213675479e-01 1.335470085470085409e-02 1.282051282051282007e-02
