0.000000000000000000e+00 1.940883190883191042e-02 5.782585470085470358e-02 1.139601139601139658e-02 9.882478632478632063e-03
0.000000000000000000e+00 1.700498575498575471e-02 6.450320512820513497e-02 1.299857549857549865e-02 9.348290598290598039e-03
0.000000000000000000e+00 1.130698005698005729e-02 7.358440170940171166e-02 1.335470085470085409e-02 1.201923076923076990e-02
0.000000000000000000e+00 6.054131054131053728e-03 8.039529914529915111e-02 1.103988603988603941e-02 8.012820512820512109e-03
0.000000000000000000e+00 2.941595441595441507e-01 8.907585470085470358e-02 1.068376068376068397e-02 9.348290598290598039e-03
0.000000000000000000e+00 2.365562678062678170e-01 2.244925213675213749e-01 1.157407407407407343e-02 1.041666666666666609e-02
0.000000000000000000e+00 2.322827635327635309e-01 2.345085470085470081e-01 1.477920227920227932e-02 1.388888888888888812e-02
0.000000000000000000e+00 2.022792022792022915e-01 2.540064102564102422e-01 8.903133903133903307e-03 8.012820512820512109e-03
0.000000000000000000e+00 3.891559829059829112e-01 1.081730769230769273e-01 7.656695156695156670e-03 1.335470085470085409e-02
0.000000000000000000e+00 3.514957264957264682e-01 2.009882478632478708e-01 8.547008547008547868e-03 1.255341880341880392e-02
0.000000000000000000e+00 3.129451566951567121e-01 2.732371794871794601e-01 1.050569800569800538e-02 1.495726495726495790e-02
0.000000000000000000e+00 2.638888888888888951e-01 3.514957264957264682e-01 1.246438746438746463e-02 1.602564102564102422e-02
0.000000000000000000e+00 1.927528490028490027e-01 3.585737179487179516e-01 9.081196581196581893e-03 1.469017094017094002e-02
0.000000000000000000e+00 2.085113960113960108e-01 4.326923076923077094e-01 1.282051282051282007e-02 1.709401709401709574e-02
0.000000000000000000e+00 7.719017094017094349e-02 5.002670940170940161e-01 1.655982905982905998e-02 1.175213675213675202e-02
0.000000000000000000e+00 8.814102564102564014e-03 6.939102564102563875e-01 1.584757834757834910e-02 1.976495726495726413e-02
0.000000000000000000e+00 2.981659544159543929e-01 4.288194444444444198e-01 8.368945868945869282e-03 9.882478632478632063e-03
0.000000000000000000e+00 3.299501424501424252e-01 4.224091880341880323e-01 9.615384615384615918e-03 9.882478632478632063e-03
0.000000000000000000e+00 4.938568376068376287e-01 1.255341880341880392e-02 9.437321937321937332e-03 9.615384615384615918e-03
0.000000000000000000e+00 5.224358974358974672e-01 2.270299145299145213e-02 1.032763532763532680e-02 1.014957264957264994e-02
0.000000000000000000e+00 6.190349002849002691e-01 6.089743589743589619e-02 9.437321937321937332e-03 1.121794871794871799e-02
0.000000000000000000e+00 6.329237891737892197e-01 6.570512820512820762e-02 1.228632478632478604e-02 1.068376068376068397e-02
0.000000000000000000e+00 7.098468660968660915e-01 9.508547008547008073e-02 1.193019943019943060e-02 1.335470085470085409e-02
0.000000000000000000e+00 7.171474358974359031e-01 7.919337606837606458e-02 9.437321937321937332e-03 1.041666666666666609e-02
0.000000000000000000e+00 7.311253561253561184e-01 8.573717948717948789e-02 1.210826210826210746e-02 1.014957264957264994e-02
0.000000000000000000e+00 8.939636752136752573e-01 5.341880341880341984e-03 5.163817663817663398e-03 1.014957264957264994e-02
0.000000000000000000e+00 8.969017094017094349e-01 3.952991452991452825e-02 5.341880341880341984e-03 1.442307692307692388e-02
0.000000000000000000e+00 8.977920227920227481e-01 5.261752136752136794e-02 5.698005698005698290e-03 1.175213675213675202e-02
0.000000000000000000e+00 8.982371794871795156e-01 7.745726495726495964e-02 5.163817663817663398e-03 1.228632478632478604e-02
0.000000000000000000e+00 8.994836182336182206e-01 8.947649572649572780e-02 4.807692307692307959e-03 1.121794871794871799e-02
0.000000000000000000e+00 9.007300569800569257e-01 1.123130341880341915e-01 4.807692307692307959e-03 1.201923076923076990e-02
0.000000000000000000e+00 7.944266381766381668e-01 1.338141025641025605e-01 9.081196581196581893e-03 8.012820512820512109e-03
0.000000000000000000e+00 8.212250712250712681e-01 1.185897435897435848e-01 1.317663817663817724e-02 1.014957264957264994e-02
0.000000000000000000e+00 8.150819088319087857e-01 1.420940170940170888e-01 1.014957264957264994e-02 1.228632478632478604e-02
0.000000000000000000e+00 8.274572649572649041e-01 1.478365384615384637e-01 9.971509971509971357e-03 1.041666666666666609e-02
0.000000000000000000e+00 8.522079772079772519e-01 1.376869658119658224e-01 1.139601139601139658e-02 1.041666666666666609e-02
0.000000000000000000e+00 8.608440170940171443e-01 1.820245726495726413e-01 5.876068376068376009e-03 7.745726495726495964e-03
0.000000000000000000e+00 8.754451566951566566e-01 1.887019230769230727e-01 5.519943019943019703e-03 9.348290598290598039e-03
0.000000000000000000e+00 8.818554131054131551e-01 1.927083333333333426e-01 6.588319088319088621e-03 1.255341880341880392e-02
0.000000000000000000e+00 8.896011396011396233e-01 1.939102564102564152e-01 9.615384615384615918e-03 2.136752136752136794e-02
0.000000000000000000e+00 8.969907407407406996e-01 1.968482905982905928e-01 6.588319088319088621e-03 1.121794871794871799e-02
0.000000000000000000e+00 9.115028490028490582e-01 2.052617521367521292e-01 8.190883190883190695e-03 1.789529914529914417e-02
0.000000000000000000e+00 9.190705128205127750e-01 2.071314102564102699e-01 6.944444444444444059e-03 1.201923076923076990e-02
0.000000000000000000e+00 9.261039886039885705e-01 2.094017094017094072e-01 7.122507122507122646e-03 1.282051282051282007e-02
0.000000000000000000e+00 9.336716524216523982e-01 2.116720085470085444e-01 6.232193732193732315e-03 1.095085470085470011e-02
0.000000000000000000e+00 9.408831908831908342e-01 2.139423076923076816e-01 7.478632478632478951e-03 1.388888888888888812e-02
0.000000000000000000e+00 9.442663817663817794e-01 1.925747863247863345e-01 1.103988603988603941e-02 1.228632478632478604e-02
0.000000000000000000e+00 8.873753561253561184e-01 2.247596153846153910e-01 7.656695156695156670e-03 1.469017094017094002e-02
0.000000000000000000e+00 8.959223646723646350e-01 2.280982905982905928e-01 1.014957264957264994e-02 1.014957264957264994e-02
0.000000000000000000e+00 8.969017094017094349e-01 2.339743589743589758e-01 1.175213675213675202e-02 4.807692307692307959e-03
0.000000000000000000e+00 9.300213675213675479e-01 2.338408119658119677e-01 1.495726495726495790e-02 1.148504273504273587e-02
0.000000000000000000e+00 9.407051282051281937e-01 2.353098290598290565e-01 4.273504273504273934e-03 9.081196581196581893e-03
0.000000000000000000e+00 9.326923076923077094e-01 2.474626068376068466e-01 1.103988603988603941e-02 9.882478632478632063e-03
0.000000000000000000e+00 9.350071225071224790e-01 2.621527777777777901e-01 1.353276353276353268e-02 9.348290598290598039e-03
0.000000000000000000e+00 9.017984330484331013e-01 2.755074786324786529e-01 1.299857549857549865e-02 8.279914529914529989e-03
0.000000000000000000e+00 9.031339031339031820e-01 2.836538461538461453e-01 1.103988603988603941e-02 1.014957264957264994e-02
0.000000000000000000e+00 9.057158119658119677e-01 2.986111111111111049e-01 1.442307692307692388e-02 9.615384615384615918e-03
0.000000000000000000e+00 9.384793447293446889e-01 2.841880341880341776e-01 1.193019943019943060e-02 9.615384615384615918e-03
0.000000000000000000e+00 9.414173789173788665e-01 2.978098290598290565e-01 1.246438746438746463e-02 9.615384615384615918e-03
