0.000000000000000000e+00 1.022079772079772103e-01 2.991452991452991581e-02 4.985754985754985678e-03 1.068376068376068397e-02
0.000000000000000000e+00 1.004273504273504314e-01 5.235042735042735179e-02 5.341880341880341984e-03 1.175213675213675202e-02
0.000000000000000000e+00 1.002492877492877493e-01 6.623931623931623991e-02 4.985754985754985678e-03 1.282051282051282007e-02
0.000000000000000000e+00 9.998219373219373318e-02 7.892628205128204844e-02 4.807692307692307959e-03 1.148504273504273587e-02
0.000000000000000000e+00 9.891381766381766860e-02 1.030982905982905928e-01 5.876068376068376009e-03 1.121794871794871799e-02
0.000000000000000000e+00 9.855769230769230449e-02 1.179220085470085444e-01 6.232193732193732315e-03 1.842948717948717993e-02
0.000000000000000000e+00 1.161858974358974395e-01 1.083066239316239354e-01 4.095441595441595348e-03 1.095085470085470011e-02
0.000000000000000000e+00 9.704415954415954171e-02 1.459668803418803507e-01 5.698005698005698290e-03 1.469017094017094002e-02
0.000000000000000000e+00 9.597578347578347713e-02 1.672008547008546897e-01 7.122507122507122646e-03 1.442307692307692388e-02
0.000000000000000000e+00 9.205840455840455516e-02 2.003205128205128305e-01 6.410256410256410034e-03 1.335470085470085409e-02
0.000000000000000000e+00 1.102207977207977224e-01 1.953792735042735040e-01 5.341880341880341984e-03 1.095085470085470011e-02
0.000000000000000000e+00 1.128917378917378977e-01 1.797542735042735040e-01 5.341880341880341984e-03 1.175213675213675202e-02
0.000000000000000000e+00 7.300569800569800538e-02 3.827457264957264682e-01 7.122507122507122646e-03 1.495726495726495790e-02
0.000000000000000000e+00 3.908475783475783699e-02 4.877136752136752018e-01 1.086182336182336255e-02 2.136752136752136794e-02
0.000000000000000000e+00 4.211182336182336255e-02 6.920405982905982745e-01 1.371082621082621127e-02 1.121794871794871799e-02
0.000000000000000000e+00 3.961894586894586928e-02 7.015224358974359031e-01 1.335470085470085409e-02 1.095085470085470011e-02
0.000000000000000000e+00 1.141381766381766444e-01 7.090010683760683552e-01 9.259259259259258745e-03 1.789529914529914417e-02
0.000000000000000000e+00 5.083689458689458901e-02 7.385149572649573058e-01 1.406695156695156670e-02 2.510683760683760785e-02
0.000000000000000000e+00 1.259793447293447166e-01 7.540064102564102422e-01 8.012820512820512109e-03 1.816239316239316379e-02
0.000000000000000000e+00 7.069088319088319416e-02 6.390224358974359031e-01 8.547008547008547868e-03 1.629273504273504383e-02
0.000000000000000000e+00 7.914886039886040447e-02 6.388888888888888395e-01 7.656695156695156670e-03 1.923076923076923184e-02
0.000000000000000000e+00 9.561965811965811302e-02 6.408920940170940161e-01 1.068376068376068397e-02 1.949786324786324798e-02
0.000000000000000000e+00 1.100427350427350404e-01 6.455662393162393542e-01 7.478632478632478951e-03 1.602564102564102422e-02
0.000000000000000000e+00 1.193019943019942991e-01 6.450320512820513219e-01 8.903133903133903307e-03 1.762820512820512803e-02
0.000000000000000000e+00 1.274928774928774933e-01 6.470352564102563875e-01 9.259259259259258745e-03 1.682692307692307612e-02
0.000000000000000000e+00 1.433404558404558493e-01 6.507745726495726135e-01 8.903133903133903307e-03 1.896367521367521222e-02
0.000000000000000000e+00 1.518874643874643937e-01 6.521100427350426942e-01 9.971509971509971357e-03 1.629273504273504383e-02
0.000000000000000000e+00 1.467236467236467112e-01 6.772168803418803229e-01 9.971509971509971357e-03 1.896367521367521222e-02
0.000000000000000000e+00 1.346153846153846090e-01 6.487713675213675479e-01 7.834757834757835257e-03 1.655982905982905998e-02
0.000000000000000000e+00 1.592770655270655256e-01 6.543803418803418870e-01 8.725071225071224720e-03 1.549145299145299193e-02
0.000000000000000000e+00 1.682692307692307820e-01 6.557158119658119677e-01 8.190883190883190695e-03 1.495726495726495790e-02
0.000000000000000000e+00 1.754807692307692180e-01 6.571848290598291120e-01 6.944444444444444059e-03 1.682692307692307612e-02
0.000000000000000000e+00 1.998753561253561184e-01 6.611912393162393542e-01 8.012820512820512109e-03 1.629273504273504383e-02
0.000000000000000000e+00 2.079772079772079785e-01 6.611912393162393542e-01 8.547008547008547868e-03 1.896367521367521222e-02
0.000000000000000000e+00 1.634615384615384637e-01 6.802884615384615641e-01 8.547008547008547868e-03 1.602564102564102422e-02
0.000000000000000000e+00 1.793091168091168197e-01 6.817574786324785974e-01 1.068376068376068397e-02 1.949786324786324798e-02
0.000000000000000000e+00 1.940883190883190834e-01 6.876335470085470636e-01 1.068376068376068397e-02 2.270299145299145213e-02
0.000000000000000000e+00 1.536680911680911588e-01 7.182158119658119677e-01 8.547008547008547868e-03 1.655982905982905998e-02
0.000000000000000000e+00 1.627492877492877354e-01 7.186164529914529364e-01 8.903133903133903307e-03 2.003205128205128374e-02
0.000000000000000000e+00 2.062856125356125336e-01 7.252938034188034511e-01 8.725071225071224720e-03 1.308760683760683795e-02
0.000000000000000000e+00 2.258725071225071157e-01 7.310363247863247427e-01 9.437321937321937332e-03 2.083333333333333218e-02
0.000000000000000000e+00 2.209757834757834771e-01 6.899038461538461453e-01 8.547008547008547868e-03 1.816239316239316379e-02
0.000000000000000000e+00 2.362891737891738009e-01 6.923076923076922906e-01 8.547008547008547868e-03 1.869658119658119608e-02
0.000000000000000000e+00 2.326388888888888951e-01 6.653311965811965489e-01 8.012820512820512109e-03 1.709401709401709574e-02
0.000000000000000000e+00 2.412749287749287874e-01 6.681356837606837740e-01 6.410256410256410034e-03 1.682692307692307612e-02
0.000000000000000000e+00 2.522257834757834494e-01 6.960470085470085166e-01 9.793447293447292770e-03 1.869658119658119608e-02
0.000000000000000000e+00 2.751068376068376287e-01 7.134081196581196771e-01 1.602564102564102422e-02 1.121794871794871799e-02
0.000000000000000000e+00 2.954950142450142314e-01 6.350160256410256610e-01 9.437321937321937332e-03 2.110042735042735179e-02
0.000000000000000000e+00 3.217592592592592449e-01 6.812232905982905651e-01 8.190883190883190695e-03 1.842948717948717993e-02
0.000000000000000000e+00 3.503383190883190834e-01 6.728098290598291120e-01 1.264245014245014322e-02 1.175213675213675202e-02
0.000000000000000000e+00 3.495370370370370350e-01 6.622596153846154188e-01 1.388888888888888812e-02 9.348290598290598039e-03
0.000000000000000000e+00 5.386396011396011457e-02 8.895566239316239354e-01 1.442307692307692388e-02 1.201923076923076990e-02
0.000000000000000000e+00 2.982549857549857478e-02 9.970619658119658224e-01 1.406695156695156670e-02 4.807692307692307959e-03
0.000000000000000000e+00 2.487535612535612672e-01 9.525908119658119677e-01 1.460113960113960073e-02 1.148504273504273587e-02
0.000000000000000000e+00 5.031160968660968180e-01 9.082532051282051766e-01 6.588319088319088621e-03 1.842948717948717993e-02
0.000000000000000000e+00 5.024038461538461453e-01 9.659455128205127750e-01 7.300569800569800365e-03 2.590811965811965975e-02
0.000000000000000000e+00 4.673254985754985991e-01 9.877136752136752573e-01 1.620370370370370280e-02 1.335470085470085409e-02
0.000000000000000000e+00 4.668803418803418870e-01 9.971955128205127750e-01 1.745014245014244944e-02 5.074786324786324972e-03
0.000000000000000000e+00 6.346153846153845812e-01 5.829326923076922906e-01 7.834757834757835257e-03 2.056623931623931603e-02
0.000000000000000000e+00 6.537571225071224790e-01 6.241987179487179516e-01 7.300569800569800365e-03 2.083333333333333218e-02
0.000000000000000000e+00 8.147257834757835049e-01 8.604433760683760646e-01 8.012820512820512109e-03 1.789529914529914417e-02
0.000000000000000000e+00 8.260327635327635587e-01 9.698183760683760646e-01 7.478632478632478951e-03 2.297008547008547175e-02
0.000000000000000000e+00 8.327101139601139623e-01 9.935897435897436125e-01 1.620370370370370280e-02 1.175213675213675202e-02
0.000000000000000000e+00 8.453525641025640969e-01 9.487179487179486781e-01 8.725071225071224720e-03 1.869658119658119608e-02
0.000000000000000000e+00 8.561253561253561184e-01 9.512553418803418870e-01 4.629629629629629373e-03 1.949786324786324798e-02
0.000000000000000000e+00 8.940527065527065220e-01 9.503205128205127750e-01 9.971509971509971357e-03 2.670940170940170819e-02
0.000000000000000000e+00 9.212072649572649041e-01 9.527243589743589203e-01 1.014957264957264994e-02 2.350427350427350404e-02
0.000000000000000000e+00 8.829237891737892197e-01 8.999732905982905651e-01 8.012820512820512109e-03 9.348290598290598039e-03
0.000000000000000000e+00 8.741096866096865758e-01 8.971688034188034511e-01 7.478632478632478951e-03 9.081196581196581893e-03
0.000000000000000000e+00 8.547898860398860377e-01 8.919604700854700807e-01 8.012820512820512109e-03 8.814102564102564014e-03
0.000000000000000000e+00 8.766915954415954726e-01 8.182425213675214026e-01 7.656695156695156670e-03 2.163461538461538408e-02
0.000000000000000000e+00 9.033119658119658224e-01 8.257211538461538547e-01 6.410256410256410034e-03 1.789529914529914417e-02
0.000000000000000000e+00 9.390135327635327211e-01 8.361378205128204844e-01 6.588319088319088621e-03 1.896367521367521222e-02
0.000000000000000000e+00 7.949608262108261991e-01 6.567841880341880323e-01 7.656695156695156670e-03 2.029914529914529989e-02
0.000000000000000000e+00 8.439280626780626404e-01 6.026976495726495964e-01 1.442307692307692388e-02 1.255341880341880392e-02
0.000000000000000000e+00 8.849715099715099731e-01 6.465010683760683552e-01 7.122507122507122646e-03 8.279914529914529989e-03
0.000000000000000000e+00 9.110576923076922906e-01 6.531784188034187588e-01 7.300569800569800365e-03 8.279914529914529989e-03
0.000000000000000000e+00 9.354522792022792466e-01 6.594551282051281937e-01 6.944444444444444059e-03 8.012820512820512109e-03
0.000000000000000000e+00 9.683938746438746081e-01 6.686698717948718063e-01 7.300569800569800365e-03 6.677350427350427046e-03
0.000000000000000000e+00 9.446225071225071712e-01 6.627938034188034511e-01 6.410256410256410034e-03 6.677350427350427046e-03
0.000000000000000000e+00 9.651887464387464144e-01 4.428418803418803229e-01 1.264245014245014322e-02 1.014957264957264994e-02
0.000000000000000000e+00 9.934116809116808611e-01 1.828258547008546897e-01 6.766381766381766340e-03 1.201923076923076990e-02
0.000000000000000000e+00 9.951032763532763337e-01 1.951121794871794879e-01 6.232193732193732315e-03 1.201923076923076990e-02
0.000000000000000000e+00 9.618945868945868449e-01 7.478632478632478951e-03 4.985754985754985678e-03 1.121794871794871799e-02
0.000000000000000000e+00 9.624287749287748772e-01 4.260149572649572780e-02 4.629629629629629373e-03 1.041666666666666609e-02
0.000000000000000000e+00 9.022435897435897578e-01 2.270299145299145213e-02 9.259259259259258745e-03 5.876068376068376009e-03
0.000000000000000000e+00 8.270121082621082476e-01 4.807692307692307959e-02 1.121794871794871799e-02 9.081196581196581893e-03
0.000000000000000000e+00 8.935185185185184897e-01 8.573717948717948789e-02 1.317663817663817724e-02 9.081196581196581893e-03
0.000000000000000000e+00 8.114316239316239354e-01 1.213942307692307682e-01 1.282051282051282007e-02 9.348290598290598039e-03
0.000000000000000000e+00 7.907763532763533165e-01 1.295405982905983022e-01 1.139601139601139658e-02 1.068376068376068397e-02
0.000000000000000000e+00 7.570334757834757955e-01 1.431623931623931534e-01 1.014957264957264994e-02 9.081196581196581893e-03
0.000000000000000000e+00 7.418091168091167642e-01 1.493055555555555525e-01 1.139601139601139658e-02 1.068376068376068397e-02
0.000000000000000000e+00 7.291666666666666297e-01 1.546474358974359031e-01 1.246438746438746463e-02 1.068376068376068397e-02
0.000000000000000000e+00 7.173254985754985436e-01 1.591880341880341776e-01 9.793447293447292770e-03 8.547008547008547868e-03
0.000000000000000000e+00 6.813568376068376287e-01 1.732104700854700807e-01 8.012820512820512109e-03 9.882478632478632063e-03
0.000000000000000000e+00 6.428952991452991927e-01 1.893696581196581130e-01 1.228632478632478604e-02 9.615384615384615918e-03
0.000000000000000000e+00 6.594551282051281937e-01 1.818910256410256332e-01 1.299857549857549865e-02 1.175213675213675202e-02
0.000000000000000000e+00 5.236823361823361722e-01 8.012820512820512109e-03 1.139601139601139658e-02 8.547008547008547868e-03
0.000000000000000000e+00 5.236823361823361722e-01 2.323717948717948789e-02 9.971509971509971357e-03 7.478632478632478951e-03
0.000000000000000000e+00 5.229700854700854995e-01 3.325320512820512803e-02 9.615384615384615918e-03 7.745726495726495964e-03
0.000000000000000000e+00 5.426460113960114295e-01 2.938034188034188005e-03 4.451566951566951653e-03 4.807692307692307959e-03
0.000000000000000000e+00 5.598290598290598385e-01 2.270299145299145213e-02 4.985754985754985678e-03 1.014957264957264994e-02
0.000000000000000000e+00 5.681089743589743390e-01 2.136752136752136794e-02 5.163817663817663398e-03 1.068376068376068397e-02
0.000000000000000000e+00 5.893874643874643660e-01 1.522435897435897405e-02 5.698005698005698290e-03 1.549145299145299193e-02
0.000000000000000000e+00 5.511930199430199462e-01 6.049679487179487197e-02 5.163817663817663398e-03 1.201923076923076990e-02
0.000000000000000000e+00 5.422008547008546619e-01 1.258012820512820484e-01 4.629629629629629373e-03 1.068376068376068397e-02
0.000000000000000000e+00 5.746082621082621023e-01 1.256677350427350404e-01 5.341880341880341984e-03 1.255341880341880392e-02
0.000000000000000000e+00 6.108440170940171443e-01 4.147970085470085722e-01 6.588319088319088621e-03 1.335470085470085409e-02
0.000000000000000000e+00 6.174323361823361722e-01 4.168002136752136932e-01 5.876068376068376009e-03 1.575854700854700807e-02
0.000000000000000000e+00 4.930555555555555802e-01 3.872863247863247982e-01 5.698005698005698290e-03 1.014957264957264994e-02
0.000000000000000000e+00 4.661680911680911588e-01 3.484241452991452825e-01 1.103988603988603941e-02 9.348290598290598039e-03
0.000000000000000000e+00 4.674145299145299193e-01 3.405448717948718063e-01 1.210826210826210746e-02 8.547008547008547868e-03
0.000000000000000000e+00 5.002670940170940161e-01 3.388087606837607013e-01 1.121794871794871799e-02 9.882478632478632063e-03
0.000000000000000000e+00 5.024928774928775210e-01 3.246527777777777901e-01 1.139601139601139658e-02 9.882478632478632063e-03
0.000000000000000000e+00 4.708867521367521292e-01 3.266559829059829112e-01 1.299857549857549865e-02 9.081196581196581893e-03
0.000000000000000000e+00 4.717770655270655533e-01 3.189102564102563875e-01 1.406695156695156670e-02 8.547008547008547868e-03
0.000000000000000000e+00 5.043625356125356340e-01 3.169070512820512664e-01 1.086182336182336255e-02 8.814102564102564014e-03
0.000000000000000000e+00 5.045405982905982745e-01 3.092948717948718063e-01 1.228632478632478604e-02 9.081196581196581893e-03
0.000000000000000000e+00 4.728454415954416179e-01 3.043536324786324521e-01 1.157407407407407343e-02 9.348290598290598039e-03
0.000000000000000000e+00 4.748931623931623713e-01 2.975427350427350404e-01 1.424501424501424529e-02 9.081196581196581893e-03
0.000000000000000000e+00 5.081908831908832358e-01 2.851228632478632341e-01 1.139601139601139658e-02 9.348290598290598039e-03
0.000000000000000000e+00 5.088141025641025328e-01 2.777777777777777901e-01 1.157407407407407343e-02 9.615384615384615918e-03
0.000000000000000000e+00 5.100605413105413488e-01 2.715010683760683552e-01 1.264245014245014322e-02 9.348290598290598039e-03
0.000000000000000000e+00 5.122863247863247427e-01 2.652243589743589758e-01 1.175213675213675202e-02 9.615384615384615918e-03
0.000000000000000000e+00 5.135327635327635587e-01 2.584134615384615641e-01 1.032763532763532680e-02 9.348290598290598039e-03
0.000000000000000000e+00 4.590455840455840431e-01 2.325053418803418870e-01 2.136752136752136967e-03 1.148504273504273587e-02
0.000000000000000000e+00 4.646545584045583821e-01 2.322382478632478708e-01 5.519943019943019703e-03 1.362179487179487197e-02
0.000000000000000000e+00 4.773860398860398924e-01 2.329059829059829112e-01 4.985754985754985678e-03 1.228632478632478604e-02
0.000000000000000000e+00 4.851317663817663606e-01 2.323717948717948789e-01 5.163817663817663398e-03 1.175213675213675202e-02
0.000000000000000000e+00 4.530804843304843121e-01 1.786858974358974395e-01 6.588319088319088621e-03 1.495726495726495790e-02
0.000000000000000000e+00 4.545940170940170888e-01 1.348824786324786251e-01 5.341880341880341984e-03 1.282051282051282007e-02
0.000000000000000000e+00 4.553062678062678170e-01 1.116452991452991511e-01 5.341880341880341984e-03 1.175213675213675202e-02
0.000000000000000000e+00 4.558404558404558493e-01 9.895833333333332871e-02 4.629629629629629373e-03 1.201923076923076990e-02
0.000000000000000000e+00 4.690170940170940161e-01 9.602029914529915111e-02 5.341880341880341984e-03 1.362179487179487197e-02
0.000000000000000000e+00 4.637642450142450135e-01 3.672542735042735179e-02 4.807692307692307959e-03 1.095085470085470011e-02
0.000000000000000000e+00 4.707977207977208089e-01 5.128205128205128027e-02 4.985754985754985678e-03 1.388888888888888812e-02
0.000000000000000000e+00 4.702635327635327767e-01 6.677350427350427220e-02 5.698005698005698290e-03 1.442307692307692388e-02
0.000000000000000000e+00 4.694622507122507282e-01 8.279914529914529642e-02 5.163817663817663398e-03 1.335470085470085409e-02
0.000000000000000000e+00 3.748219373219373041e-01 2.028579059829059839e-01 1.780626780626780661e-02 1.362179487179487197e-02
0.000000000000000000e+00 3.647613960113960108e-01 2.576121794871794601e-01 9.437321937321937332e-03 7.745726495726495964e-03
0.000000000000000000e+00 3.640491452991452825e-01 2.648237179487179516e-01 1.157407407407407343e-02 9.348290598290598039e-03
0.000000000000000000e+00 3.624465811965811857e-01 2.715010683760683552e-01 1.050569800569800538e-02 8.279914529914529989e-03
0.000000000000000000e+00 3.560363247863247982e-01 2.998130341880341776e-01 1.050569800569800538e-02 8.814102564102564014e-03
0.000000000000000000e+00 3.550569800569800538e-01 3.078258547008547175e-01 1.246438746438746463e-02 9.348290598290598039e-03
0.000000000000000000e+00 3.506944444444444198e-01 3.368055555555555802e-01 8.725071225071224720e-03 9.081196581196581893e-03
0.000000000000000000e+00 2.217770655270655256e-01 2.418536324786324798e-01 6.232193732193732315e-03 1.629273504273504383e-02
0.000000000000000000e+00 2.092236467236467112e-01 2.525373931623931534e-01 8.547008547008547868e-03 6.677350427350427046e-03
0.000000000000000000e+00 2.376246438746438816e-01 2.556089743589743390e-01 5.519943019943019703e-03 9.615384615384615918e-03
0.000000000000000000e+00 2.875712250712250673e-01 2.351762820512820484e-01 5.341880341880341984e-03 7.745726495726495964e-03
0.000000000000000000e+00 2.017450142450142314e-01 2.727029914529914278e-01 1.388888888888888812e-02 1.228632478632478604e-02
0.000000000000000000e+00 1.601673789173789220e-01 6.810897435897435293e-02 8.725071225071224720e-03 5.341880341880341984e-03
0.000000000000000000e+00 1.176994301994302022e-01 2.323717948717948789e-02 2.849002849002849145e-03 9.081196581196581893e-03
0.000000000000000000e+00 2.871260683760683552e-01 4.553952991452991234e-02 4.807692307692307959e-03 1.041666666666666609e-02
0.000000000000000000e+00 2.961182336182336394e-01 4.580662393162392848e-02 4.273504273504273934e-03 9.348290598290598039e-03
0.000000000000000000e+00 3.027955840455840431e-01 4.567307692307692041e-02 4.807692307692307959e-03 1.014957264957264994e-02
0.000000000000000000e+00 3.097400284900284628e-01 4.473824786324786390e-02 4.807692307692307959e-03 9.882478632478632063e-03
0.000000000000000000e+00 3.361823361823361722e-01 1.482371794871794810e-02 4.629629629629629373e-03 1.041666666666666609e-02
0.000000000000000000e+00 3.354700854700854440e-01 2.590811965811965975e-02 4.273504273504273934e-03 1.068376068376068397e-02
0.000000000000000000e+00 3.844373219373219408e-01 5.168269230769230449e-02 9.615384615384615918e-03 8.814102564102564014e-03
0.000000000000000000e+00 4.154202279202279247e-01 4.700854700854700807e-02 4.985754985754985678e-03 1.175213675213675202e-02
0.000000000000000000e+00 3.370726495726495964e-01 4.674145299145299019e-03 4.985754985754985678e-03 8.814102564102564014e-03
