0.000000000000000000e+00 2.136752136752136794e-02 4.687500000000000000e-02 6.410256410256410034e-03 1.095085470085470011e-02
0.000000000000000000e+00 2.973646723646723722e-02 4.714209401709401615e-02 6.054131054131053728e-03 9.882478632478632063e-03
0.000000000000000000e+00 3.641381766381766166e-02 4.754273504273504036e-02 5.519943019943019703e-03 9.615384615384615918e-03
0.000000000000000000e+00 7.193732193732194080e-02 2.844551282051282007e-02 5.698005698005698290e-03 1.095085470085470011e-02
0.000000000000000000e+00 7.434116809116808611e-02 1.709401709401709574e-02 5.876068376068376009e-03 1.014957264957264994e-02
0.000000000000000000e+00 7.701210826210826144e-02 5.876068376068376009e-03 6.232193732193732315e-03 1.068376068376068397e-02
0.000000000000000000e+00 1.169871794871794879e-01 5.435363247863247982e-02 9.971509971509971357e-03 7.211538461538461939e-03
0.000000000000000000e+00 1.973824786324786251e-01 4.006410256410256748e-02 6.232193732193732315e-03 1.121794871794871799e-02
0.000000000000000000e+00 1.979166666666666574e-01 6.931089743589743946e-02 4.095441595441595348e-03 1.308760683760683795e-02
0.000000000000000000e+00 1.925747863247863345e-01 9.869123931623931256e-02 4.451566951566951653e-03 1.415598290598290600e-02
0.000000000000000000e+00 1.799323361823361722e-01 1.014957264957264960e-01 5.876068376068376009e-03 1.282051282051282007e-02
0.000000000000000000e+00 1.774394586894586789e-01 1.143162393162393126e-01 6.944444444444444059e-03 1.121794871794871799e-02
0.000000000000000000e+00 1.737891737891738009e-01 1.374198717948718063e-01 6.766381766381766340e-03 1.362179487179487197e-02
0.000000000000000000e+00 1.651531339031339085e-01 1.801549145299145283e-01 8.012820512820512109e-03 1.415598290598290600e-02
0.000000000000000000e+00 1.617699430199430188e-01 2.339743589743589758e-01 5.876068376068376009e-03 1.121794871794871799e-02
0.000000000000000000e+00 1.687143874643874664e-01 2.338408119658119677e-01 6.588319088319088621e-03 1.362179487179487197e-02
0.000000000000000000e+00 1.813568376068376009e-01 2.339743589743589758e-01 5.876068376068376009e-03 1.121794871794871799e-02
0.000000000000000000e+00 1.889245014245014287e-01 2.339743589743589758e-01 6.054131054131053728e-03 1.228632478632478604e-02
0.000000000000000000e+00 1.581196581196581130e-01 2.609508547008547175e-01 7.834757834757835257e-03 1.655982905982905998e-02
0.000000000000000000e+00 2.128739316239316171e-01 2.600160256410256610e-01 1.050569800569800538e-02 9.348290598290598039e-03
0.000000000000000000e+00 2.105591168091168197e-01 2.669604700854700807e-01 1.121794871794871799e-02 9.882478632478632063e-03
0.000000000000000000e+00 2.073539886039885982e-01 2.727029914529914278e-01 1.228632478632478604e-02 1.014957264957264994e-02
0.000000000000000000e+00 2.054843304843304852e-01 2.791132478632478708e-01 1.139601139601139658e-02 9.081196581196581893e-03
0.000000000000000000e+00 2.039707977207977085e-01 2.865918803418803229e-01 1.157407407407407343e-02 9.615384615384615918e-03
0.000000000000000000e+00 1.689814814814814825e-01 2.983440170940170888e-01 1.388888888888888812e-02 9.081196581196581893e-03
0.000000000000000000e+00 1.655092592592592726e-01 3.047542735042735318e-01 1.228632478632478604e-02 9.081196581196581893e-03
0.000000000000000000e+00 1.959579772079771964e-01 3.099626068376068466e-01 1.193019943019943060e-02 9.348290598290598039e-03
0.000000000000000000e+00 1.623931623931623991e-01 3.197115384615384359e-01 1.460113960113960073e-02 8.547008547008547868e-03
0.000000000000000000e+00 1.603454415954415901e-01 3.273237179487179516e-01 1.299857549857549865e-02 9.348290598290598039e-03
0.000000000000000000e+00 1.547364672364672233e-01 3.409455128205128305e-01 1.246438746438746463e-02 8.814102564102564014e-03
0.000000000000000000e+00 1.521545584045584099e-01 3.485576923076922906e-01 1.157407407407407343e-02 8.012820512820512109e-03
0.000000000000000000e+00 1.873219373219373318e-01 3.392094017094017255e-01 1.068376068376068397e-02 9.081196581196581893e-03
0.000000000000000000e+00 1.918625356125356063e-01 3.249198717948718063e-01 1.086182336182336255e-02 9.882478632478632063e-03
0.000000000000000000e+00 1.948896011396011319e-01 3.177083333333333148e-01 1.050569800569800538e-02 8.279914529914529989e-03
0.000000000000000000e+00 4.852207977207977085e-02 3.074252136752136932e-01 1.228632478632478604e-02 9.081196581196581893e-03
0.000000000000000000e+00 4.994658119658119955e-02 2.991452991452991372e-01 8.368945868945869282e-03 7.478632478632478951e-03
0.000000000000000000e+00 3.908475783475783699e-02 3.357371794871794601e-01 1.086182336182336255e-02 9.615384615384615918e-03
0.000000000000000000e+00 2.606837606837607013e-01 1.121794871794871799e-02 1.175213675213675202e-02 8.012820512820512109e-03
0.000000000000000000e+00 2.810719373219373041e-01 5.074786324786324972e-03 6.232193732193732315e-03 8.547008547008547868e-03
0.000000000000000000e+00 2.584579772079771964e-01 2.670940170940170819e-02 1.050569800569800538e-02 8.012820512820512109e-03
0.000000000000000000e+00 2.564102564102563875e-01 3.685897435897435986e-02 9.971509971509971357e-03 8.012820512820512109e-03
0.000000000000000000e+00 2.946937321937321830e-01 2.657585470085470011e-02 6.410256410256410034e-03 1.041666666666666609e-02
0.000000000000000000e+00 3.030626780626780592e-01 2.524038461538461592e-02 6.054131054131053728e-03 1.041666666666666609e-02
0.000000000000000000e+00 2.801816239316239354e-01 6.423611111111110494e-02 6.232193732193732315e-03 1.148504273504273587e-02
0.000000000000000000e+00 2.613960113960113740e-01 1.290064102564102699e-01 4.985754985754985678e-03 1.068376068376068397e-02
0.000000000000000000e+00 2.938034188034188143e-01 1.288728632478632341e-01 5.698005698005698290e-03 1.255341880341880392e-02
0.000000000000000000e+00 3.517628205128205399e-01 1.921741452991453103e-01 1.228632478632478604e-02 1.041666666666666609e-02
0.000000000000000000e+00 3.692129629629629650e-01 1.841613247863247982e-01 1.299857549857549865e-02 1.148504273504273587e-02
0.000000000000000000e+00 4.725783475783476018e-01 8.814102564102564014e-03 1.032763532763532680e-02 9.615384615384615918e-03
0.000000000000000000e+00 5.561787749287748772e-01 5.341880341880341637e-02 1.086182336182336255e-02 1.014957264957264994e-02
0.000000000000000000e+00 6.345263532763533165e-01 2.897970085470085583e-02 9.437321937321937332e-03 5.608974358974358997e-03
0.000000000000000000e+00 4.289529914529914278e-01 1.633279914529914556e-01 1.175213675213675202e-02 9.348290598290598039e-03
0.000000000000000000e+00 4.425747863247863068e-01 1.585202991452991372e-01 1.264245014245014322e-02 1.041666666666666609e-02
0.000000000000000000e+00 4.560185185185185452e-01 1.535790598290598385e-01 1.210826210826210746e-02 1.068376068376068397e-02
0.000000000000000000e+00 4.710648148148148251e-01 1.473023504273504314e-01 8.725071225071224720e-03 9.882478632478632063e-03
0.000000000000000000e+00 5.076566951566952035e-01 1.340811965811965767e-01 1.139601139601139658e-02 1.068376068376068397e-02
0.000000000000000000e+00 5.251068376068376287e-01 1.266025641025640969e-01 5.341880341880341984e-03 8.547008547008547868e-03
0.000000000000000000e+00 2.708333333333333148e-01 4.137286324786324521e-01 6.410256410256410034e-03 1.602564102564102422e-02
0.000000000000000000e+00 6.960470085470085166e-01 1.455662393162393195e-02 5.341880341880341984e-03 1.148504273504273587e-02
0.000000000000000000e+00 6.913283475783476018e-01 4.941239316239316032e-02 4.807692307692307959e-03 1.014957264957264994e-02
0.000000000000000000e+00 6.525997150997151497e-01 1.209935897435897439e-01 1.103988603988603941e-02 8.012820512820512109e-03
0.000000000000000000e+00 6.552706552706553111e-01 1.259348290598290565e-01 1.032763532763532680e-02 6.677350427350427046e-03
0.000000000000000000e+00 6.606125356125356340e-01 1.372863247863247982e-01 1.068376068376068397e-02 9.081196581196581893e-03
0.000000000000000000e+00 6.354166666666666297e-01 1.431623931623931534e-01 1.086182336182336255e-02 9.615384615384615918e-03
0.000000000000000000e+00 6.370192307692307265e-01 1.491720085470085444e-01 1.050569800569800538e-02 8.814102564102564014e-03
0.000000000000000000e+00 6.403133903133902960e-01 1.541132478632478708e-01 1.032763532763532680e-02 1.014957264957264994e-02
0.000000000000000000e+00 6.690705128205127750e-01 1.742788461538461453e-01 6.232193732193732315e-03 1.736111111111111188e-02
0.000000000000000000e+00 7.004095441595441507e-01 1.888354700854700807e-01 5.519943019943019703e-03 1.228632478632478604e-02
0.000000000000000000e+00 7.002314814814815103e-01 2.012553418803418870e-01 4.807692307692307959e-03 9.882478632478632063e-03
0.000000000000000000e+00 7.013888888888888395e-01 2.389155982905983022e-01 4.985754985754985678e-03 1.201923076923076990e-02
0.000000000000000000e+00 7.021901709401708880e-01 2.565438034188033956e-01 5.163817663817663398e-03 1.362179487179487197e-02
0.000000000000000000e+00 7.199964387464387050e-01 2.425213675213675202e-01 8.368945868945869282e-03 8.012820512820512109e-03
0.000000000000000000e+00 7.788461538461538547e-01 2.490651709401709435e-01 1.175213675213675202e-02 9.348290598290598039e-03
0.000000000000000000e+00 7.830306267806267373e-01 2.686965811965811857e-01 1.086182336182336255e-02 8.547008547008547868e-03
0.000000000000000000e+00 7.862357549857549310e-01 2.958066239316239354e-01 1.228632478632478604e-02 8.814102564102564014e-03
0.000000000000000000e+00 7.883725071225071712e-01 3.099626068376068466e-01 1.371082621082621127e-02 8.279914529914529989e-03
0.000000000000000000e+00 7.564992877492877632e-01 2.980769230769230727e-01 1.193019943019943060e-02 8.547008547008547868e-03
0.000000000000000000e+00 7.271189458689458762e-01 2.982104700854700807e-01 1.371082621082621127e-02 8.814102564102564014e-03
0.000000000000000000e+00 7.249821937321937471e-01 2.912660256410256610e-01 1.193019943019943060e-02 8.279914529914529989e-03
0.000000000000000000e+00 7.207086894586894887e-01 2.616185897435897578e-01 1.157407407407407343e-02 6.677350427350427046e-03
0.000000000000000000e+00 7.483974358974359031e-01 2.622863247863247982e-01 9.259259259259258745e-03 6.410256410256410034e-03
0.000000000000000000e+00 7.578347578347578439e-01 2.889957264957264682e-01 1.103988603988603941e-02 8.547008547008547868e-03
0.000000000000000000e+00 7.525819088319087857e-01 2.702991452991452825e-01 1.086182336182336255e-02 6.944444444444444059e-03
0.000000000000000000e+00 7.605947293447293811e-01 4.728899572649572502e-01 1.477920227920227932e-02 1.201923076923076990e-02
0.000000000000000000e+00 6.308760683760683552e-01 4.448450854700854440e-01 1.032763532763532680e-02 9.348290598290598039e-03
0.000000000000000000e+00 6.623041310541311066e-01 5.129540598290598385e-01 6.588319088319088621e-03 1.896367521367521222e-02
0.000000000000000000e+00 4.870904558404558493e-01 6.049679487179486781e-01 1.050569800569800538e-02 1.228632478632478604e-02
0.000000000000000000e+00 5.195868945868945543e-01 6.489049145299145005e-01 7.834757834757835257e-03 1.415598290598290600e-02
0.000000000000000000e+00 5.281339031339031820e-01 6.523771367521367104e-01 6.766381766381766340e-03 1.148504273504273587e-02
0.000000000000000000e+00 5.438924501424501345e-01 6.559829059829059839e-01 8.368945868945869282e-03 1.335470085470085409e-02
0.000000000000000000e+00 5.669515669515668987e-01 6.625267094017094349e-01 8.903133903133903307e-03 1.522435897435897405e-02
0.000000000000000000e+00 5.764779202279202153e-01 6.655982905982905651e-01 6.588319088319088621e-03 1.228632478632478604e-02
0.000000000000000000e+00 5.990918803418803229e-01 6.716079059829059839e-01 8.012820512820512109e-03 1.308760683760683795e-02
0.000000000000000000e+00 4.285078347578347713e-01 6.546474358974359031e-01 6.588319088319088621e-03 2.136752136752136794e-02
0.000000000000000000e+00 5.422008547008547175e-02 9.771634615384615641e-01 1.620370370370370280e-02 1.255341880341880392e-02
0.000000000000000000e+00 5.181623931623931950e-02 9.891826923076922906e-01 1.851851851851851749e-02 1.148504273504273587e-02
0.000000000000000000e+00 4.109686609686609704e-01 9.646100427350426942e-01 8.903133903133903307e-03 2.056623931623931603e-02
0.000000000000000000e+00 4.437321937321937471e-01 9.443108974358974672e-01 6.766381766381766340e-03 2.003205128205128374e-02
0.000000000000000000e+00 4.130163817663817794e-01 9.869123931623932089e-01 1.299857549857549865e-02 1.068376068376068397e-02
0.000000000000000000e+00 4.812143874643874386e-01 9.460470085470085166e-01 7.300569800569800365e-03 2.670940170940170819e-02
0.000000000000000000e+00 5.076566951566952035e-01 9.479166666666666297e-01 7.478632478632478951e-03 2.403846153846153980e-02
0.000000000000000000e+00 4.168447293447293256e-01 8.560363247863247427e-01 9.615384615384615918e-03 1.816239316239316379e-02
0.000000000000000000e+00 4.853098290598290565e-01 8.147702991452991927e-01 8.725071225071224720e-03 1.896367521367521222e-02
0.000000000000000000e+00 5.106837606837606458e-01 8.221153846153845812e-01 8.190883190883190695e-03 1.655982905982905998e-02
0.000000000000000000e+00 5.440705128205127750e-01 8.330662393162393542e-01 7.656695156695156670e-03 1.762820512820512803e-02
0.000000000000000000e+00 8.587072649572649041e-01 7.036591880341880323e-01 7.656695156695156670e-03 2.003205128205128374e-02
0.000000000000000000e+00 8.823005698005698116e-01 7.162126068376067911e-01 7.834757834757835257e-03 2.270299145299145213e-02
0.000000000000000000e+00 8.354700854700854995e-01 7.315705128205127750e-01 1.816239316239316379e-02 1.602564102564102422e-02
0.000000000000000000e+00 8.391203703703703498e-01 7.475961538461538547e-01 1.727207977207977085e-02 1.068376068376068397e-02
0.000000000000000000e+00 8.327991452991453381e-01 8.090277777777777901e-01 1.709401709401709574e-02 9.615384615384615918e-03
0.000000000000000000e+00 8.721509971509971981e-01 8.158386752136752573e-01 7.478632478632478951e-03 1.789529914529914417e-02
0.000000000000000000e+00 8.279914529914529364e-01 8.755341880341880323e-01 1.566951566951567051e-02 9.615384615384615918e-03
0.000000000000000000e+00 8.238069800569800538e-01 9.162660256410256610e-01 1.905270655270655325e-02 1.736111111111111188e-02
0.000000000000000000e+00 8.234508547008546619e-01 9.297542735042735318e-01 1.655982905982905998e-02 1.602564102564102422e-02
0.000000000000000000e+00 8.197115384615384359e-01 9.412393162393162260e-01 1.691595441595441715e-02 1.282051282051282007e-02
0.000000000000000000e+00 9.962606837606837740e-01 7.816506410256410797e-01 7.122507122507122646e-03 9.882478632478632063e-03
0.000000000000000000e+00 8.163283475783476018e-01 1.123130341880341915e-01 1.086182336182336255e-02 8.814102564102564014e-03
0.000000000000000000e+00 8.443732193732194080e-01 9.188034188034188698e-02 9.971509971509971357e-03 9.081196581196581893e-03
0.000000000000000000e+00 8.424145299145299193e-01 1.080395299145299193e-01 7.478632478632478951e-03 8.279914529914529989e-03
0.000000000000000000e+00 8.577279202279202153e-01 9.014423076923076816e-02 9.971509971509971357e-03 7.745726495726495964e-03
0.000000000000000000e+00 8.740206552706553111e-01 8.733974358974358476e-02 1.193019943019943060e-02 9.081196581196581893e-03
0.000000000000000000e+00 8.567485754985755264e-01 1.052350427350427359e-01 9.437321937321937332e-03 6.410256410256410034e-03
0.000000000000000000e+00 8.913817663817663606e-01 8.453525641025641524e-02 1.139601139601139658e-02 8.814102564102564014e-03
0.000000000000000000e+00 9.244123931623932089e-01 9.602029914529915111e-02 1.157407407407407343e-02 9.348290598290598039e-03
0.000000000000000000e+00 9.373219373219373596e-01 9.401709401709401615e-02 1.139601139601139658e-02 9.081196581196581893e-03
0.000000000000000000e+00 9.340277777777777901e-01 7.785790598290598385e-02 1.228632478632478604e-02 9.882478632478632063e-03
