0.000000000000000000e+00 2.216880341880341984e-02 1.989850427350427220e-01 1.014957264957264994e-02 1.388888888888888812e-02
0.000000000000000000e+00 1.611467236467236386e-01 1.041666666666666609e-02 5.341880341880341984e-03 6.410256410256410034e-03
0.000000000000000000e+00 1.736111111111111049e-01 1.696047008547008419e-02 6.766381766381766340e-03 7.211538461538461939e-03
0.000000000000000000e+00 1.892806267806267928e-01 2.270299145299145213e-02 4.985754985754985678e-03 6.944444444444444059e-03
0.000000000000000000e+00 2.505341880341880323e-01 4.794337606837607152e-02 9.971509971509971357e-03 1.041666666666666609e-02
0.000000000000000000e+00 3.031517094017093794e-01 6.944444444444444753e-02 1.228632478632478604e-02 1.068376068376068397e-02
0.000000000000000000e+00 3.176638176638176825e-01 7.491987179487179238e-02 1.175213675213675202e-02 1.041666666666666609e-02
0.000000000000000000e+00 3.346688034188033956e-01 8.239850427350427220e-02 1.121794871794871799e-02 1.041666666666666609e-02
0.000000000000000000e+00 3.896901709401709435e-01 1.024305555555555525e-01 1.228632478632478604e-02 1.148504273504273587e-02
0.000000000000000000e+00 3.976139601139601076e-01 8.653846153846153633e-02 1.282051282051282007e-02 1.068376068376068397e-02
0.000000000000000000e+00 4.124821937321937471e-01 9.294871794871795156e-02 1.157407407407407343e-02 1.068376068376068397e-02
0.000000000000000000e+00 4.657229344729344467e-01 1.129807692307692318e-01 1.193019943019943060e-02 1.068376068376068397e-02
0.000000000000000000e+00 4.975071225071225345e-01 1.247329059829059839e-01 1.246438746438746463e-02 9.615384615384615918e-03
0.000000000000000000e+00 4.676816239316239354e-01 1.404914529914529919e-01 1.014957264957264994e-02 8.012820512820512109e-03
0.000000000000000000e+00 4.868233618233618332e-01 1.481036324786324798e-01 1.175213675213675202e-02 1.041666666666666609e-02
0.000000000000000000e+00 4.989316239316239354e-01 1.539797008547008628e-01 9.615384615384615918e-03 1.041666666666666609e-02
0.000000000000000000e+00 5.252849002849002691e-01 1.432959401709401615e-01 1.103988603988603941e-02 8.814102564102564014e-03
0.000000000000000000e+00 5.870726495726495964e-01 1.068376068376068397e-02 5.698005698005698290e-03 1.228632478632478604e-02
0.000000000000000000e+00 6.169871794871795156e-01 4.273504273504273934e-03 4.629629629629629373e-03 7.478632478632478951e-03
0.000000000000000000e+00 5.842236467236466835e-01 4.567307692307692041e-02 4.985754985754985678e-03 1.442307692307692388e-02
0.000000000000000000e+00 5.834223646723646350e-01 5.862713675213675202e-02 5.519943019943019703e-03 1.148504273504273587e-02
0.000000000000000000e+00 5.800391737891738009e-01 8.333333333333332871e-02 5.876068376068376009e-03 1.228632478632478604e-02
0.000000000000000000e+00 5.796830484330484090e-01 9.548611111111110494e-02 4.807692307692307959e-03 9.882478632478632063e-03
0.000000000000000000e+00 5.770121082621082476e-01 1.177884615384615363e-01 5.519943019943019703e-03 1.121794871794871799e-02
0.000000000000000000e+00 5.145121082621082476e-01 1.849626068376068466e-01 6.588319088319088621e-03 9.882478632478632063e-03
0.000000000000000000e+00 5.267094017094017255e-01 1.905715811965811857e-01 7.834757834757835257e-03 1.308760683760683795e-02
0.000000000000000000e+00 5.405092592592593004e-01 1.952457264957264960e-01 7.300569800569800365e-03 1.121794871794871799e-02
0.000000000000000000e+00 5.468304843304843121e-01 1.980502136752136655e-01 7.834757834757835257e-03 1.201923076923076990e-02
0.000000000000000000e+00 5.534188034188034511e-01 1.988514957264957139e-01 1.103988603988603941e-02 2.110042735042735179e-02
0.000000000000000000e+00 5.608974358974359031e-01 2.024572649572649596e-01 7.478632478632478951e-03 1.228632478632478604e-02
0.000000000000000000e+00 5.739850427350426942e-01 2.102029914529914556e-01 9.437321937321937332e-03 1.602564102564102422e-02
0.000000000000000000e+00 5.811965811965812412e-01 2.122061965811965767e-01 7.478632478632478951e-03 1.201923076923076990e-02
0.000000000000000000e+00 5.877849002849002691e-01 2.142094017094016978e-01 8.190883190883190695e-03 1.335470085470085409e-02
0.000000000000000000e+00 5.948183760683760646e-01 2.166132478632478708e-01 5.519943019943019703e-03 1.175213675213675202e-02
0.000000000000000000e+00 5.325854700854700807e-01 2.260950854700854717e-01 7.478632478632478951e-03 1.255341880341880392e-02
0.000000000000000000e+00 5.470085470085470636e-01 2.301014957264957139e-01 8.903133903133903307e-03 1.469017094017094002e-02
0.000000000000000000e+00 5.543091168091167642e-01 2.331730769230769273e-01 9.971509971509971357e-03 9.615384615384615918e-03
0.000000000000000000e+00 5.545762108262107803e-01 2.387820512820512941e-01 1.086182336182336255e-02 3.205128205128205017e-03
0.000000000000000000e+00 5.882300569800569257e-01 2.382478632478632341e-01 1.406695156695156670e-02 9.615384615384615918e-03
0.000000000000000000e+00 5.884081196581196771e-01 2.516025641025640969e-01 1.014957264957264994e-02 9.081196581196581893e-03
0.000000000000000000e+00 5.884971509971509418e-01 2.660256410256410242e-01 1.210826210826210746e-02 9.081196581196581893e-03
0.000000000000000000e+00 5.884971509971509418e-01 2.879273504273504036e-01 1.068376068376068397e-02 8.547008547008547868e-03
0.000000000000000000e+00 5.890313390313390851e-01 3.016826923076922906e-01 1.175213675213675202e-02 9.348290598290598039e-03
0.000000000000000000e+00 5.533297720797720753e-01 3.020833333333333148e-01 1.335470085470085409e-02 8.547008547008547868e-03
0.000000000000000000e+00 5.535968660968660915e-01 2.877938034188033956e-01 1.068376068376068397e-02 8.814102564102564014e-03
0.000000000000000000e+00 5.532407407407406996e-01 2.803151709401709435e-01 1.139601139601139658e-02 8.279914529914529989e-03
0.000000000000000000e+00 7.399394586894586512e-01 2.457264957264957139e-01 7.656695156695156670e-03 1.175213675213675202e-02
0.000000000000000000e+00 7.516025641025640969e-01 2.510683760683760646e-01 1.210826210826210746e-02 1.228632478632478604e-02
0.000000000000000000e+00 6.955128205128204844e-01 2.620192307692307820e-01 6.054131054131053728e-03 9.081196581196581893e-03
0.000000000000000000e+00 6.953347578347578439e-01 2.764423076923077094e-01 7.834757834757835257e-03 9.081196581196581893e-03
0.000000000000000000e+00 6.963141025641025328e-01 2.918002136752136932e-01 1.121794871794871799e-02 9.882478632478632063e-03
0.000000000000000000e+00 6.977386039886039892e-01 3.062232905982906206e-01 1.335470085470085409e-02 1.041666666666666609e-02
0.000000000000000000e+00 7.301460113960114295e-01 2.962072649572649596e-01 1.086182336182336255e-02 9.615384615384615918e-03
0.000000000000000000e+00 7.300569800569800538e-01 2.871260683760683552e-01 1.103988603988603941e-02 9.081196581196581893e-03
0.000000000000000000e+00 7.295227920227920215e-01 2.789797008547008628e-01 1.317663817663817724e-02 9.348290598290598039e-03
0.000000000000000000e+00 7.865028490028490582e-01 1.362179487179487197e-02 6.766381766381766340e-03 1.228632478632478604e-02
0.000000000000000000e+00 8.045762108262107803e-01 1.535790598290598212e-02 6.588319088319088621e-03 1.201923076923076990e-02
0.000000000000000000e+00 7.901531339031339085e-01 2.670940170940170819e-02 6.588319088319088621e-03 1.228632478632478604e-02
0.000000000000000000e+00 8.007478632478632896e-01 3.405448717948717646e-02 7.122507122507122646e-03 1.148504273504273587e-02
0.000000000000000000e+00 8.102742165242164951e-01 3.418803418803419147e-02 6.944444444444444059e-03 1.068376068376068397e-02
0.000000000000000000e+00 7.946047008547008073e-01 4.206730769230769551e-02 4.451566951566951653e-03 9.882478632478632063e-03
0.000000000000000000e+00 7.997685185185184897e-01 6.530448717948718340e-02 5.876068376068376009e-03 9.882478632478632063e-03
0.000000000000000000e+00 8.141025641025640969e-01 4.754273504273504036e-02 7.478632478632478951e-03 1.175213675213675202e-02
0.000000000000000000e+00 8.188212250712251228e-01 6.917735042735043138e-02 6.944444444444444059e-03 1.175213675213675202e-02
0.000000000000000000e+00 8.222934472934473327e-01 8.239850427350427220e-02 7.122507122507122646e-03 1.148504273504273587e-02
0.000000000000000000e+00 8.096509971509971981e-01 1.055021367521367520e-01 8.903133903133903307e-03 1.602564102564102422e-02
0.000000000000000000e+00 8.266559829059828557e-01 1.005608974358974395e-01 6.944444444444444059e-03 1.201923076923076990e-02
0.000000000000000000e+00 8.295940170940171443e-01 1.144497863247863206e-01 6.054131054131053728e-03 1.255341880341880392e-02
0.000000000000000000e+00 8.125890313390313757e-01 1.215277777777777762e-01 5.163817663817663398e-03 1.121794871794871799e-02
0.000000000000000000e+00 8.160612535612535856e-01 1.350160256410256332e-01 6.054131054131053728e-03 1.255341880341880392e-02
0.000000000000000000e+00 8.181980056980057148e-01 1.489049145299145283e-01 6.410256410256410034e-03 1.095085470085470011e-02
0.000000000000000000e+00 8.363603988603988126e-01 1.407585470085470081e-01 6.410256410256410034e-03 1.335470085470085409e-02
0.000000000000000000e+00 8.249643874643874941e-01 1.849626068376068466e-01 6.766381766381766340e-03 1.308760683760683795e-02
0.000000000000000000e+00 8.421474358974359031e-01 1.689369658119658224e-01 7.656695156695156670e-03 1.362179487179487197e-02
0.000000000000000000e+00 8.444622507122506727e-01 1.833600427350427220e-01 5.876068376068376009e-03 1.308760683760683795e-02
0.000000000000000000e+00 8.469551282051281937e-01 1.981837606837606736e-01 6.588319088319088621e-03 1.335470085470085409e-02
0.000000000000000000e+00 7.256944444444444198e-01 1.812232905982905928e-01 6.944444444444444059e-03 1.148504273504273587e-02
0.000000000000000000e+00 8.645833333333333703e-01 3.441506410256410242e-01 1.299857549857549865e-02 9.882478632478632063e-03
0.000000000000000000e+00 8.474893162393162260e-01 3.840811965811966044e-01 1.584757834757834910e-02 8.547008547008547868e-03
0.000000000000000000e+00 9.147079772079772519e-01 2.844551282051281937e-01 1.317663817663817724e-02 1.068376068376068397e-02
0.000000000000000000e+00 9.582443019943019946e-01 2.896634615384615641e-01 1.264245014245014322e-02 8.279914529914529989e-03
0.000000000000000000e+00 9.573539886039885705e-01 1.188568376068376009e-02 7.656695156695156670e-03 1.095085470085470011e-02
0.000000000000000000e+00 9.714209401709401615e-01 5.208333333333333044e-03 6.944444444444444059e-03 9.348290598290598039e-03
0.000000000000000000e+00 9.665242165242164951e-01 3.485576923076923184e-02 7.834757834757835257e-03 1.201923076923076990e-02
0.000000000000000000e+00 9.733796296296296502e-01 4.927884615384615224e-02 7.300569800569800365e-03 1.308760683760683795e-02
0.000000000000000000e+00 9.791666666666666297e-01 6.183226495726495964e-02 6.766381766381766340e-03 1.255341880341880392e-02
0.000000000000000000e+00 9.897613960113960108e-01 8.787393162393161705e-02 8.725071225071224720e-03 1.282051282051282007e-02
0.000000000000000000e+00 9.955484330484331013e-01 9.975961538461539102e-02 8.547008547008547868e-03 1.522435897435897405e-02
0.000000000000000000e+00 9.169337606837606458e-01 5.455395299145299193e-01 1.335470085470085409e-02 1.041666666666666609e-02
0.000000000000000000e+00 9.175569800569800538e-01 5.559561965811965489e-01 1.317663817663817724e-02 1.148504273504273587e-02
0.000000000000000000e+00 9.512998575498575748e-01 5.371260683760683552e-01 1.371082621082621127e-02 9.615384615384615918e-03
0.000000000000000000e+00 9.530804843304843121e-01 5.467414529914529364e-01 1.477920227920227932e-02 1.014957264957264994e-02
0.000000000000000000e+00 9.549501424501424252e-01 5.559561965811965489e-01 1.210826210826210746e-02 9.882478632478632063e-03
0.000000000000000000e+00 9.569088319088319139e-01 5.726495726495726135e-01 1.531339031339031334e-02 9.615384615384615918e-03
0.000000000000000000e+00 9.582443019943019946e-01 5.809294871794872250e-01 1.620370370370370280e-02 9.081196581196581893e-03
0.000000000000000000e+00 9.967948717948718063e-01 5.245726495726495964e-01 6.054131054131053728e-03 1.602564102564102422e-02
0.000000000000000000e+00 9.818376068376067911e-01 5.253739316239316448e-01 7.834757834757835257e-03 1.602564102564102422e-02
0.000000000000000000e+00 9.772970085470085166e-01 5.629006410256410797e-01 1.157407407407407343e-02 8.814102564102564014e-03
0.000000000000000000e+00 9.754273504273504036e-01 5.538194444444444198e-01 7.122507122507122646e-03 8.814102564102564014e-03
0.000000000000000000e+00 9.768518518518518601e-01 5.451388888888888395e-01 7.834757834757835257e-03 7.478632478632478951e-03
0.000000000000000000e+00 9.902065527065526673e-01 5.261752136752136932e-01 6.766381766381766340e-03 1.442307692307692388e-02
0.000000000000000000e+00 9.788995726495726135e-01 6.193910256410256610e-01 1.299857549857549865e-02 1.014957264957264994e-02
0.000000000000000000e+00 9.961716524216523982e-01 6.097756410256410797e-01 6.944444444444444059e-03 1.335470085470085409e-02
0.000000000000000000e+00 9.182692307692307265e-01 8.482905982905982745e-01 1.495726495726495790e-02 2.297008547008547175e-02
0.000000000000000000e+00 9.212072649572649041e-01 8.703258547008546619e-01 1.691595441595441715e-02 1.308760683760683795e-02
0.000000000000000000e+00 9.212962962962962798e-01 8.847489316239316448e-01 1.958689458689458554e-02 1.308760683760683795e-02
0.000000000000000000e+00 9.231659544159543929e-01 8.994391025641025328e-01 1.513532763532763475e-02 1.362179487179487197e-02
0.000000000000000000e+00 9.209401709401708880e-01 9.126602564102563875e-01 1.816239316239316379e-02 1.709401709401709574e-02
0.000000000000000000e+00 9.190705128205127750e-01 9.241452991452991927e-01 1.477920227920227932e-02 1.388888888888888812e-02
0.000000000000000000e+00 9.170227920227920215e-01 9.356303418803418870e-01 1.851851851851851749e-02 2.029914529914529989e-02
0.000000000000000000e+00 9.143518518518518601e-01 9.468482905982905651e-01 1.851851851851851749e-02 1.976495726495726413e-02
0.000000000000000000e+00 9.512998575498575748e-01 9.890491452991453381e-01 1.513532763532763475e-02 1.762820512820512803e-02
0.000000000000000000e+00 8.216702279202279247e-01 9.245459401709401615e-01 1.691595441595441715e-02 1.148504273504273587e-02
0.000000000000000000e+00 8.186431623931623713e-01 9.082532051282051766e-01 1.834045584045583890e-02 1.308760683760683795e-02
0.000000000000000000e+00 8.174857549857549310e-01 8.930288461538461453e-01 1.745014245014244944e-02 1.308760683760683795e-02
0.000000000000000000e+00 8.184650997150997309e-01 8.824786324786324521e-01 1.513532763532763475e-02 1.121794871794871799e-02
0.000000000000000000e+00 8.183760683760683552e-01 8.707264957264957417e-01 1.602564102564102422e-02 1.442307692307692388e-02
0.000000000000000000e+00 8.188212250712251228e-01 8.589743589743589203e-01 1.655982905982905998e-02 1.709401709401709574e-02
0.000000000000000000e+00 8.229166666666666297e-01 8.486912393162393542e-01 1.477920227920227932e-02 1.575854700854700807e-02
0.000000000000000000e+00 8.266559829059828557e-01 8.366720085470085166e-01 1.620370370370370280e-02 1.896367521367521222e-02
0.000000000000000000e+00 8.330662393162393542e-01 8.278579059829059839e-01 1.442307692307692388e-02 1.896367521367521222e-02
0.000000000000000000e+00 8.409900284900284628e-01 8.225160256410256610e-01 1.317663817663817724e-02 2.216880341880341984e-02
0.000000000000000000e+00 8.495370370370370905e-01 8.170405982905982745e-01 9.971509971509971357e-03 1.923076923076923184e-02
0.000000000000000000e+00 8.592414529914529364e-01 8.185096153846154188e-01 9.793447293447292770e-03 2.056623931623931603e-02
0.000000000000000000e+00 7.923789173789174134e-01 8.106303418803418870e-01 1.103988603988603941e-02 2.136752136752136794e-02
0.000000000000000000e+00 8.703703703703703498e-01 8.142361111111111605e-01 9.259259259259258745e-03 2.216880341880341984e-02
0.000000000000000000e+00 9.005519943019942852e-01 8.249198717948718063e-01 1.620370370370370280e-02 1.736111111111111188e-02
0.000000000000000000e+00 8.809650997150997309e-01 8.186431623931623713e-01 9.437321937321937332e-03 2.136752136752136794e-02
0.000000000000000000e+00 7.698539886039885705e-01 9.690170940170940161e-01 1.549145299145299193e-02 1.228632478632478604e-02
0.000000000000000000e+00 5.819978632478632896e-01 7.319711538461538547e-01 1.727207977207977085e-02 1.255341880341880392e-02
0.000000000000000000e+00 5.791488603988603767e-01 7.735042735042735318e-01 1.940883190883191042e-02 2.029914529914529989e-02
0.000000000000000000e+00 5.582264957264957556e-02 1.426282051282051211e-01 9.081196581196581893e-03 1.228632478632478604e-02
