0.000000000000000000e+00 8.636039886039885427e-03 8.106303418803419147e-02 1.121794871794871799e-02 1.041666666666666609e-02
0.000000000000000000e+00 2.421652421652421491e-02 8.814102564102564707e-02 9.971509971509971357e-03 9.081196581196581893e-03
0.000000000000000000e+00 7.629985754985754709e-02 1.085737179487179516e-01 1.193019943019943060e-02 1.148504273504273587e-02
0.000000000000000000e+00 3.320868945868946098e-02 7.091346153846153633e-02 9.437321937321937332e-03 8.279914529914529989e-03
0.000000000000000000e+00 1.375534188034188143e-01 1.125801282051282076e-01 1.193019943019943060e-02 9.882478632478632063e-03
0.000000000000000000e+00 1.503739316239316171e-01 1.180555555555555525e-01 1.264245014245014322e-02 1.121794871794871799e-02
0.000000000000000000e+00 1.810897435897435848e-01 1.294070512820512941e-01 1.282051282051282007e-02 9.882478632478632063e-03
0.000000000000000000e+00 1.490384615384615363e-01 1.455662393162393264e-01 1.068376068376068397e-02 7.478632478632478951e-03
0.000000000000000000e+00 1.661324786324786251e-01 1.529113247863247982e-01 1.210826210826210746e-02 1.148504273504273587e-02
0.000000000000000000e+00 1.777955840455840431e-01 1.586538461538461453e-01 9.437321937321937332e-03 1.014957264957264994e-02
0.000000000000000000e+00 2.062856125356125336e-01 1.479700854700854717e-01 1.121794871794871799e-02 9.615384615384615918e-03
0.000000000000000000e+00 1.892806267806267928e-01 1.901709401709401615e-01 7.834757834757835257e-03 1.175213675213675202e-02
0.000000000000000000e+00 2.004985754985754987e-01 1.943108974358974395e-01 8.547008547008547868e-03 1.201923076923076990e-02
0.000000000000000000e+00 2.004095441595441507e-01 2.307692307692307820e-01 9.081196581196581893e-03 1.442307692307692388e-02
0.000000000000000000e+00 2.134081196581196493e-01 1.992521367521367659e-01 8.012820512820512109e-03 1.121794871794871799e-02
0.000000000000000000e+00 2.190170940170940161e-01 2.023237179487179516e-01 7.834757834757835257e-03 1.201923076923076990e-02
0.000000000000000000e+00 2.253383190883190834e-01 2.033920940170940161e-01 1.228632478632478604e-02 2.110042735042735179e-02
0.000000000000000000e+00 2.324608262108261991e-01 2.063301282051281937e-01 8.012820512820512109e-03 1.255341880341880392e-02
0.000000000000000000e+00 2.142984330484330457e-01 2.337072649572649596e-01 1.014957264957264994e-02 1.442307692307692388e-02
0.000000000000000000e+00 2.209757834757834771e-01 2.370459401709401615e-01 9.971509971509971357e-03 9.348290598290598039e-03
0.000000000000000000e+00 2.409188034188034233e-01 2.156784188034188143e-01 4.629629629629629373e-03 1.308760683760683795e-02
0.000000000000000000e+00 2.203525641025640969e-01 2.439903846153846090e-01 1.121794871794871799e-02 6.143162393162393022e-03
0.000000000000000000e+00 2.460826210826210780e-01 2.694978632478632341e-01 4.629629629629629373e-03 8.547008547008547868e-03
0.000000000000000000e+00 2.456374643874643937e-01 2.913995726495726690e-01 9.437321937321937332e-03 9.081196581196581893e-03
0.000000000000000000e+00 2.447471509971509973e-01 3.050213675213675479e-01 1.157407407407407343e-02 9.081196581196581893e-03
0.000000000000000000e+00 2.096688034188034233e-01 3.062232905982906206e-01 1.442307692307692388e-02 7.745726495726495964e-03
0.000000000000000000e+00 2.121616809116809166e-01 2.913995726495726690e-01 1.014957264957264994e-02 9.081196581196581893e-03
0.000000000000000000e+00 2.125178062678062807e-01 2.832532051282051211e-01 1.121794871794871799e-02 6.677350427350427046e-03
0.000000000000000000e+00 2.766203703703703498e-01 6.316773504273504036e-02 6.944444444444444059e-03 1.148504273504273587e-02
0.000000000000000000e+00 2.790242165242165506e-01 5.021367521367521569e-02 6.766381766381766340e-03 1.442307692307692388e-02
0.000000000000000000e+00 2.876602564102563875e-01 1.549145299145299193e-02 6.944444444444444059e-03 1.228632478632478604e-02
0.000000000000000000e+00 2.696759259259259300e-01 8.747329059829059283e-02 6.588319088319088621e-03 1.041666666666666609e-02
0.000000000000000000e+00 3.057336182336182206e-01 4.941239316239316032e-03 5.698005698005698290e-03 9.348290598290598039e-03
0.000000000000000000e+00 3.722400284900284628e-01 1.738782051282051211e-01 5.519943019943019703e-03 1.175213675213675202e-02
0.000000000000000000e+00 3.994836182336182206e-01 1.841613247863247982e-01 6.232193732193732315e-03 1.201923076923076990e-02
0.000000000000000000e+00 3.522079772079771964e-01 2.016559829059829112e-01 1.282051282051282007e-02 1.228632478632478604e-02
0.000000000000000000e+00 3.535434472934472772e-01 2.636217948717948789e-01 1.264245014245014322e-02 1.014957264957264994e-02
0.000000000000000000e+00 3.523860398860398924e-01 2.788461538461538547e-01 1.139601139601139658e-02 9.081196581196581893e-03
0.000000000000000000e+00 3.529202279202279247e-01 2.938034188034188143e-01 1.032763532763532680e-02 9.615384615384615918e-03
0.000000000000000000e+00 3.524750712250712126e-01 3.086271367521367659e-01 1.335470085470085409e-02 1.041666666666666609e-02
0.000000000000000000e+00 3.879095441595441507e-01 2.816506410256410242e-01 1.335470085470085409e-02 1.041666666666666609e-02
0.000000000000000000e+00 3.870192307692307820e-01 2.888621794871794601e-01 1.086182336182336255e-02 8.279914529914529989e-03
0.000000000000000000e+00 3.863960113960113740e-01 2.976762820512820484e-01 1.210826210826210746e-02 8.814102564102564014e-03
0.000000000000000000e+00 4.018874643874643660e-01 2.467948717948718063e-01 1.175213675213675202e-02 1.388888888888888812e-02
0.000000000000000000e+00 4.144408831908831803e-01 2.532051282051281937e-01 1.157407407407407343e-02 1.175213675213675202e-02
0.000000000000000000e+00 5.117521367521367104e-01 3.449519230769230727e-01 1.317663817663817724e-02 1.041666666666666609e-02
0.000000000000000000e+00 5.576032763532763337e-01 3.584401709401709435e-01 1.477920227920227932e-02 1.014957264957264994e-02
0.000000000000000000e+00 4.855769230769230727e-01 1.709401709401709574e-02 5.698005698005698290e-03 1.121794871794871799e-02
0.000000000000000000e+00 5.035612535612535856e-01 1.842948717948717993e-02 5.341880341880341984e-03 1.228632478632478604e-02
0.000000000000000000e+00 4.871794871794871695e-01 2.978098290598290426e-02 6.054131054131053728e-03 1.255341880341880392e-02
0.000000000000000000e+00 4.883368945868946098e-01 4.594017094017094349e-02 5.519943019943019703e-03 1.121794871794871799e-02
0.000000000000000000e+00 5.065883190883191389e-01 3.766025641025640830e-02 5.698005698005698290e-03 1.121794871794871799e-02
0.000000000000000000e+00 5.079237891737892197e-01 5.061431623931623991e-02 6.232193732193732315e-03 1.148504273504273587e-02
0.000000000000000000e+00 5.005341880341880323e-01 6.583867521367521569e-02 5.698005698005698290e-03 1.148504273504273587e-02
0.000000000000000000e+00 4.910078347578347713e-01 6.837606837606838295e-02 5.163817663817663398e-03 1.068376068376068397e-02
0.000000000000000000e+00 5.098824786324785974e-01 7.224893162393161705e-02 5.876068376068376009e-03 1.201923076923076990e-02
0.000000000000000000e+00 5.113960113960114295e-01 8.600427350427350404e-02 5.341880341880341984e-03 1.121794871794871799e-02
0.000000000000000000e+00 4.948361823361823175e-01 1.079059829059829112e-01 6.766381766381766340e-03 1.602564102564102422e-02
0.000000000000000000e+00 5.125534188034187588e-01 1.032318376068376009e-01 5.519943019943019703e-03 1.201923076923076990e-02
0.000000000000000000e+00 5.129985754985755264e-01 1.169871794871794879e-01 5.698005698005698290e-03 1.228632478632478604e-02
0.000000000000000000e+00 4.950142450142450135e-01 1.237980769230769273e-01 4.985754985754985678e-03 1.148504273504273587e-02
0.000000000000000000e+00 4.962606837606837740e-01 1.372863247863247982e-01 5.341880341880341984e-03 1.228632478632478604e-02
0.000000000000000000e+00 4.968839031339031265e-01 1.513087606837606736e-01 5.163817663817663398e-03 1.095085470085470011e-02
0.000000000000000000e+00 5.160256410256410797e-01 1.431623931623931534e-01 6.054131054131053728e-03 1.228632478632478604e-02
0.000000000000000000e+00 4.980413105413105668e-01 1.868322649572649596e-01 5.341880341880341984e-03 1.308760683760683795e-02
0.000000000000000000e+00 5.174501424501424252e-01 1.713408119658119677e-01 6.054131054131053728e-03 1.362179487179487197e-02
0.000000000000000000e+00 5.177172364672364413e-01 1.853632478632478708e-01 5.519943019943019703e-03 1.282051282051282007e-02
0.000000000000000000e+00 5.178062678062678170e-01 1.997863247863247982e-01 6.410256410256410034e-03 1.335470085470085409e-02
0.000000000000000000e+00 5.717592592592593004e-01 2.847222222222222099e-01 1.282051282051282007e-02 1.014957264957264994e-02
0.000000000000000000e+00 6.563390313390313757e-01 1.442307692307692388e-02 6.766381766381766340e-03 1.121794871794871799e-02
0.000000000000000000e+00 6.712962962962962798e-01 7.345085470085470011e-03 5.698005698005698290e-03 9.882478632478632063e-03
0.000000000000000000e+00 6.619480056980057148e-01 3.739316239316239215e-02 6.944444444444444059e-03 1.175213675213675202e-02
0.000000000000000000e+00 6.665776353276353650e-01 5.141559829059828834e-02 6.232193732193732315e-03 1.362179487179487197e-02
0.000000000000000000e+00 6.699608262108261991e-01 6.396901709401708880e-02 5.876068376068376009e-03 1.201923076923076990e-02
0.000000000000000000e+00 6.767272079772079785e-01 8.947649572649572780e-02 6.944444444444444059e-03 1.175213675213675202e-02
0.000000000000000000e+00 6.962250712250712681e-01 9.388354700854700807e-02 6.766381766381766340e-03 1.201923076923076990e-02
0.000000000000000000e+00 6.815349002849002691e-01 1.037660256410256471e-01 9.793447293447292770e-03 1.896367521367521222e-02
0.000000000000000000e+00 6.885683760683760646e-01 1.324786324786324798e-01 6.766381766381766340e-03 1.442307692307692388e-02
0.000000000000000000e+00 6.941773504273504036e-01 1.542467948717948789e-01 7.300569800569800365e-03 1.415598290598290600e-02
0.000000000000000000e+00 7.153668091168091658e-01 1.672008547008546897e-01 6.232193732193732315e-03 1.335470085470085409e-02
0.000000000000000000e+00 7.182158119658119677e-01 1.826923076923076816e-01 5.519943019943019703e-03 1.068376068376068397e-02
0.000000000000000000e+00 7.012998575498575748e-01 1.876335470085470081e-01 7.300569800569800365e-03 1.362179487179487197e-02
0.000000000000000000e+00 7.332621082621082476e-01 3.127670940170940161e-01 6.410256410256410034e-03 1.442307692307692388e-02
0.000000000000000000e+00 8.491809116809116986e-01 2.938034188034188005e-02 6.410256410256410034e-03 1.068376068376068397e-02
0.000000000000000000e+00 8.584401709401708880e-01 2.964743589743589619e-02 5.698005698005698290e-03 1.014957264957264994e-02
0.000000000000000000e+00 8.655626780626780592e-01 2.991452991452991581e-02 6.766381766381766340e-03 1.068376068376068397e-02
0.000000000000000000e+00 8.725961538461538547e-01 2.857905982905982814e-02 6.232193732193732315e-03 1.014957264957264994e-02
0.000000000000000000e+00 9.508547008547008073e-01 3.472222222222222376e-02 9.971509971509971357e-03 8.547008547008547868e-03
0.000000000000000000e+00 9.810363247863247427e-01 2.991452991452991581e-02 6.588319088319088621e-03 1.228632478632478604e-02
0.000000000000000000e+00 8.381410256410256610e-01 2.589476495726495964e-01 9.615384615384615918e-03 7.745726495726495964e-03
0.000000000000000000e+00 8.693019943019942852e-01 2.427884615384615363e-01 9.615384615384615918e-03 1.175213675213675202e-02
0.000000000000000000e+00 8.467770655270655533e-01 2.291666666666666574e-01 8.368945868945869282e-03 1.655982905982905998e-02
0.000000000000000000e+00 9.905626780626780592e-01 1.872329059829059839e-01 1.745014245014244944e-02 1.121794871794871799e-02
0.000000000000000000e+00 9.961716524216523982e-01 2.430555555555555525e-01 7.300569800569800365e-03 6.410256410256410034e-03
0.000000000000000000e+00 9.966168091168091658e-01 2.501335470085470081e-01 6.410256410256410034e-03 7.745726495726495964e-03
0.000000000000000000e+00 9.967058404558404305e-01 2.574786324786324521e-01 6.232193732193732315e-03 6.944444444444444059e-03
0.000000000000000000e+00 7.409188034188034511e-01 4.842414529914529919e-01 6.766381766381766340e-03 1.976495726495726413e-02
0.000000000000000000e+00 8.117877492877493273e-01 6.908386752136752573e-01 1.317663817663817724e-02 1.095085470085470011e-02
0.000000000000000000e+00 8.131232193732194080e-01 7.016559829059828557e-01 9.793447293447292770e-03 1.068376068376068397e-02
0.000000000000000000e+00 8.381410256410256610e-01 7.398504273504273865e-01 9.615384615384615918e-03 2.564102564102564014e-02
0.000000000000000000e+00 8.914707977207977363e-01 7.080662393162393542e-01 7.656695156695156670e-03 1.869658119658119608e-02
0.000000000000000000e+00 8.242521367521367104e-01 6.363514957264957417e-01 6.054131054131053728e-03 1.682692307692307612e-02
0.000000000000000000e+00 8.507834757834757955e-01 6.383547008547008073e-01 8.190883190883190695e-03 1.869658119658119608e-02
0.000000000000000000e+00 8.666310541310541238e-01 6.423611111111111605e-01 6.766381766381766340e-03 1.709401709401709574e-02
0.000000000000000000e+00 8.760683760683760646e-01 6.432959401709401615e-01 7.122507122507122646e-03 1.842948717948717993e-02
0.000000000000000000e+00 8.844373219373219408e-01 6.443643162393162260e-01 6.766381766381766340e-03 1.629273504273504383e-02
0.000000000000000000e+00 9.024216524216523982e-01 6.478365384615384359e-01 7.122507122507122646e-03 1.896367521367521222e-02
0.000000000000000000e+00 9.111467236467236663e-01 6.490384615384615641e-01 7.122507122507122646e-03 1.655982905982905998e-02
0.000000000000000000e+00 9.375890313390313757e-01 6.523771367521367104e-01 7.300569800569800365e-03 1.949786324786324798e-02
0.000000000000000000e+00 9.465811965811965489e-01 6.550480769230768718e-01 7.122507122507122646e-03 1.682692307692307612e-02
0.000000000000000000e+00 9.148860398860398924e-01 6.752136752136752573e-01 7.834757834757835257e-03 1.976495726495726413e-02
0.000000000000000000e+00 9.325142450142450690e-01 6.781517094017094349e-01 7.478632478632478951e-03 1.602564102564102422e-02
0.000000000000000000e+00 9.500534188034187588e-01 6.794871794871795156e-01 8.012820512820512109e-03 2.029914529914529989e-02
0.000000000000000000e+00 9.667022792022792466e-01 6.853632478632478708e-01 8.190883190883190695e-03 2.297008547008547175e-02
0.000000000000000000e+00 9.358974358974359031e-01 7.166132478632478708e-01 7.478632478632478951e-03 1.762820512820512803e-02
0.000000000000000000e+00 9.446225071225071712e-01 7.174145299145299193e-01 7.834757834757835257e-03 1.869658119658119608e-02
0.000000000000000000e+00 9.197827635327635587e-01 7.548076923076922906e-01 7.300569800569800365e-03 1.816239316239316379e-02
0.000000000000000000e+00 9.926994301994301884e-01 7.251602564102563875e-01 6.766381766381766340e-03 1.549145299145299193e-02
0.000000000000000000e+00 9.949252136752136932e-01 6.883012820512820484e-01 6.944444444444444059e-03 1.602564102564102422e-02
0.000000000000000000e+00 9.888710826210825866e-01 9.200053418803418870e-01 1.299857549857549865e-02 2.697649572649572780e-02
0.000000000000000000e+00 7.490206552706553111e-01 7.544070512820513219e-01 6.944444444444444059e-03 1.896367521367521222e-02
0.000000000000000000e+00 7.497329059829059839e-01 7.807158119658119677e-01 7.300569800569800365e-03 2.190170940170940023e-02
0.000000000000000000e+00 7.510683760683760646e-01 8.078258547008546619e-01 7.122507122507122646e-03 2.270299145299145213e-02
0.000000000000000000e+00 7.515135327635327211e-01 8.360042735042735318e-01 8.012820512820512109e-03 2.243589743589743599e-02
0.000000000000000000e+00 7.900641025641025328e-01 8.560363247863247427e-01 8.190883190883190695e-03 2.190170940170940023e-02
0.000000000000000000e+00 7.531160968660968180e-01 8.643162393162393542e-01 8.368945868945869282e-03 2.457264957264957209e-02
0.000000000000000000e+00 7.913995726495726135e-01 8.871527777777777901e-01 7.656695156695156670e-03 2.430555555555555594e-02
0.000000000000000000e+00 7.920227920227920215e-01 9.181356837606837740e-01 7.834757834757835257e-03 2.430555555555555594e-02
0.000000000000000000e+00 7.528490028490028019e-01 9.226762820512820484e-01 8.190883190883190695e-03 2.216880341880341984e-02
0.000000000000000000e+00 7.530270655270655533e-01 8.926282051282051766e-01 7.834757834757835257e-03 2.350427350427350404e-02
0.000000000000000000e+00 7.547186609686609149e-01 9.513888888888888395e-01 8.725071225071224720e-03 2.564102564102564014e-02
0.000000000000000000e+00 7.083333333333333703e-01 9.431089743589743390e-01 7.834757834757835257e-03 2.083333333333333218e-02
0.000000000000000000e+00 6.760149572649573058e-01 9.393696581196581130e-01 8.368945868945869282e-03 2.029914529914529989e-02
0.000000000000000000e+00 6.883012820512820484e-01 9.407051282051281937e-01 7.300569800569800365e-03 1.923076923076923184e-02
0.000000000000000000e+00 6.983618233618233972e-01 9.436431623931623713e-01 8.547008547008547868e-03 2.083333333333333218e-02
0.000000000000000000e+00 6.607905982905982745e-01 5.950854700854700807e-01 1.282051282051282007e-02 9.615384615384615918e-03
0.000000000000000000e+00 6.604344729344728826e-01 6.052350427350426942e-01 1.531339031339031334e-02 9.081196581196581893e-03
0.000000000000000000e+00 6.770833333333333703e-01 6.053685897435897578e-01 6.944444444444444059e-03 1.629273504273504383e-02
0.000000000000000000e+00 6.572293447293446889e-01 6.408920940170940161e-01 6.054131054131053728e-03 1.575854700854700807e-02
0.000000000000000000e+00 6.725427350427350959e-01 6.427617521367521292e-01 7.122507122507122646e-03 1.469017094017094002e-02
0.000000000000000000e+00 6.815349002849002691e-01 6.438301282051281937e-01 6.944444444444444059e-03 1.362179487179487197e-02
0.000000000000000000e+00 6.893696581196581130e-01 6.403579059829059839e-01 6.588319088319088621e-03 1.362179487179487197e-02
0.000000000000000000e+00 6.856303418803418870e-01 6.052350427350426942e-01 6.944444444444444059e-03 1.762820512820512803e-02
0.000000000000000000e+00 6.948005698005698116e-01 6.057692307692307265e-01 7.122507122507122646e-03 2.297008547008547175e-02
0.000000000000000000e+00 7.028133903133902960e-01 6.080395299145299193e-01 7.122507122507122646e-03 1.789529914529914417e-02
0.000000000000000000e+00 6.235754985754985436e-01 5.586271367521367104e-01 1.531339031339031334e-02 1.148504273504273587e-02
0.000000000000000000e+00 6.246438746438746081e-01 5.853365384615384359e-01 1.424501424501424529e-02 9.882478632478632063e-03
0.000000000000000000e+00 6.232193732193732627e-01 5.941506410256410797e-01 1.282051282051282007e-02 9.882478632478632063e-03
0.000000000000000000e+00 6.239316239316239354e-01 6.036324786324785974e-01 1.175213675213675202e-02 9.081196581196581893e-03
0.000000000000000000e+00 6.589209401709401615e-01 5.759882478632478708e-01 1.264245014245014322e-02 9.882478632478632063e-03
0.000000000000000000e+00 6.577635327635327211e-01 5.650373931623932089e-01 1.103988603988603941e-02 9.348290598290598039e-03
0.000000000000000000e+00 6.559829059829059839e-01 5.566239316239316448e-01 1.068376068376068397e-02 8.012820512820512109e-03
0.000000000000000000e+00 6.544693732193732627e-01 5.483440170940171443e-01 8.012820512820512109e-03 5.876068376068376009e-03
0.000000000000000000e+00 6.436965811965812412e-01 5.228365384615384359e-01 6.054131054131053728e-03 1.308760683760683795e-02
0.000000000000000000e+00 6.363960113960114295e-01 5.243055555555555802e-01 6.054131054131053728e-03 1.549145299145299193e-02
0.000000000000000000e+00 6.220619658119658224e-01 5.213675213675214026e-01 6.588319088319088621e-03 1.495726495726495790e-02
0.000000000000000000e+00 6.144943019943019946e-01 5.225694444444444198e-01 6.054131054131053728e-03 1.575854700854700807e-02
0.000000000000000000e+00 6.067485754985755264e-01 5.223023504273504036e-01 6.588319088319088621e-03 1.736111111111111188e-02
0.000000000000000000e+00 5.986467236467236663e-01 5.208333333333333703e-01 6.410256410256410034e-03 2.136752136752136794e-02
0.000000000000000000e+00 5.875178062678062529e-01 5.434027777777777901e-01 1.299857549857549865e-02 1.201923076923076990e-02
0.000000000000000000e+00 5.665954415954416179e-01 5.353899572649573058e-01 1.175213675213675202e-02 9.348290598290598039e-03
0.000000000000000000e+00 5.650819088319087857e-01 5.446047008547008073e-01 1.086182336182336255e-02 8.547008547008547868e-03
0.000000000000000000e+00 5.662393162393162260e-01 5.539529914529914834e-01 8.190883190883190695e-03 9.081196581196581893e-03
0.000000000000000000e+00 5.664173789173788665e-01 5.707799145299145005e-01 1.424501424501424529e-02 9.615384615384615918e-03
0.000000000000000000e+00 5.665064102564102422e-01 5.787927350427350959e-01 1.549145299145299193e-02 9.615384615384615918e-03
0.000000000000000000e+00 5.870726495726495964e-01 5.791933760683760646e-01 1.246438746438746463e-02 8.814102564102564014e-03
0.000000000000000000e+00 5.900106837606837740e-01 5.974893162393162260e-01 1.691595441595441715e-02 1.175213675213675202e-02
0.000000000000000000e+00 5.806623931623932089e-01 6.172542735042735318e-01 1.246438746438746463e-02 1.068376068376068397e-02
0.000000000000000000e+00 5.864494301994301884e-01 5.699786324786324521e-01 1.157407407407407343e-02 1.014957264957264994e-02
0.000000000000000000e+00 5.861823361823361722e-01 5.607638888888888395e-01 1.388888888888888812e-02 9.348290598290598039e-03
0.000000000000000000e+00 5.853810541310541238e-01 5.519497863247863068e-01 1.121794871794871799e-02 8.814102564102564014e-03
0.000000000000000000e+00 5.312500000000000000e-01 5.436698717948718063e-01 1.299857549857549865e-02 9.348290598290598039e-03
0.000000000000000000e+00 5.304487179487179516e-01 5.543536324786324521e-01 1.317663817663817724e-02 1.041666666666666609e-02
0.000000000000000000e+00 4.944800569800569812e-01 9.823717948717948234e-01 1.495726495726495790e-02 1.762820512820512803e-02
0.000000000000000000e+00 4.649216524216523982e-01 9.416399572649573058e-01 1.709401709401709574e-02 1.896367521367521222e-02
0.000000000000000000e+00 4.686609686609686798e-01 9.304220085470085166e-01 1.816239316239316379e-02 1.842948717948717993e-02
0.000000000000000000e+00 4.724893162393162260e-01 9.180021367521367104e-01 1.299857549857549865e-02 1.175213675213675202e-02
0.000000000000000000e+00 4.761396011396011319e-01 9.065170940170940161e-01 1.673789173789173856e-02 1.442307692307692388e-02
0.000000000000000000e+00 4.805911680911680861e-01 8.934294871794872250e-01 1.495726495726495790e-02 1.228632478632478604e-02
0.000000000000000000e+00 4.805911680911680861e-01 8.799412393162393542e-01 1.851851851851851749e-02 1.308760683760683795e-02
0.000000000000000000e+00 4.829950142450142314e-01 8.657852564102563875e-01 1.655982905982905998e-02 1.201923076923076990e-02
0.000000000000000000e+00 4.830840455840456071e-01 8.440170940170940161e-01 1.317663817663817724e-02 2.297008547008547175e-02
0.000000000000000000e+00 4.707977207977208089e-01 8.211805555555555802e-01 1.388888888888888812e-02 1.575854700854700807e-02
0.000000000000000000e+00 4.409722222222222099e-01 8.116987179487179516e-01 9.793447293447292770e-03 2.350427350427350404e-02
0.000000000000000000e+00 4.739138176638176825e-01 7.900641025641025328e-01 1.477920227920227932e-02 1.282051282051282007e-02
0.000000000000000000e+00 3.647613960113960108e-01 8.075587606837606458e-01 7.656695156695156670e-03 2.056623931623931603e-02
0.000000000000000000e+00 4.272613960113960108e-01 7.548076923076922906e-01 7.656695156695156670e-03 2.083333333333333218e-02
0.000000000000000000e+00 4.296652421652421561e-01 8.151709401709401615e-01 7.122507122507122646e-03 2.083333333333333218e-02
0.000000000000000000e+00 4.201388888888888951e-01 8.138354700854700807e-01 7.656695156695156670e-03 1.923076923076923184e-02
0.000000000000000000e+00 4.114138176638176825e-01 8.189102564102563875e-01 1.121794871794871799e-02 2.190170940170940023e-02
0.000000000000000000e+00 4.022435897435897578e-01 8.246527777777777901e-01 1.210826210826210746e-02 1.842948717948717993e-02
0.000000000000000000e+00 3.948539886039886260e-01 8.329326923076922906e-01 1.477920227920227932e-02 1.949786324786324798e-02
0.000000000000000000e+00 3.892450142450142314e-01 8.456196581196581130e-01 1.317663817663817724e-02 1.549145299145299193e-02
0.000000000000000000e+00 3.827457264957264682e-01 8.551014957264957417e-01 1.549145299145299193e-02 1.789529914529914417e-02
0.000000000000000000e+00 3.813212250712250673e-01 8.668536324786324521e-01 1.549145299145299193e-02 1.362179487179487197e-02
0.000000000000000000e+00 3.795405982905982745e-01 8.787393162393162260e-01 1.442307692307692388e-02 1.228632478632478604e-02
0.000000000000000000e+00 3.769586894586894332e-01 8.895566239316239354e-01 1.745014245014244944e-02 1.255341880341880392e-02
0.000000000000000000e+00 3.755341880341880323e-01 9.037126068376067911e-01 1.673789173789173856e-02 1.255341880341880392e-02
0.000000000000000000e+00 3.758012820512820484e-01 9.205395299145299193e-01 1.620370370370370280e-02 1.201923076923076990e-02
0.000000000000000000e+00 3.175747863247863068e-01 9.644764957264957417e-01 1.513532763532763475e-02 1.228632478632478604e-02
0.000000000000000000e+00 1.475249287749287874e-01 7.355769230769231282e-01 1.584757834757834910e-02 1.121794871794871799e-02
0.000000000000000000e+00 1.681801994301994341e-01 7.309027777777777901e-01 1.727207977207977085e-02 1.255341880341880392e-02
0.000000000000000000e+00 1.557158119658119677e-01 7.723023504273504036e-01 2.475071225071225067e-02 1.842948717948717993e-02
0.000000000000000000e+00 7.930021367521367104e-01 9.939903846153845812e-01 8.368945868945869282e-03 1.095085470085470011e-02
