0.000000000000000000e+00 4.808582621082621023e-01 3.685897435897436125e-01 1.549145299145299193e-02 1.282051282051282007e-02
0.000000000000000000e+00 5.313390313390313757e-01 3.867521367521367659e-01 1.210826210826210746e-02 9.615384615384615918e-03
0.000000000000000000e+00 5.300035612535612950e-01 3.962339743589743390e-01 1.228632478632478604e-02 1.201923076923076990e-02
0.000000000000000000e+00 5.270655270655271174e-01 4.169337606837607013e-01 1.851851851851851749e-02 1.816239316239316379e-02
0.000000000000000000e+00 3.710826210826210780e-01 5.584935897435897578e-01 1.246438746438746463e-02 2.991452991452991581e-02
0.000000000000000000e+00 3.960113960113960108e-01 6.075053418803418870e-01 8.190883190883190695e-03 1.842948717948717993e-02
0.000000000000000000e+00 3.871082621082621023e-01 6.091079059829059839e-01 7.834757834757835257e-03 1.789529914529914417e-02
0.000000000000000000e+00 3.773148148148148251e-01 6.073717948717948234e-01 6.766381766381766340e-03 9.081196581196581893e-03
0.000000000000000000e+00 3.692129629629629650e-01 6.125801282051281937e-01 9.081196581196581893e-03 2.003205128205128374e-02
0.000000000000000000e+00 3.603098290598290565e-01 6.157852564102563875e-01 7.656695156695156670e-03 1.949786324786324798e-02
0.000000000000000000e+00 8.849715099715099731e-02 7.354433760683760646e-01 1.673789173789173856e-02 1.415598290598290600e-02
0.000000000000000000e+00 1.348824786324786251e-01 7.514690170940171443e-01 1.940883190883191042e-02 1.575854700854700807e-02
0.000000000000000000e+00 3.681445868945869004e-01 9.807692307692307265e-01 1.121794871794871799e-02 2.777777777777777624e-02
0.000000000000000000e+00 5.834223646723646350e-01 9.909188034188034511e-01 1.121794871794871799e-02 1.816239316239316379e-02
0.000000000000000000e+00 5.915242165242164951e-01 9.903846153846154188e-01 1.103988603988603941e-02 1.923076923076923184e-02
0.000000000000000000e+00 5.197649572649573058e-01 2.096688034188034025e-02 1.282051282051282007e-02 9.882478632478632063e-03
0.000000000000000000e+00 4.256588319088319139e-01 1.657318376068376009e-01 8.012820512820512109e-03 1.362179487179487197e-02
0.000000000000000000e+00 6.081730769230768718e-01 1.047008547008547036e-01 9.793447293447292770e-03 1.228632478632478604e-02
0.000000000000000000e+00 6.147613960113960108e-01 1.032318376068376009e-01 1.121794871794871799e-02 1.308760683760683795e-02
0.000000000000000000e+00 6.163639601139601076e-01 1.147168803418803368e-01 1.264245014245014322e-02 1.041666666666666609e-02
0.000000000000000000e+00 6.274038461538461453e-01 9.895833333333332871e-02 1.940883190883191042e-02 1.255341880341880392e-02
0.000000000000000000e+00 6.324786324786324521e-01 1.112446581196581130e-01 2.029914529914529989e-02 1.789529914529914417e-02
0.000000000000000000e+00 6.368411680911680861e-01 9.682158119658119955e-02 1.014957264957264994e-02 1.095085470085470011e-02
0.000000000000000000e+00 6.433404558404558493e-01 9.508547008547008073e-02 9.259259259259258745e-03 1.068376068376068397e-02
0.000000000000000000e+00 6.469017094017094349e-01 1.038995726495726551e-01 1.424501424501424529e-02 1.228632478632478604e-02
0.000000000000000000e+00 6.543803418803418870e-01 9.041132478632478431e-02 1.317663817663817724e-02 1.148504273504273587e-02
0.000000000000000000e+00 6.684472934472934780e-01 1.065705128205128166e-01 6.054131054131053728e-03 8.547008547008547868e-03
0.000000000000000000e+00 7.584579772079772519e-01 4.019764957264957556e-02 9.793447293447292770e-03 1.308760683760683795e-02
0.000000000000000000e+00 7.751068376068376287e-01 3.926282051282051211e-02 9.259259259259258745e-03 1.335470085470085409e-02
0.000000000000000000e+00 7.809829059829059839e-01 5.168269230769230449e-02 9.971509971509971357e-03 1.201923076923076990e-02
0.000000000000000000e+00 7.870370370370370905e-01 6.303418803418803229e-02 9.259259259259258745e-03 1.282051282051282007e-02
0.000000000000000000e+00 7.581018518518518601e-01 8.135683760683760646e-01 1.727207977207977085e-02 3.418803418803419147e-02
0.000000000000000000e+00 5.922364672364672789e-01 4.149305555555555802e-01 8.190883190883190695e-03 1.789529914529914417e-02
0.000000000000000000e+00 5.770121082621082476e-01 3.360042735042735318e-01 7.656695156695156670e-03 1.655982905982905998e-02
0.000000000000000000e+00 5.999821937321937471e-01 3.458867521367521292e-01 7.300569800569800365e-03 1.335470085470085409e-02
0.000000000000000000e+00 6.239316239316239354e-01 3.394764957264957417e-01 1.103988603988603941e-02 1.175213675213675202e-02
0.000000000000000000e+00 6.224180911680912143e-01 2.127403846153846090e-01 1.050569800569800538e-02 1.308760683760683795e-02
0.000000000000000000e+00 6.323005698005698116e-01 2.044604700854700807e-01 1.103988603988603941e-02 1.255341880341880392e-02
0.000000000000000000e+00 6.394230769230768718e-01 1.689369658119658224e-01 1.246438746438746463e-02 1.469017094017094002e-02
0.000000000000000000e+00 6.631944444444444198e-01 1.824252136752136655e-01 1.442307692307692388e-02 1.335470085470085409e-02
0.000000000000000000e+00 6.966702279202279247e-01 2.106036324786324798e-01 1.513532763532763475e-02 1.469017094017094002e-02
0.000000000000000000e+00 7.031695156695156879e-01 1.617254273504273587e-01 1.103988603988603941e-02 1.148504273504273587e-02
0.000000000000000000e+00 7.248931623931623713e-01 1.517094017094016978e-01 1.353276353276353268e-02 1.175213675213675202e-02
0.000000000000000000e+00 7.516915954415954726e-01 1.390224358974359031e-01 9.081196581196581893e-03 8.814102564102564014e-03
0.000000000000000000e+00 7.633547008547008073e-01 1.342147435897435848e-01 1.175213675213675202e-02 1.095085470085470011e-02
0.000000000000000000e+00 8.188212250712251228e-01 1.430288461538461453e-01 8.368945868945869282e-03 1.201923076923076990e-02
0.000000000000000000e+00 9.471153846153845812e-01 1.379540598290598385e-01 1.566951566951567051e-02 8.279914529914529989e-03
0.000000000000000000e+00 9.358974358974359031e-01 1.067040598290598247e-01 1.317663817663817724e-02 1.041666666666666609e-02
0.000000000000000000e+00 9.569088319088319139e-01 9.481837606837606458e-02 1.282051282051282007e-02 8.547008547008547868e-03
0.000000000000000000e+00 9.957264957264957417e-01 9.107905982905982467e-02 8.190883190883190695e-03 1.282051282051282007e-02
0.000000000000000000e+00 8.653846153846154188e-01 2.136752136752136655e-01 1.139601139601139658e-02 1.602564102564102422e-02
0.000000000000000000e+00 8.746438746438746081e-01 2.307692307692307820e-01 9.971509971509971357e-03 1.495726495726495790e-02
0.000000000000000000e+00 8.829237891737892197e-01 2.438568376068376009e-01 1.014957264957264994e-02 1.549145299145299193e-02
0.000000000000000000e+00 9.128383190883191389e-01 2.959401709401709435e-01 1.050569800569800538e-02 1.549145299145299193e-02
0.000000000000000000e+00 9.215633903133902960e-01 3.084935897435897578e-01 8.368945868945869282e-03 1.495726495726495790e-02
0.000000000000000000e+00 9.038461538461538547e-01 3.147702991452991372e-01 1.068376068376068397e-02 1.522435897435897405e-02
0.000000000000000000e+00 9.297542735042735318e-01 3.246527777777777901e-01 1.157407407407407343e-02 1.736111111111111188e-02
0.000000000000000000e+00 9.478276353276353650e-01 3.543002136752136932e-01 1.175213675213675202e-02 1.629273504273504383e-02
0.000000000000000000e+00 9.367877492877493273e-01 3.696581196581196771e-01 1.139601139601139658e-02 1.762820512820512803e-02
0.000000000000000000e+00 9.471153846153845812e-01 3.860844017094017255e-01 1.032763532763532680e-02 1.736111111111111188e-02
0.000000000000000000e+00 9.648326210826211335e-01 3.863514957264957417e-01 1.442307692307692388e-02 1.949786324786324798e-02
0.000000000000000000e+00 9.571759259259259300e-01 4.047809829059829112e-01 1.086182336182336255e-02 1.682692307692307612e-02
0.000000000000000000e+00 9.779202279202279247e-01 4.062500000000000000e-01 1.175213675213675202e-02 1.709401709401709574e-02
0.000000000000000000e+00 9.892272079772079785e-01 4.250801282051281937e-01 1.406695156695156670e-02 2.216880341880341984e-02
0.000000000000000000e+00 7.689636752136752573e-01 3.450854700854700807e-01 2.083333333333333218e-02 1.976495726495726413e-02
0.000000000000000000e+00 8.060007122507122368e-01 3.330662393162392987e-01 1.157407407407407343e-02 1.655982905982905998e-02
0.000000000000000000e+00 8.310185185185184897e-01 3.350694444444444198e-01 9.971509971509971357e-03 1.682692307692307612e-02
0.000000000000000000e+00 8.472222222222222099e-01 3.197115384615384359e-01 8.903133903133903307e-03 1.388888888888888812e-02
0.000000000000000000e+00 8.554131054131054457e-01 3.197115384615384359e-01 9.971509971509971357e-03 1.709401709401709574e-02
0.000000000000000000e+00 8.793625356125356340e-01 3.052884615384615641e-01 1.406695156695156670e-02 1.228632478632478604e-02
0.000000000000000000e+00 8.822115384615384359e-01 3.122329059829059839e-01 1.442307692307692388e-02 1.228632478632478604e-02
0.000000000000000000e+00 8.852386039886039892e-01 3.190438034188033956e-01 1.442307692307692388e-02 1.308760683760683795e-02
0.000000000000000000e+00 8.887108262108261991e-01 3.255876068376068466e-01 1.495726495726495790e-02 1.228632478632478604e-02
0.000000000000000000e+00 8.917378917378917524e-01 3.329326923076922906e-01 1.460113960113960073e-02 1.308760683760683795e-02
0.000000000000000000e+00 7.491987179487179516e-01 4.031784188034188143e-01 9.793447293447292770e-03 1.629273504273504383e-02
0.000000000000000000e+00 7.707443019943019946e-01 4.280181623931623713e-01 1.121794871794871799e-02 1.789529914529914417e-02
0.000000000000000000e+00 7.434116809116808611e-01 4.153311965811966044e-01 1.139601139601139658e-02 1.976495726495726413e-02
0.000000000000000000e+00 7.362001424501424252e-01 4.189369658119658224e-01 1.014957264957264994e-02 1.842948717948717993e-02
0.000000000000000000e+00 7.286324786324785974e-01 4.202724358974359031e-01 9.615384615384615918e-03 1.736111111111111188e-02
0.000000000000000000e+00 7.205306267806267373e-01 4.213408119658119677e-01 1.157407407407407343e-02 2.110042735042735179e-02
0.000000000000000000e+00 7.110933048433047965e-01 4.229433760683760646e-01 9.793447293447292770e-03 1.415598290598290600e-02
0.000000000000000000e+00 8.106303418803418870e-01 4.600694444444444198e-01 9.437321937321937332e-03 1.575854700854700807e-02
0.000000000000000000e+00 8.439280626780626404e-01 4.496527777777777901e-01 9.437321937321937332e-03 1.736111111111111188e-02
0.000000000000000000e+00 7.335292022792022637e-01 5.062767094017094349e-01 8.012820512820512109e-03 1.362179487179487197e-02
0.000000000000000000e+00 7.426994301994301884e-01 5.048076923076922906e-01 1.032763532763532680e-02 1.602564102564102422e-02
0.000000000000000000e+00 7.548076923076922906e-01 5.021367521367521292e-01 1.032763532763532680e-02 1.602564102564102422e-02
0.000000000000000000e+00 7.854344729344728826e-01 5.138888888888888395e-01 1.282051282051282007e-02 1.121794871794871799e-02
0.000000000000000000e+00 7.921118233618233972e-01 5.343215811965812412e-01 1.584757834757834910e-02 1.255341880341880392e-02
0.000000000000000000e+00 7.952279202279202153e-01 6.021634615384615641e-01 1.175213675213675202e-02 2.270299145299145213e-02
0.000000000000000000e+00 7.857015669515668987e-01 6.026976495726495964e-01 1.050569800569800538e-02 1.575854700854700807e-02
0.000000000000000000e+00 7.773326210826211335e-01 6.061698717948718063e-01 9.437321937321937332e-03 1.682692307692307612e-02
0.000000000000000000e+00 7.697649572649573058e-01 6.097756410256410797e-01 9.615384615384615918e-03 1.655982905982905998e-02
0.000000000000000000e+00 8.170405982905982745e-01 6.438301282051281937e-01 1.121794871794871799e-02 2.216880341880341984e-02
0.000000000000000000e+00 8.091168091168091658e-01 6.463675213675214026e-01 9.615384615384615918e-03 1.709401709401709574e-02
0.000000000000000000e+00 8.010149572649573058e-01 6.486378205128204844e-01 1.050569800569800538e-02 1.896367521367521222e-02
0.000000000000000000e+00 7.930911680911680861e-01 6.507745726495726135e-01 8.903133903133903307e-03 1.682692307692307612e-02
0.000000000000000000e+00 7.841880341880341776e-01 6.781517094017094349e-01 1.068376068376068397e-02 1.923076923076923184e-02
0.000000000000000000e+00 8.045762108262107803e-01 6.717414529914529364e-01 1.442307692307692388e-02 2.457264957264957209e-02
0.000000000000000000e+00 8.148148148148147696e-01 6.694711538461538547e-01 9.971509971509971357e-03 1.789529914529914417e-02
0.000000000000000000e+00 8.231837606837606458e-01 7.159455128205127750e-01 1.246438746438746463e-02 2.163461538461538408e-02
0.000000000000000000e+00 8.145477207977207534e-01 7.188835470085470636e-01 1.157407407407407343e-02 2.110042735042735179e-02
0.000000000000000000e+00 7.933582621082621023e-01 7.521367521367521292e-01 1.976495726495726413e-02 2.617521367521367590e-02
