0.000000000000000000e+00 1.552706552706552834e-01 2.497329059829059977e-02 5.698005698005698290e-03 9.348290598290598039e-03
0.000000000000000000e+00 1.524216524216524260e-01 3.592414529914529642e-02 7.122507122507122646e-03 1.095085470085470011e-02
0.000000000000000000e+00 1.368411680911680861e-01 9.895833333333332871e-02 6.232193732193732315e-03 1.201923076923076990e-02
0.000000000000000000e+00 6.561609686609685965e-02 1.432959401709401615e-01 5.519943019943019703e-03 9.882478632478632063e-03
0.000000000000000000e+00 1.187678062678062668e-01 1.490384615384615363e-01 6.766381766381766340e-03 1.228632478632478604e-02
0.000000000000000000e+00 8.600427350427350404e-02 2.313034188034188143e-01 8.903133903133903307e-03 1.816239316239316379e-02
0.000000000000000000e+00 5.933938746438746081e-01 1.427617521367521292e-01 1.157407407407407343e-02 9.348290598290598039e-03
0.000000000000000000e+00 6.220619658119658224e-01 1.461004273504273587e-01 1.299857549857549865e-02 9.081196581196581893e-03
0.000000000000000000e+00 6.542022792022792466e-01 1.241987179487179516e-01 1.068376068376068397e-02 1.068376068376068397e-02
0.000000000000000000e+00 6.988069800569800538e-01 4.447115384615384776e-02 1.193019943019943060e-02 1.148504273504273587e-02
0.000000000000000000e+00 6.834045584045583821e-01 7.638888888888889506e-02 8.547008547008547868e-03 1.068376068376068397e-02
0.000000000000000000e+00 7.613960113960114295e-01 2.991452991452991581e-02 6.766381766381766340e-03 6.410256410256410034e-03
0.000000000000000000e+00 7.790242165242164951e-01 7.171474358974358476e-02 6.410256410256410034e-03 1.095085470085470011e-02
0.000000000000000000e+00 7.802706552706553111e-01 1.766826923076923184e-01 1.246438746438746463e-02 8.279914529914529989e-03
0.000000000000000000e+00 7.857015669515668987e-01 1.872329059829059839e-01 9.081196581196581893e-03 5.876068376068376009e-03
0.000000000000000000e+00 8.493589743589743390e-01 1.467681623931623991e-01 8.547008547008547868e-03 1.201923076923076990e-02
0.000000000000000000e+00 8.801638176638176825e-01 1.542467948717948789e-01 1.175213675213675202e-02 9.348290598290598039e-03
0.000000000000000000e+00 1.280270655270655256e-01 3.978365384615384359e-01 6.054131054131053728e-03 1.362179487179487197e-02
0.000000000000000000e+00 1.348824786324786251e-01 3.961004273504273310e-01 5.876068376068376009e-03 1.121794871794871799e-02
0.000000000000000000e+00 1.423611111111111049e-01 3.954326923076922906e-01 6.232193732193732315e-03 1.362179487179487197e-02
0.000000000000000000e+00 1.495726495726495686e-01 3.936965811965811857e-01 5.698005698005698290e-03 1.442307692307692388e-02
0.000000000000000000e+00 1.634615384615384637e-01 3.926282051282051211e-01 5.698005698005698290e-03 1.175213675213675202e-02
0.000000000000000000e+00 1.331018518518518601e-01 4.226762820512820484e-01 6.944444444444444059e-03 8.279914529914529989e-03
0.000000000000000000e+00 1.990740740740740700e-01 4.481837606837607013e-01 1.103988603988603941e-02 9.615384615384615918e-03
0.000000000000000000e+00 2.170584045584045552e-01 4.732905982905982745e-01 1.139601139601139658e-02 9.081196581196581893e-03
0.000000000000000000e+00 2.033475783475783560e-01 4.829059829059829112e-01 1.282051282051282007e-02 1.068376068376068397e-02
0.000000000000000000e+00 2.174145299145299193e-01 4.807692307692307820e-01 8.903133903133903307e-03 9.615384615384615918e-03
0.000000000000000000e+00 2.498219373219373318e-01 4.736912393162392987e-01 1.317663817663817724e-02 8.814102564102564014e-03
0.000000000000000000e+00 2.444800569800569812e-01 4.819711538461538547e-01 8.547008547008547868e-03 9.348290598290598039e-03
0.000000000000000000e+00 2.184829059829059839e-01 4.949252136752136932e-01 1.032763532763532680e-02 9.081196581196581893e-03
0.000000000000000000e+00 2.179487179487179516e-01 5.041399572649573058e-01 1.103988603988603941e-02 9.882478632478632063e-03
0.000000000000000000e+00 2.462606837606837740e-01 4.893162393162392987e-01 1.032763532763532680e-02 9.615384615384615918e-03
0.000000000000000000e+00 2.467058404558404583e-01 4.978632478632478708e-01 1.086182336182336255e-02 1.014957264957264994e-02
0.000000000000000000e+00 3.509615384615384359e-01 3.596420940170940161e-01 6.054131054131053728e-03 1.575854700854700807e-02
0.000000000000000000e+00 3.579950142450142314e-01 3.593750000000000000e-01 6.232193732193732315e-03 1.362179487179487197e-02
0.000000000000000000e+00 3.652065527065527228e-01 3.577724358974359031e-01 6.054131054131053728e-03 1.201923076923076990e-02
0.000000000000000000e+00 3.721509971509971426e-01 3.559027777777777901e-01 6.410256410256410034e-03 1.255341880341880392e-02
0.000000000000000000e+00 3.856837606837607013e-01 3.538995726495726690e-01 6.410256410256410034e-03 1.335470085470085409e-02
0.000000000000000000e+00 4.546830484330484090e-01 4.811698717948718063e-01 9.437321937321937332e-03 1.041666666666666609e-02
0.000000000000000000e+00 5.423789173789174134e-01 4.607371794871794601e-01 6.766381766381766340e-03 8.012820512820512109e-03
0.000000000000000000e+00 4.005519943019942852e-01 5.665064102564102422e-01 1.299857549857549865e-02 1.014957264957264994e-02
0.000000000000000000e+00 4.740028490028490027e-01 5.499465811965812412e-01 6.054131054131053728e-03 7.478632478632478951e-03
0.000000000000000000e+00 4.900284900284900269e-01 5.475427350427350959e-01 6.054131054131053728e-03 5.341880341880341984e-03
0.000000000000000000e+00 5.220797720797720753e-01 5.463408119658119677e-01 8.547008547008547868e-03 1.629273504273504383e-02
0.000000000000000000e+00 5.307158119658119677e-01 5.472756410256410797e-01 8.368945868945869282e-03 1.549145299145299193e-02
0.000000000000000000e+00 5.405092592592593004e-01 5.464743589743589203e-01 6.944444444444444059e-03 1.442307692307692388e-02
0.000000000000000000e+00 5.178062678062678170e-01 5.777243589743589203e-01 7.122507122507122646e-03 1.068376068376068397e-02
0.000000000000000000e+00 5.256410256410256610e-01 5.794604700854700807e-01 6.766381766381766340e-03 9.882478632478632063e-03
0.000000000000000000e+00 6.050569800569800538e-01 3.871527777777777901e-01 7.478632478632478951e-03 1.469017094017094002e-02
0.000000000000000000e+00 6.109330484330484090e-01 4.141292735042735318e-01 7.122507122507122646e-03 1.629273504273504383e-02
0.000000000000000000e+00 6.152955840455840431e-01 4.322916666666666852e-01 6.944444444444444059e-03 1.629273504273504383e-02
0.000000000000000000e+00 6.393340455840456071e-01 4.567307692307692180e-01 7.656695156695156670e-03 1.228632478632478604e-02
0.000000000000000000e+00 6.484152421652421561e-01 4.922542735042735318e-01 8.012820512820512109e-03 1.549145299145299193e-02
0.000000000000000000e+00 6.851851851851852304e-01 3.904914529914529919e-01 8.190883190883190695e-03 9.615384615384615918e-03
0.000000000000000000e+00 6.914173789173788665e-01 4.066506410256410242e-01 1.210826210826210746e-02 9.882478632478632063e-03
0.000000000000000000e+00 6.944444444444444198e-01 4.142628205128205399e-01 1.103988603988603941e-02 9.081196581196581893e-03
0.000000000000000000e+00 6.970263532763533165e-01 4.232104700854700807e-01 1.050569800569800538e-02 1.041666666666666609e-02
0.000000000000000000e+00 7.000534188034187588e-01 4.338942307692307820e-01 1.299857549857549865e-02 1.148504273504273587e-02
0.000000000000000000e+00 7.033475783475783283e-01 4.413728632478632341e-01 1.246438746438746463e-02 8.814102564102564014e-03
0.000000000000000000e+00 7.064636752136752573e-01 4.493856837606837740e-01 1.050569800569800538e-02 8.814102564102564014e-03
0.000000000000000000e+00 7.142984330484331013e-01 4.672809829059829112e-01 6.944444444444444059e-03 8.279914529914529989e-03
0.000000000000000000e+00 7.440349002849002691e-01 4.662126068376068466e-01 1.193019943019943060e-02 1.148504273504273587e-02
0.000000000000000000e+00 6.884793447293446889e-01 5.769230769230768718e-01 8.368945868945869282e-03 1.495726495726495790e-02
0.000000000000000000e+00 7.050391737891738009e-01 6.057692307692307265e-01 1.513532763532763475e-02 1.175213675213675202e-02
0.000000000000000000e+00 7.075320512820513219e-01 6.144497863247863068e-01 1.264245014245014322e-02 1.148504273504273587e-02
0.000000000000000000e+00 7.100249287749287319e-01 6.324786324786324521e-01 1.371082621082621127e-02 1.388888888888888812e-02
0.000000000000000000e+00 7.481303418803418870e-01 6.428952991452991927e-01 1.406695156695156670e-02 1.228632478632478604e-02
0.000000000000000000e+00 7.501780626780626404e-01 6.494391025641025328e-01 1.282051282051282007e-02 1.148504273504273587e-02
0.000000000000000000e+00 6.192129629629629095e-01 7.275641025641025328e-01 1.157407407407407343e-02 1.762820512820512803e-02
0.000000000000000000e+00 6.123575498575498655e-01 7.039262820512820484e-01 9.615384615384615918e-03 1.896367521367521222e-02
0.000000000000000000e+00 5.851139601139601076e-01 6.403579059829059839e-01 8.190883190883190695e-03 1.469017094017094002e-02
0.000000000000000000e+00 5.919693732193732627e-01 6.659989316239316448e-01 9.437321937321937332e-03 1.789529914529914417e-02
0.000000000000000000e+00 5.723824786324785974e-01 5.880074786324785974e-01 8.368945868945869282e-03 1.896367521367521222e-02
0.000000000000000000e+00 4.593126780626780592e-01 6.897702991452991927e-01 1.477920227920227932e-02 1.308760683760683795e-02
0.000000000000000000e+00 4.616274928774928843e-01 7.059294871794872250e-01 1.727207977207977085e-02 1.228632478632478604e-02
0.000000000000000000e+00 4.263710826210826421e-01 6.865651709401708880e-01 1.513532763532763475e-02 1.148504273504273587e-02
0.000000000000000000e+00 4.277955840455840431e-01 6.956463675213675479e-01 1.406695156695156670e-02 1.148504273504273587e-02
0.000000000000000000e+00 4.288639601139601076e-01 7.044604700854700807e-01 1.477920227920227932e-02 1.148504273504273587e-02
0.000000000000000000e+00 4.324252136752136932e-01 7.142094017094017255e-01 1.371082621082621127e-02 1.228632478632478604e-02
0.000000000000000000e+00 4.132834757834757955e-01 7.003205128205127750e-01 1.424501424501424529e-02 1.121794871794871799e-02
0.000000000000000000e+00 4.139066951566951480e-01 7.096688034188034511e-01 1.513532763532763475e-02 1.228632478632478604e-02
0.000000000000000000e+00 3.843482905982906206e-01 7.216880341880341776e-01 1.264245014245014322e-02 1.709401709401709574e-02
0.000000000000000000e+00 3.723290598290598385e-01 7.260950854700854995e-01 1.246438746438746463e-02 1.469017094017094002e-02
0.000000000000000000e+00 3.571937321937321830e-01 7.282318376068376287e-01 9.971509971509971357e-03 1.095085470085470011e-02
0.000000000000000000e+00 3.453525641025640969e-01 7.343750000000000000e-01 1.193019943019943060e-02 1.789529914529914417e-02
0.000000000000000000e+00 3.041310541310541238e-01 6.849626068376067911e-01 4.985754985754985678e-03 9.882478632478632063e-03
0.000000000000000000e+00 3.076032763532763337e-01 7.632211538461538547e-01 1.655982905982905998e-02 1.682692307692307612e-02
0.000000000000000000e+00 3.071581196581196771e-01 7.764423076923077094e-01 1.353276353276353268e-02 1.228632478632478604e-02
0.000000000000000000e+00 3.460648148148148251e-01 8.157051282051281937e-01 9.437321937321937332e-03 1.068376068376068397e-02
0.000000000000000000e+00 3.464209401709401615e-01 8.261217948717948234e-01 1.477920227920227932e-02 1.388888888888888812e-02
0.000000000000000000e+00 3.498931623931623713e-01 8.464209401709401615e-01 1.424501424501424529e-02 1.175213675213675202e-02
0.000000000000000000e+00 3.011930199430199462e-01 8.346688034188034511e-01 6.588319088319088621e-03 1.602564102564102422e-02
0.000000000000000000e+00 2.732371794871794601e-01 8.437500000000000000e-01 5.876068376068376009e-03 1.709401709401709574e-02
0.000000000000000000e+00 2.468839031339031265e-01 8.478899572649573058e-01 7.300569800569800365e-03 1.415598290598290600e-02
0.000000000000000000e+00 2.394052706552706467e-01 8.472222222222222099e-01 5.519943019943019703e-03 1.442307692307692388e-02
0.000000000000000000e+00 2.117165242165242045e-01 8.555021367521367104e-01 8.903133903133903307e-03 1.388888888888888812e-02
0.000000000000000000e+00 1.905270655270655256e-01 8.591079059829059839e-01 6.766381766381766340e-03 1.789529914529914417e-02
0.000000000000000000e+00 1.618589743589743668e-01 8.632478632478632896e-01 3.917378917378917629e-03 1.709401709401709574e-02
0.000000000000000000e+00 1.341702279202279247e-01 8.625801282051281937e-01 6.944444444444444059e-03 7.211538461538461939e-03
0.000000000000000000e+00 9.716880341880341776e-01 4.472489316239316448e-01 1.068376068376068397e-02 9.882478632478632063e-03
0.000000000000000000e+00 9.754273504273504036e-01 4.549946581196581130e-01 1.353276353276353268e-02 1.041666666666666609e-02
0.000000000000000000e+00 9.775641025641025328e-01 4.624732905982906206e-01 1.317663817663817724e-02 7.745726495726495964e-03
0.000000000000000000e+00 9.834401709401708880e-01 4.700854700854700807e-01 7.478632478632478951e-03 8.547008547008547868e-03
0.000000000000000000e+00 9.861111111111111605e-01 4.787660256410256610e-01 7.122507122507122646e-03 9.882478632478632063e-03
0.000000000000000000e+00 8.814102564102563875e-01 8.285256410256410797e-01 2.314814814814814686e-02 1.869658119658119608e-02
0.000000000000000000e+00 9.313568376068376287e-01 8.775373931623932089e-01 1.691595441595441715e-02 3.819444444444444753e-02
0.000000000000000000e+00 9.630519943019942852e-01 9.082532051282051766e-01 1.620370370370370280e-02 1.362179487179487197e-02
0.000000000000000000e+00 9.665242165242164951e-01 9.194711538461538547e-01 1.566951566951567051e-02 1.308760683760683795e-02
0.000000000000000000e+00 9.921652421652421561e-01 8.798076923076922906e-01 1.460113960113960073e-02 1.282051282051282007e-02
0.000000000000000000e+00 9.943019943019942852e-01 8.926282051282051766e-01 1.103988603988603941e-02 1.388888888888888812e-02
0.000000000000000000e+00 9.955484330484331013e-01 9.022435897435897578e-01 8.547008547008547868e-03 1.014957264957264994e-02
0.000000000000000000e+00 7.456374643874643660e-01 9.453792735042735318e-01 6.232193732193732315e-03 1.896367521367521222e-02
0.000000000000000000e+00 7.465277777777777901e-01 9.704861111111111605e-01 7.656695156695156670e-03 1.949786324786324798e-02
0.000000000000000000e+00 5.909900284900284628e-01 9.877136752136752573e-01 1.531339031339031334e-02 1.228632478632478604e-02
0.000000000000000000e+00 6.253561253561253919e-01 9.859775641025640969e-01 7.834757834757835257e-03 2.003205128205128374e-02
0.000000000000000000e+00 4.802350427350427498e-01 8.986378205128204844e-01 1.851851851851851749e-02 1.308760683760683795e-02
0.000000000000000000e+00 4.265491452991452825e-01 9.079861111111111605e-01 1.264245014245014322e-02 1.201923076923076990e-02
0.000000000000000000e+00 3.313746438746438816e-01 9.214743589743589203e-01 1.566951566951567051e-02 1.495726495726495790e-02
0.000000000000000000e+00 3.097400284900284628e-01 9.261485042735042583e-01 1.406695156695156670e-02 1.255341880341880392e-02
0.000000000000000000e+00 2.778668091168091103e-01 9.324252136752136932e-01 1.371082621082621127e-02 1.282051282051282007e-02
