0.000000000000000000e+00 1.160968660968660915e-01 8.279914529914529989e-03 4.273504273504273934e-03 1.068376068376068397e-02
0.000000000000000000e+00 1.165420227920227897e-01 2.110042735042735179e-02 4.807692307692307959e-03 9.081196581196581893e-03
0.000000000000000000e+00 1.173433048433048381e-01 3.044871794871794810e-02 4.273504273504273934e-03 9.615384615384615918e-03
0.000000000000000000e+00 1.321225071225071157e-01 2.256944444444444406e-02 4.629629629629629373e-03 9.348290598290598039e-03
0.000000000000000000e+00 1.329237891737891641e-01 3.311965811965811995e-02 4.807692307692307959e-03 8.012820512820512109e-03
0.000000000000000000e+00 1.339031339031339085e-01 5.261752136752136794e-02 4.629629629629629373e-03 9.615384615384615918e-03
0.000000000000000000e+00 5.662393162393162399e-02 1.463675213675213749e-01 6.410256410256410034e-03 7.478632478632478951e-03
0.000000000000000000e+00 2.718126780626780592e-01 8.613782051282051211e-02 4.807692307692307959e-03 7.745726495726495964e-03
0.000000000000000000e+00 2.654024216524216717e-01 1.081730769230769273e-01 4.807692307692307959e-03 1.121794871794871799e-02
0.000000000000000000e+00 2.711004273504273310e-01 1.073717948717948650e-01 5.163817663817663398e-03 1.014957264957264994e-02
0.000000000000000000e+00 2.883725071225071157e-01 1.040331196581196632e-01 4.807692307692307959e-03 8.279914529914529989e-03
0.000000000000000000e+00 2.945156695156695426e-01 1.047008547008547036e-01 4.273504273504273934e-03 9.081196581196581893e-03
0.000000000000000000e+00 2.463497150997150942e-01 1.302083333333333426e-01 4.807692307692307959e-03 9.348290598290598039e-03
0.000000000000000000e+00 2.406517094017094072e-01 1.439636752136752018e-01 9.081196581196581893e-03 7.478632478632478951e-03
0.000000000000000000e+00 1.953347578347578439e-01 1.434294871794871695e-01 1.032763532763532680e-02 7.478632478632478951e-03
0.000000000000000000e+00 2.063746438746438816e-01 1.439636752136752018e-01 8.903133903133903307e-03 7.478632478632478951e-03
0.000000000000000000e+00 1.808226495726495686e-01 1.668002136752136655e-01 1.157407407407407343e-02 1.041666666666666609e-02
0.000000000000000000e+00 1.435185185185185175e-01 1.742788461538461453e-01 6.410256410256410034e-03 1.308760683760683795e-02
0.000000000000000000e+00 1.237535612535612534e-01 2.044604700854700807e-01 6.410256410256410034e-03 1.201923076923076990e-02
0.000000000000000000e+00 1.216168091168091103e-01 2.606837606837607013e-01 5.698005698005698290e-03 8.012820512820512109e-03
0.000000000000000000e+00 1.328347578347578439e-01 2.884615384615384359e-01 6.766381766381766340e-03 1.121794871794871799e-02
0.000000000000000000e+00 1.162749287749287735e-01 2.893963675213675479e-01 7.122507122507122646e-03 1.255341880341880392e-02
0.000000000000000000e+00 1.217948717948717924e-01 3.094284188034188143e-01 6.766381766381766340e-03 1.255341880341880392e-02
0.000000000000000000e+00 1.409366096866096763e-01 3.149038461538461453e-01 6.588319088319088621e-03 1.388888888888888812e-02
0.000000000000000000e+00 1.452991452991453103e-01 3.278579059829059839e-01 6.766381766381766340e-03 1.255341880341880392e-02
0.000000000000000000e+00 1.316773504273504314e-01 3.429487179487179516e-01 6.944444444444444059e-03 1.228632478632478604e-02
0.000000000000000000e+00 1.537571225071225067e-01 3.541666666666666852e-01 6.944444444444444059e-03 1.175213675213675202e-02
0.000000000000000000e+00 1.367521367521367659e-01 3.581730769230769273e-01 7.834757834757835257e-03 1.228632478632478604e-02
0.000000000000000000e+00 1.409366096866096763e-01 3.707264957264957417e-01 7.656695156695156670e-03 1.175213675213675202e-02
0.000000000000000000e+00 1.452991452991453103e-01 3.838141025641025883e-01 7.834757834757835257e-03 1.335470085470085409e-02
0.000000000000000000e+00 1.501068376068376009e-01 4.018429487179487336e-01 7.122507122507122646e-03 1.255341880341880392e-02
0.000000000000000000e+00 1.937321937321937193e-01 4.254807692307692180e-01 5.698005698005698290e-03 1.175213675213675202e-02
0.000000000000000000e+00 8.235398860398859822e-02 5.729166666666666297e-01 1.050569800569800538e-02 9.615384615384615918e-03
0.000000000000000000e+00 1.193019943019942991e-01 5.455395299145299193e-01 1.139601139601139658e-02 8.279914529914529989e-03
0.000000000000000000e+00 1.177884615384615363e-01 5.531517094017094349e-01 1.335470085470085409e-02 9.615384615384615918e-03
0.000000000000000000e+00 1.173433048433048381e-01 5.614316239316239354e-01 1.032763532763532680e-02 9.615384615384615918e-03
0.000000000000000000e+00 1.159188034188034233e-01 5.698450854700854995e-01 1.246438746438746463e-02 1.201923076923076990e-02
0.000000000000000000e+00 6.143162393162393022e-03 5.625000000000000000e-01 1.193019943019943060e-02 9.615384615384615918e-03
0.000000000000000000e+00 1.575854700854700807e-02 6.659989316239316448e-01 1.264245014245014322e-02 8.279914529914529989e-03
0.000000000000000000e+00 3.356481481481481816e-02 6.654647435897436125e-01 1.406695156695156670e-02 9.882478632478632063e-03
0.000000000000000000e+00 2.301460113960114018e-01 6.004273504273504036e-01 5.519943019943019703e-03 1.335470085470085409e-02
0.000000000000000000e+00 1.987179487179487059e-01 6.358173076923077094e-01 1.175213675213675202e-02 9.882478632478632063e-03
0.000000000000000000e+00 1.982727920227920215e-01 6.444978632478632896e-01 1.121794871794871799e-02 9.615384615384615918e-03
0.000000000000000000e+00 1.965811965811965767e-01 6.602564102564102422e-01 1.424501424501424529e-02 1.068376068376068397e-02
0.000000000000000000e+00 1.962250712250712126e-01 6.690705128205127750e-01 1.139601139601139658e-02 1.014957264957264994e-02
0.000000000000000000e+00 2.235576923076923184e-01 7.131410256410256610e-01 9.793447293447292770e-03 9.615384615384615918e-03
0.000000000000000000e+00 1.919515669515669543e-01 7.127403846153845812e-01 1.210826210826210746e-02 1.095085470085470011e-02
0.000000000000000000e+00 1.583867521367521292e-01 7.207532051282051766e-01 5.876068376068376009e-03 1.682692307692307612e-02
0.000000000000000000e+00 1.882122507122507005e-01 7.569444444444444198e-01 1.175213675213675202e-02 1.175213675213675202e-02
0.000000000000000000e+00 1.559829059829059839e-01 7.411858974358974672e-01 7.122507122507122646e-03 1.602564102564102422e-02
0.000000000000000000e+00 1.544693732193732072e-01 7.598824786324785974e-01 6.232193732193732315e-03 1.442307692307692388e-02
0.000000000000000000e+00 1.533119658119658224e-01 7.805822649572649041e-01 9.259259259259258745e-03 2.697649572649572780e-02
0.000000000000000000e+00 2.167022792022791911e-01 7.839209401709401615e-01 7.478632478632478951e-03 1.762820512820512803e-02
0.000000000000000000e+00 2.241809116809116709e-01 7.839209401709401615e-01 8.547008547008547868e-03 1.816239316239316379e-02
0.000000000000000000e+00 2.318376068376068466e-01 7.863247863247863068e-01 7.478632478632478951e-03 1.709401709401709574e-02
0.000000000000000000e+00 2.547186609686609704e-01 7.533386752136752573e-01 1.228632478632478604e-02 1.041666666666666609e-02
0.000000000000000000e+00 2.637108262108261991e-01 7.877938034188034511e-01 7.122507122507122646e-03 1.201923076923076990e-02
0.000000000000000000e+00 2.727029914529914278e-01 7.860576923076922906e-01 6.588319088319088621e-03 1.014957264957264994e-02
0.000000000000000000e+00 1.809116809116809166e-01 9.047809829059828557e-01 9.971509971509971357e-03 1.896367521367521222e-02
0.000000000000000000e+00 2.001424501424501345e-01 9.659455128205127750e-01 8.903133903133903307e-03 1.789529914529914417e-02
0.000000000000000000e+00 4.588675213675213471e-01 1.177884615384615363e-01 1.175213675213675202e-02 9.081196581196581893e-03
0.000000000000000000e+00 3.869301994301994063e-01 4.875801282051281937e-01 1.246438746438746463e-02 9.348290598290598039e-03
0.000000000000000000e+00 3.851495726495726690e-01 4.943910256410256610e-01 9.259259259259258745e-03 9.081196581196581893e-03
0.000000000000000000e+00 3.852386039886039892e-01 5.085470085470085166e-01 1.193019943019943060e-02 1.014957264957264994e-02
0.000000000000000000e+00 3.811431623931623713e-01 5.168269230769231282e-01 1.121794871794871799e-02 9.615384615384615918e-03
0.000000000000000000e+00 3.734864672364672233e-01 5.612980769230768718e-01 9.793447293447292770e-03 9.348290598290598039e-03
0.000000000000000000e+00 3.700142450142450135e-01 5.846688034188034511e-01 1.388888888888888812e-02 1.121794871794871799e-02
0.000000000000000000e+00 3.639601139601139623e-01 6.164529914529914834e-01 1.317663817663817724e-02 1.121794871794871799e-02
0.000000000000000000e+00 3.415242165242165506e-01 7.474626068376067911e-01 1.388888888888888812e-02 1.095085470085470011e-02
0.000000000000000000e+00 6.127136752136752573e-01 1.367521367521367659e-01 8.903133903133903307e-03 1.335470085470085409e-02
0.000000000000000000e+00 5.917913105413105113e-01 1.585202991452991372e-01 1.086182336182336255e-02 8.814102564102564014e-03
0.000000000000000000e+00 5.903668091168091658e-01 1.668002136752136655e-01 8.368945868945869282e-03 7.211538461538461939e-03
0.000000000000000000e+00 5.643696581196581130e-01 2.218215811965811857e-01 8.368945868945869282e-03 8.279914529914529989e-03
0.000000000000000000e+00 5.848468660968660915e-01 2.288995726495726413e-01 4.807692307692307959e-03 1.068376068376068397e-02
0.000000000000000000e+00 5.833333333333333703e-01 2.403846153846153910e-01 4.273504273504273934e-03 1.068376068376068397e-02
0.000000000000000000e+00 5.616987179487179516e-01 2.367788461538461453e-01 7.300569800569800365e-03 7.745726495726495964e-03
0.000000000000000000e+00 5.617877492877493273e-01 2.438568376068376009e-01 1.210826210826210746e-02 9.081196581196581893e-03
0.000000000000000000e+00 5.588497150997151497e-01 2.600160256410256610e-01 1.121794871794871799e-02 8.279914529914529989e-03
0.000000000000000000e+00 5.567129629629629095e-01 2.708333333333333148e-01 8.725071225071224720e-03 6.944444444444444059e-03
0.000000000000000000e+00 5.564458689458688934e-01 2.777777777777777901e-01 1.210826210826210746e-02 8.012820512820512109e-03
0.000000000000000000e+00 5.636574074074074403e-01 3.434829059829059839e-01 8.368945868945869282e-03 1.068376068376068397e-02
0.000000000000000000e+00 4.884259259259259300e-01 3.758012820512820484e-01 1.210826210826210746e-02 3.952991452991452825e-02
0.000000000000000000e+00 5.490562678062678170e-01 4.568643162393162260e-01 1.050569800569800538e-02 9.348290598290598039e-03
0.000000000000000000e+00 5.231481481481481399e-01 4.732905982905982745e-01 1.032763532763532680e-02 1.014957264957264994e-02
0.000000000000000000e+00 5.439814814814815103e-01 5.269764957264957417e-01 1.103988603988603941e-02 9.615384615384615918e-03
0.000000000000000000e+00 5.286680911680912143e-01 6.670673076923077094e-01 1.068376068376068397e-02 1.041666666666666609e-02
0.000000000000000000e+00 5.273326210826211335e-01 6.762820512820513219e-01 1.121794871794871799e-02 1.014957264957264994e-02
0.000000000000000000e+00 5.857371794871795156e-01 3.485576923076923184e-02 8.368945868945869282e-03 8.814102564102564014e-03
0.000000000000000000e+00 6.378205128205127750e-01 4.594017094017094349e-02 8.547008547008547868e-03 7.478632478632478951e-03
0.000000000000000000e+00 6.379095441595441507e-01 6.557158119658119955e-02 5.163817663817663398e-03 7.745726495726495964e-03
0.000000000000000000e+00 6.734330484330484090e-01 7.184829059829059283e-02 5.698005698005698290e-03 7.478632478632478951e-03
0.000000000000000000e+00 6.925747863247863068e-01 7.371794871794871973e-02 5.519943019943019703e-03 1.068376068376068397e-02
0.000000000000000000e+00 6.986289173789174134e-01 7.558760683760683274e-02 5.876068376068376009e-03 8.012820512820512109e-03
0.000000000000000000e+00 7.045940170940171443e-01 7.692307692307692735e-02 4.273504273504273934e-03 4.273504273504273934e-03
0.000000000000000000e+00 7.353098290598291120e-01 5.462072649572649596e-02 9.793447293447292770e-03 6.677350427350427046e-03
0.000000000000000000e+00 7.385149572649573058e-01 7.291666666666667129e-02 4.451566951566951653e-03 7.478632478632478951e-03
0.000000000000000000e+00 7.824964387464387050e-01 4.286858974358974395e-02 8.368945868945869282e-03 7.211538461538461939e-03
0.000000000000000000e+00 8.126780626780626404e-01 3.872863247863247982e-03 8.547008547008547868e-03 7.211538461538461939e-03
0.000000000000000000e+00 8.106303418803418870e-01 3.058226495726495617e-02 9.437321937321937332e-03 8.814102564102564014e-03
0.000000000000000000e+00 9.467592592592593004e-01 4.220085470085470358e-02 6.054131054131053728e-03 9.615384615384615918e-03
0.000000000000000000e+00 8.036858974358974672e-01 1.717414529914529919e-01 1.121794871794871799e-02 8.547008547008547868e-03
0.000000000000000000e+00 9.461360398860398924e-01 1.877670940170940161e-01 5.876068376068376009e-03 1.175213675213675202e-02
0.000000000000000000e+00 9.403490028490028019e-01 2.067307692307692180e-01 9.615384615384615918e-03 7.478632478632478951e-03
0.000000000000000000e+00 6.641737891737892197e-01 2.549412393162392987e-01 9.259259259259258745e-03 8.279914529914529989e-03
0.000000000000000000e+00 6.601673789173788665e-01 2.781784188034188143e-01 8.725071225071224720e-03 7.745726495726495964e-03
0.000000000000000000e+00 6.578525641025640969e-01 2.955395299145299193e-01 9.793447293447292770e-03 8.279914529914529989e-03
0.000000000000000000e+00 6.856303418803418870e-01 3.129006410256410242e-01 9.081196581196581893e-03 7.745726495726495964e-03
0.000000000000000000e+00 6.999643874643874941e-01 3.149038461538461453e-01 1.032763532763532680e-02 6.944444444444444059e-03
0.000000000000000000e+00 6.895477207977207534e-01 3.401442307692307820e-01 9.437321937321937332e-03 9.882478632478632063e-03
0.000000000000000000e+00 7.297898860398860377e-01 2.755074786324786529e-01 1.086182336182336255e-02 8.279914529914529989e-03
0.000000000000000000e+00 7.321937321937321830e-01 2.918002136752136932e-01 1.282051282051282007e-02 9.882478632478632063e-03
0.000000000000000000e+00 7.354878917378917524e-01 3.165064102564102422e-01 9.793447293447292770e-03 8.547008547008547868e-03
0.000000000000000000e+00 7.370904558404558493e-01 3.229166666666666852e-01 1.228632478632478604e-02 7.478632478632478951e-03
0.000000000000000000e+00 7.491987179487179516e-01 3.366720085470085722e-01 1.157407407407407343e-02 5.074786324786324972e-03
0.000000000000000000e+00 7.608618233618233972e-01 3.338675213675213471e-01 6.054131054131053728e-03 1.068376068376068397e-02
0.000000000000000000e+00 7.688746438746438816e-01 3.331997863247863068e-01 6.054131054131053728e-03 6.677350427350427046e-03
0.000000000000000000e+00 9.086538461538461453e-01 2.634882478632478708e-01 1.282051282051282007e-02 9.348290598290598039e-03
0.000000000000000000e+00 7.552528490028490582e-01 5.803952991452991927e-01 1.121794871794871799e-02 9.615384615384615918e-03
0.000000000000000000e+00 7.902421652421652842e-01 5.786591880341880323e-01 1.388888888888888812e-02 1.095085470085470011e-02
0.000000000000000000e+00 8.084935897435897578e-01 6.064369658119658224e-01 6.588319088319088621e-03 1.522435897435897405e-02
0.000000000000000000e+00 8.154380341880341776e-01 6.072382478632478708e-01 8.012820512820512109e-03 1.575854700854700807e-02
0.000000000000000000e+00 8.220263532763533165e-01 6.041666666666666297e-01 7.300569800569800365e-03 1.709401709401709574e-02
0.000000000000000000e+00 8.885327635327635587e-01 5.758547008547008073e-01 1.246438746438746463e-02 9.081196581196581893e-03
0.000000000000000000e+00 9.061609686609686243e-01 5.747863247863247427e-01 1.495726495726495790e-02 1.121794871794871799e-02
0.000000000000000000e+00 9.414173789173788665e-01 5.743856837606837740e-01 1.210826210826210746e-02 9.348290598290598039e-03
0.000000000000000000e+00 9.939458689458688934e-01 8.091613247863247427e-01 7.478632478632478951e-03 1.575854700854700807e-02
0.000000000000000000e+00 9.862001424501424252e-01 8.158386752136752573e-01 6.232193732193732315e-03 8.814102564102564014e-03
0.000000000000000000e+00 9.691951566951566566e-01 8.100961538461538547e-01 8.547008547008547868e-03 1.869658119658119608e-02
0.000000000000000000e+00 9.584223646723646350e-01 8.106303418803418870e-01 8.368945868945869282e-03 2.029914529914529989e-02
0.000000000000000000e+00 8.779380341880341776e-01 8.122329059829059839e-01 6.944444444444444059e-03 1.442307692307692388e-02
0.000000000000000000e+00 8.222934472934473327e-01 8.146367521367521292e-01 7.834757834757835257e-03 1.655982905982905998e-02
0.000000000000000000e+00 6.042556980056980054e-01 7.462606837606837740e-01 5.876068376068376009e-03 1.655982905982905998e-02
0.000000000000000000e+00 6.123575498575498655e-01 7.438568376068376287e-01 5.698005698005698290e-03 1.442307692307692388e-02
0.000000000000000000e+00 6.210826210826211335e-01 7.743055555555555802e-01 1.175213675213675202e-02 1.121794871794871799e-02
0.000000000000000000e+00 5.868945868945868449e-01 8.095619658119658224e-01 1.495726495726495790e-02 1.068376068376068397e-02
0.000000000000000000e+00 6.515313390313390851e-01 8.219818376068376287e-01 7.122507122507122646e-03 1.949786324786324798e-02
0.000000000000000000e+00 6.682692307692307265e-01 8.269230769230768718e-01 6.766381766381766340e-03 1.602564102564102422e-02
0.000000000000000000e+00 6.195690883190883014e-01 8.389423076923077094e-01 1.371082621082621127e-02 1.068376068376068397e-02
0.000000000000000000e+00 6.425391737891738009e-01 8.509615384615384359e-01 1.014957264957264994e-02 1.068376068376068397e-02
0.000000000000000000e+00 6.706730769230768718e-01 8.748664529914529364e-01 1.620370370370370280e-02 1.148504273504273587e-02
0.000000000000000000e+00 6.159188034188034511e-01 8.480235042735042583e-01 1.103988603988603941e-02 9.615384615384615918e-03
0.000000000000000000e+00 6.185897435897436125e-01 8.577724358974359031e-01 1.460113960113960073e-02 9.882478632478632063e-03
0.000000000000000000e+00 6.692485754985755264e-01 8.871527777777777901e-01 1.371082621082621127e-02 1.201923076923076990e-02
0.000000000000000000e+00 6.692485754985755264e-01 8.991720085470085166e-01 1.157407407407407343e-02 1.148504273504273587e-02
0.000000000000000000e+00 6.185007122507122368e-01 8.681891025641025328e-01 1.264245014245014322e-02 1.041666666666666609e-02
0.000000000000000000e+00 6.184116809116808611e-01 8.788728632478632896e-01 1.210826210826210746e-02 9.348290598290598039e-03
0.000000000000000000e+00 6.176103988603988126e-01 8.899572649572649041e-01 1.335470085470085409e-02 1.068376068376068397e-02
0.000000000000000000e+00 5.925925925925925597e-01 9.214743589743589203e-01 7.834757834757835257e-03 2.029914529914529989e-02
0.000000000000000000e+00 6.133368945868945543e-01 9.107905982905982745e-01 9.437321937321937332e-03 1.121794871794871799e-02
0.000000000000000000e+00 6.169871794871795156e-01 9.210737179487179516e-01 1.175213675213675202e-02 1.095085470085470011e-02
0.000000000000000000e+00 6.166310541310541238e-01 9.310897435897436125e-01 1.175213675213675202e-02 9.615384615384615918e-03
0.000000000000000000e+00 6.372863247863247427e-01 9.405715811965812412e-01 1.566951566951567051e-02 1.041666666666666609e-02
0.000000000000000000e+00 6.438746438746438816e-01 9.233440170940171443e-01 9.259259259259258745e-03 1.068376068376068397e-02
0.000000000000000000e+00 6.166310541310541238e-01 9.411057692307692735e-01 1.210826210826210746e-02 9.882478632478632063e-03
0.000000000000000000e+00 6.156517094017094349e-01 9.521901709401708880e-01 1.442307692307692388e-02 1.014957264957264994e-02
0.000000000000000000e+00 6.696937321937321830e-01 9.544604700854700807e-01 1.424501424501424529e-02 1.095085470085470011e-02
0.000000000000000000e+00 6.696047008547008073e-01 9.648771367521367104e-01 1.264245014245014322e-02 1.148504273504273587e-02
0.000000000000000000e+00 6.376424501424501345e-01 9.627403846153845812e-01 1.175213675213675202e-02 1.041666666666666609e-02
0.000000000000000000e+00 6.158297720797720753e-01 9.630074786324785974e-01 9.793447293447292770e-03 1.041666666666666609e-02
0.000000000000000000e+00 6.161858974358974672e-01 9.738247863247863068e-01 1.193019943019943060e-02 1.068376068376068397e-02
0.000000000000000000e+00 6.150284900284900269e-01 9.851762820512820484e-01 1.388888888888888812e-02 1.095085470085470011e-02
0.000000000000000000e+00 6.146723646723646350e-01 9.947916666666666297e-01 1.460113960113960073e-02 9.348290598290598039e-03
0.000000000000000000e+00 7.020121082621082476e-01 9.918536324786324521e-01 1.299857549857549865e-02 1.148504273504273587e-02
0.000000000000000000e+00 8.175747863247863068e-01 9.364316239316239354e-01 1.834045584045583890e-02 1.602564102564102422e-02
0.000000000000000000e+00 8.699252136752136932e-01 9.372329059829059839e-01 1.584757834757834910e-02 1.228632478632478604e-02
0.000000000000000000e+00 8.973468660968660915e-01 9.935897435897436125e-01 6.944444444444444059e-03 1.175213675213675202e-02
0.000000000000000000e+00 9.129273504273504036e-01 9.934561965811965489e-01 8.547008547008547868e-03 1.308760683760683795e-02
