0.000000000000000000e+00 6.454772079772079507e-02 1.147168803418803368e-01 4.807692307692307959e-03 1.095085470085470011e-02
0.000000000000000000e+00 1.401353276353276278e-01 1.324786324786324798e-01 4.985754985754985678e-03 1.014957264957264994e-02
0.000000000000000000e+00 7.407407407407406996e-02 1.841613247863247982e-01 6.766381766381766340e-03 1.201923076923076990e-02
0.000000000000000000e+00 4.941239316239316032e-02 2.053952991452991372e-01 6.232193732193732315e-03 1.121794871794871799e-02
0.000000000000000000e+00 6.267806267806268206e-02 2.207532051282051211e-01 6.054131054131053728e-03 1.255341880341880392e-02
0.000000000000000000e+00 5.938390313390313341e-02 2.327724358974359031e-01 3.739316239316239476e-03 1.041666666666666609e-02
0.000000000000000000e+00 5.306267806267806614e-02 2.594818376068376287e-01 5.698005698005698290e-03 1.255341880341880392e-02
0.000000000000000000e+00 4.344729344729345022e-02 2.674946581196581130e-01 5.698005698005698290e-03 1.041666666666666609e-02
0.000000000000000000e+00 4.772079772079772242e-02 2.840544871794871695e-01 4.273504273504273934e-03 9.882478632478632063e-03
0.000000000000000000e+00 4.487179487179487197e-02 2.967414529914529919e-01 5.698005698005698290e-03 1.121794871794871799e-02
0.000000000000000000e+00 1.343482905982905928e-01 3.227831196581196771e-01 1.121794871794871799e-02 1.308760683760683795e-02
0.000000000000000000e+00 1.441417378917378977e-01 3.239850427350427498e-01 1.834045584045583890e-02 1.869658119658119608e-02
0.000000000000000000e+00 1.060363247863247843e-01 3.822115384615384359e-01 1.014957264957264994e-02 3.365384615384615224e-02
0.000000000000000000e+00 1.360398860398860377e-01 3.692574786324786529e-01 6.410256410256410034e-03 1.575854700854700807e-02
0.000000000000000000e+00 1.433404558404558493e-01 3.665865384615384359e-01 4.985754985754985678e-03 1.201923076923076990e-02
0.000000000000000000e+00 1.866096866096866036e-01 3.867521367521367659e-01 1.139601139601139658e-02 1.228632478632478604e-02
0.000000000000000000e+00 2.581908831908831699e-03 4.439102564102563875e-01 4.451566951566951653e-03 1.014957264957264994e-02
0.000000000000000000e+00 2.118945868945868935e-02 4.451121794871794601e-01 6.410256410256410034e-03 1.362179487179487197e-02
0.000000000000000000e+00 2.047720797720797847e-02 4.600694444444444198e-01 6.054131054131053728e-03 1.522435897435897405e-02
0.000000000000000000e+00 2.047720797720797674e-03 4.963942307692307820e-01 3.739316239316239476e-03 1.469017094017094002e-02
0.000000000000000000e+00 1.424501424501424572e-03 5.162927350427350959e-01 2.136752136752136967e-03 1.495726495726495790e-02
0.000000000000000000e+00 1.424501424501424572e-03 5.369925213675214026e-01 1.780626780626780661e-03 1.148504273504273587e-02
0.000000000000000000e+00 1.335470085470085496e-03 5.543536324786324521e-01 1.958689458689458814e-03 1.308760683760683795e-02
0.000000000000000000e+00 1.958689458689458554e-02 5.412660256410256610e-01 6.410256410256410034e-03 1.469017094017094002e-02
0.000000000000000000e+00 1.967592592592592657e-02 5.587606837606837740e-01 5.519943019943019703e-03 1.175213675213675202e-02
0.000000000000000000e+00 1.958689458689458554e-02 5.930822649572649041e-01 6.766381766381766340e-03 1.522435897435897405e-02
0.000000000000000000e+00 4.095441595441595348e-03 8.171741452991453381e-01 6.410256410256410034e-03 1.415598290598290600e-02
0.000000000000000000e+00 2.047720797720797847e-02 8.099626068376067911e-01 8.547008547008547868e-03 1.789529914529914417e-02
0.000000000000000000e+00 2.216880341880341984e-02 8.461538461538461453e-01 8.012820512820512109e-03 1.228632478632478604e-02
0.000000000000000000e+00 3.116096866096866244e-02 8.441506410256410797e-01 7.478632478632478951e-03 1.575854700854700807e-02
0.000000000000000000e+00 3.783831908831909036e-02 8.380074786324785974e-01 6.588319088319088621e-03 1.255341880341880392e-02
0.000000000000000000e+00 5.270655270655270896e-02 8.322649572649573058e-01 6.766381766381766340e-03 1.282051282051282007e-02
0.000000000000000000e+00 7.158119658119657669e-02 7.983440170940171443e-01 1.673789173789173856e-02 1.442307692307692388e-02
0.000000000000000000e+00 9.312678062678063362e-02 7.553418803418803229e-01 1.353276353276353268e-02 1.014957264957264994e-02
0.000000000000000000e+00 1.078169515669515632e-01 7.562767094017094349e-01 1.228632478632478604e-02 1.041666666666666609e-02
0.000000000000000000e+00 1.769943019943019946e-01 6.573183760683760646e-01 5.698005698005698290e-03 1.442307692307692388e-02
0.000000000000000000e+00 1.895477207977208089e-01 6.932425213675214026e-01 7.300569800569800365e-03 1.789529914529914417e-02
0.000000000000000000e+00 1.972934472934473049e-01 6.917735042735042583e-01 6.410256410256410034e-03 1.335470085470085409e-02
0.000000000000000000e+00 2.207086894586894610e-01 6.858974358974359031e-01 6.232193732193732315e-03 1.442307692307692388e-02
0.000000000000000000e+00 2.290776353276353372e-01 6.883012820512820484e-01 6.588319088319088621e-03 1.602564102564102422e-02
0.000000000000000000e+00 1.544693732193732072e-01 7.576121794871795156e-01 1.157407407407407343e-02 9.882478632478632063e-03
0.000000000000000000e+00 1.750356125356125336e-01 7.550747863247863068e-01 1.460113960113960073e-02 4.807692307692307959e-03
0.000000000000000000e+00 1.851851851851851749e-01 7.321047008547008073e-01 7.122507122507122646e-03 1.816239316239316379e-02
0.000000000000000000e+00 1.940883190883190834e-01 7.307692307692307265e-01 5.698005698005698290e-03 1.923076923076923184e-02
0.000000000000000000e+00 2.019230769230769273e-01 7.293002136752136932e-01 7.834757834757835257e-03 1.789529914529914417e-02
0.000000000000000000e+00 2.190170940170940161e-01 7.288995726495726135e-01 6.766381766381766340e-03 1.816239316239316379e-02
0.000000000000000000e+00 2.265847578347578439e-01 7.263621794871795156e-01 6.588319088319088621e-03 1.949786324786324798e-02
0.000000000000000000e+00 1.839387464387464421e-01 3.338675213675213523e-03 3.561253561253561323e-03 5.608974358974358997e-03
0.000000000000000000e+00 1.825142450142450135e-01 1.095085470085470011e-02 3.917378917378917629e-03 9.615384615384615918e-03
0.000000000000000000e+00 1.810007122507122646e-01 2.163461538461538408e-02 4.807692307692307959e-03 1.121794871794871799e-02
0.000000000000000000e+00 2.597934472934472772e-01 3.538995726495726413e-02 8.547008547008547868e-03 7.211538461538461939e-03
0.000000000000000000e+00 2.242699430199430188e-01 1.204594017094017117e-01 9.793447293447292770e-03 9.615384615384615918e-03
0.000000000000000000e+00 2.630876068376068466e-01 1.410256410256410242e-01 4.807692307692307959e-03 1.068376068376068397e-02
0.000000000000000000e+00 2.662927350427350404e-01 1.872329059829059839e-01 5.163817663817663398e-03 1.175213675213675202e-02
0.000000000000000000e+00 2.682514245014245291e-01 2.148771367521367659e-01 5.163817663817663398e-03 1.201923076923076990e-02
0.000000000000000000e+00 2.693198005698005937e-01 2.266292735042735040e-01 4.807692307692307959e-03 1.148504273504273587e-02
0.000000000000000000e+00 2.743055555555555802e-01 3.126335470085470081e-01 5.876068376068376009e-03 1.362179487179487197e-02
0.000000000000000000e+00 3.112535612535612395e-01 2.950053418803418870e-01 5.698005698005698290e-03 1.362179487179487197e-02
0.000000000000000000e+00 3.105413105413105668e-01 3.254540598290598385e-01 5.341880341880341984e-03 1.308760683760683795e-02
0.000000000000000000e+00 2.821403133903133686e-01 4.396367521367521292e-01 5.519943019943019703e-03 1.549145299145299193e-02
0.000000000000000000e+00 2.828525641025640969e-01 4.734241452991452825e-01 6.232193732193732315e-03 1.469017094017094002e-02
0.000000000000000000e+00 3.522079772079771964e-01 4.540598290598290947e-03 8.903133903133903307e-03 8.547008547008547868e-03
0.000000000000000000e+00 5.646367521367521292e-01 4.086538461538461592e-02 9.259259259259258745e-03 7.478632478632478951e-03
0.000000000000000000e+00 7.445690883190883014e-01 3.685897435897436125e-01 5.519943019943019703e-03 1.335470085470085409e-02
0.000000000000000000e+00 7.478632478632478708e-01 3.978365384615384359e-01 8.547008547008547868e-03 1.362179487179487197e-02
0.000000000000000000e+00 7.606837606837606458e-01 3.931623931623931534e-01 1.210826210826210746e-02 1.068376068376068397e-02
0.000000000000000000e+00 7.169693732193732627e-01 3.640491452991452825e-01 6.232193732193732315e-03 1.068376068376068397e-02
0.000000000000000000e+00 7.201745014245014564e-01 3.884882478632478708e-01 1.050569800569800538e-02 8.814102564102564014e-03
0.000000000000000000e+00 6.801994301994301884e-01 3.672542735042735318e-01 6.054131054131053728e-03 1.282051282051282007e-02
0.000000000000000000e+00 7.005876068376067911e-01 3.938301282051281937e-01 1.014957264957264994e-02 1.095085470085470011e-02
0.000000000000000000e+00 6.667556980056980054e-01 3.956997863247863068e-01 6.588319088319088621e-03 1.469017094017094002e-02
0.000000000000000000e+00 6.516203703703703498e-01 4.216079059829059839e-01 1.335470085470085409e-02 8.279914529914529989e-03
0.000000000000000000e+00 6.753027065527065220e-01 4.337606837606837740e-01 6.944444444444444059e-03 1.282051282051282007e-02
0.000000000000000000e+00 6.680911680911680861e-01 4.624732905982906206e-01 7.834757834757835257e-03 1.415598290598290600e-02
0.000000000000000000e+00 6.527777777777777901e-01 4.827724358974359031e-01 5.698005698005698290e-03 1.308760683760683795e-02
0.000000000000000000e+00 6.098646723646723444e-01 6.013621794871795156e-01 1.424501424501424529e-02 6.677350427350427046e-03
0.000000000000000000e+00 6.169871794871795156e-01 5.806623931623932089e-01 1.495726495726495790e-02 1.121794871794871799e-02
0.000000000000000000e+00 6.886574074074074403e-01 6.006944444444444198e-01 1.157407407407407343e-02 1.014957264957264994e-02
0.000000000000000000e+00 6.894586894586894887e-01 6.378205128205127750e-01 6.766381766381766340e-03 1.869658119658119608e-02
0.000000000000000000e+00 7.371794871794872250e-01 6.481036324786324521e-01 7.122507122507122646e-03 1.629273504273504383e-02
0.000000000000000000e+00 7.632656695156695426e-01 6.530448717948718063e-01 7.300569800569800365e-03 2.083333333333333218e-02
0.000000000000000000e+00 7.714565527065526673e-01 6.558493589743589203e-01 7.656695156695156670e-03 1.629273504273504383e-02
0.000000000000000000e+00 7.796474358974359031e-01 6.606570512820513219e-01 6.588319088319088621e-03 1.575854700854700807e-02
0.000000000000000000e+00 8.196225071225071712e-01 6.169871794871795156e-01 1.353276353276353268e-02 1.014957264957264994e-02
0.000000000000000000e+00 8.251424501424501345e-01 6.525106837606837740e-01 6.054131054131053728e-03 1.495726495726495790e-02
0.000000000000000000e+00 8.433938746438746081e-01 6.364850427350426942e-01 1.050569800569800538e-02 4.273504273504273934e-03
0.000000000000000000e+00 8.820334757834757955e-01 5.974893162393162260e-01 1.193019943019943060e-02 1.068376068376068397e-02
0.000000000000000000e+00 9.185363247863247427e-01 5.761217948717948234e-01 1.335470085470085409e-02 1.282051282051282007e-02
0.000000000000000000e+00 9.191595441595441507e-01 4.833066239316239354e-01 1.175213675213675202e-02 1.095085470085470011e-02
0.000000000000000000e+00 9.196047008547008073e-01 5.295138888888888395e-01 1.193019943019943060e-02 9.348290598290598039e-03
0.000000000000000000e+00 4.493411680911680861e-01 7.122061965811965489e-01 1.549145299145299193e-02 1.095085470085470011e-02
0.000000000000000000e+00 4.443554131054130996e-01 7.767094017094017255e-01 1.193019943019943060e-02 1.014957264957264994e-02
0.000000000000000000e+00 7.314814814814815103e-01 9.686164529914529364e-01 1.210826210826210746e-02 1.095085470085470011e-02
0.000000000000000000e+00 6.565170940170940161e-01 7.487980769230768718e-01 1.210826210826210746e-02 1.789529914529914417e-02
0.000000000000000000e+00 5.992699430199430743e-01 8.221153846153845812e-01 1.620370370370370280e-02 1.228632478632478604e-02
0.000000000000000000e+00 5.926816239316239354e-01 9.038461538461538547e-01 1.193019943019943060e-02 1.175213675213675202e-02
0.000000000000000000e+00 6.213497150997151497e-01 9.170673076923077094e-01 7.300569800569800365e-03 1.896367521367521222e-02
0.000000000000000000e+00 6.193910256410256610e-01 9.387019230769231282e-01 6.232193732193732315e-03 1.736111111111111188e-02
0.000000000000000000e+00 5.891203703703703498e-01 9.329594017094017255e-01 9.793447293447292770e-03 1.068376068376068397e-02
0.000000000000000000e+00 5.895655270655271174e-01 9.449786324786324521e-01 1.638176638176638139e-02 1.388888888888888812e-02
0.000000000000000000e+00 5.852920227920227481e-01 9.758279914529914834e-01 1.531339031339031334e-02 1.308760683760683795e-02
