0.000000000000000000e+00 3.052884615384615641e-01 1.473023504273504314e-01 1.086182336182336255e-02 1.095085470085470011e-02
0.000000000000000000e+00 3.309294871794871695e-01 1.491720085470085444e-01 8.725071225071224720e-03 6.143162393162393022e-03
0.000000000000000000e+00 3.683226495726495964e-01 1.267361111111111049e-01 1.050569800569800538e-02 9.348290598290598039e-03
0.000000000000000000e+00 4.243233618233618332e-01 4.740918803418803229e-02 1.175213675213675202e-02 1.095085470085470011e-02
0.000000000000000000e+00 4.045584045584045829e-01 8.012820512820513497e-02 8.903133903133903307e-03 1.068376068376068397e-02
0.000000000000000000e+00 4.870904558404558493e-01 1.785523504273504314e-01 1.228632478632478604e-02 8.279914529914529989e-03
0.000000000000000000e+00 4.907407407407407551e-01 1.896367521367521292e-01 9.971509971509971357e-03 6.410256410256410034e-03
0.000000000000000000e+00 5.071225071225071712e-01 3.592414529914529642e-02 1.139601139601139658e-02 9.882478632478632063e-03
0.000000000000000000e+00 5.000000000000000000e-01 7.478632478632478431e-02 4.985754985754985678e-03 1.282051282051282007e-02
0.000000000000000000e+00 5.004451566951566566e-01 8.961004273504273587e-02 4.095441595441595348e-03 9.348290598290598039e-03
0.000000000000000000e+00 5.014245014245014564e-01 1.036324786324786390e-01 3.561253561253561323e-03 9.615384615384615918e-03
0.000000000000000000e+00 5.594729344729344467e-01 1.485042735042735040e-01 6.410256410256410034e-03 1.175213675213675202e-02
0.000000000000000000e+00 5.868945868945868449e-01 1.559829059829059839e-01 7.122507122507122646e-03 9.615384615384615918e-03
0.000000000000000000e+00 3.570156695156695426e-02 3.647168803418803229e-01 6.232193732193732315e-03 1.575854700854700807e-02
0.000000000000000000e+00 4.309116809116809305e-02 3.631143162393162260e-01 5.698005698005698290e-03 1.255341880341880392e-02
0.000000000000000000e+00 5.039173789173789081e-02 3.628472222222222099e-01 5.698005698005698290e-03 1.201923076923076990e-02
0.000000000000000000e+00 5.760327635327635448e-02 3.604433760683760646e-01 6.232193732193732315e-03 1.255341880341880392e-02
0.000000000000000000e+00 7.104700854700854440e-02 3.585737179487179516e-01 5.698005698005698290e-03 1.308760683760683795e-02
0.000000000000000000e+00 6.525997150997150942e-02 3.839476495726495964e-01 7.300569800569800365e-03 8.814102564102564014e-03
0.000000000000000000e+00 1.201923076923076955e-01 4.841079059829059839e-01 9.615384615384615918e-03 9.882478632478632063e-03
0.000000000000000000e+00 2.102029914529914556e-01 4.647435897435897578e-01 6.232193732193732315e-03 1.014957264957264994e-02
0.000000000000000000e+00 2.159009971509971426e-01 3.526976495726495964e-01 4.807692307692307959e-03 9.348290598290598039e-03
0.000000000000000000e+00 2.835648148148148251e-01 3.900908119658119677e-01 6.588319088319088621e-03 1.362179487179487197e-02
0.000000000000000000e+00 2.852564102564102422e-01 4.165331196581196771e-01 6.410256410256410034e-03 1.629273504273504383e-02
0.000000000000000000e+00 2.862357549857549865e-01 4.353632478632478708e-01 6.588319088319088621e-03 1.709401709401709574e-02
0.000000000000000000e+00 3.076032763532763337e-01 4.594017094017093794e-01 6.232193732193732315e-03 1.228632478632478604e-02
0.000000000000000000e+00 3.113425925925926152e-01 4.946581196581196771e-01 6.944444444444444059e-03 1.495726495726495790e-02
0.000000000000000000e+00 5.457621082621082892e-02 5.693108974358974672e-01 1.264245014245014322e-02 9.348290598290598039e-03
0.000000000000000000e+00 1.781517094017094072e-01 5.492788461538461453e-01 6.944444444444444059e-03 1.575854700854700807e-02
0.000000000000000000e+00 1.862535612535612672e-01 5.488782051282051766e-01 6.410256410256410034e-03 1.282051282051282007e-02
0.000000000000000000e+00 1.961360398860398924e-01 5.486111111111111605e-01 6.232193732193732315e-03 1.282051282051282007e-02
0.000000000000000000e+00 2.219551282051281937e-01 5.902777777777777901e-01 6.944444444444444059e-03 1.869658119658119608e-02
0.000000000000000000e+00 2.269408831908831803e-01 6.420940170940171443e-01 6.232193732193732315e-03 1.495726495726495790e-02
0.000000000000000000e+00 2.297008547008546897e-01 6.672008547008546619e-01 7.478632478632478951e-03 1.762820512820512803e-02
0.000000000000000000e+00 2.440349002849002968e-01 7.055288461538461453e-01 8.368945868945869282e-03 1.896367521367521222e-02
0.000000000000000000e+00 2.475071225071225067e-01 7.287660256410256610e-01 9.971509971509971357e-03 1.736111111111111188e-02
0.000000000000000000e+00 5.252849002849002691e-03 7.263621794871795156e-01 1.014957264957264994e-02 1.095085470085470011e-02
0.000000000000000000e+00 1.718304843304843330e-02 7.214209401709401615e-01 1.264245014245014322e-02 1.282051282051282007e-02
0.000000000000000000e+00 4.745370370370370627e-02 7.027243589743589203e-01 1.477920227920227932e-02 1.121794871794871799e-02
0.000000000000000000e+00 4.718660968660968319e-02 7.119391025641025328e-01 1.566951566951567051e-02 1.308760683760683795e-02
0.000000000000000000e+00 6.241096866096865897e-02 6.887019230769231282e-01 1.406695156695156670e-02 1.148504273504273587e-02
0.000000000000000000e+00 6.294515669515669820e-02 6.976495726495726135e-01 1.442307692307692388e-02 1.068376068376068397e-02
0.000000000000000000e+00 6.267806267806268206e-02 7.065972222222222099e-01 1.531339031339031334e-02 1.148504273504273587e-02
0.000000000000000000e+00 6.472578347578347713e-02 7.162126068376067911e-01 1.371082621082621127e-02 1.201923076923076990e-02
0.000000000000000000e+00 9.268162393162393542e-02 6.921741452991453381e-01 1.050569800569800538e-02 1.201923076923076990e-02
0.000000000000000000e+00 9.553062678062677893e-02 7.081997863247863068e-01 1.691595441595441715e-02 1.255341880341880392e-02
0.000000000000000000e+00 3.609330484330484090e-01 3.935630341880341776e-01 8.190883190883190695e-03 8.279914529914529989e-03
0.000000000000000000e+00 3.666310541310541238e-01 4.087873931623931534e-01 1.246438746438746463e-02 1.041666666666666609e-02
0.000000000000000000e+00 3.678774928774928843e-01 4.174679487179487336e-01 1.103988603988603941e-02 9.615384615384615918e-03
0.000000000000000000e+00 3.693019943019942852e-01 4.249465811965811857e-01 9.971509971509971357e-03 8.547008547008547868e-03
0.000000000000000000e+00 3.708155270655270619e-01 4.354967948717948789e-01 1.371082621082621127e-02 1.041666666666666609e-02
0.000000000000000000e+00 3.727742165242165506e-01 4.437767094017093794e-01 1.193019943019943060e-02 8.814102564102564014e-03
0.000000000000000000e+00 3.742877492877492718e-01 4.516559829059829112e-01 1.246438746438746463e-02 1.014957264957264994e-02
0.000000000000000000e+00 3.784722222222222099e-01 4.694177350427350404e-01 1.050569800569800538e-02 9.348290598290598039e-03
0.000000000000000000e+00 3.788283475783476018e-01 4.771634615384615641e-01 9.081196581196581893e-03 8.814102564102564014e-03
0.000000000000000000e+00 3.385861823361823175e-01 5.789262820512820484e-01 6.588319088319088621e-03 1.415598290598290600e-02
0.000000000000000000e+00 3.504273504273504036e-01 6.072382478632478708e-01 1.460113960113960073e-02 1.148504273504273587e-02
0.000000000000000000e+00 3.516737891737891641e-01 6.157852564102563875e-01 1.175213675213675202e-02 1.095085470085470011e-02
0.000000000000000000e+00 3.519408831908831803e-01 6.334134615384615641e-01 1.442307692307692388e-02 1.308760683760683795e-02
0.000000000000000000e+00 3.878205128205128305e-01 6.435630341880341776e-01 1.424501424501424529e-02 1.201923076923076990e-02
0.000000000000000000e+00 3.886217948717948789e-01 6.495726495726495964e-01 1.264245014245014322e-02 1.014957264957264994e-02
0.000000000000000000e+00 8.377849002849002691e-01 3.512286324786324521e-01 1.139601139601139658e-02 8.547008547008547868e-03
0.000000000000000000e+00 3.053774928774928912e-02 9.082532051282051766e-01 1.371082621082621127e-02 1.041666666666666609e-02
0.000000000000000000e+00 8.484686609686609149e-02 8.994391025641025328e-01 1.727207977207977085e-02 1.255341880341880392e-02
0.000000000000000000e+00 1.807336182336182206e-01 9.871794871794872250e-01 1.566951566951567051e-02 1.175213675213675202e-02
0.000000000000000000e+00 2.148326210826210780e-01 9.857104700854700807e-01 7.300569800569800365e-03 2.003205128205128374e-02
0.000000000000000000e+00 3.407229344729344467e-01 9.448450854700854995e-01 7.300569800569800365e-03 1.896367521367521222e-02
0.000000000000000000e+00 3.377849002849002691e-01 9.696848290598291120e-01 8.547008547008547868e-03 2.003205128205128374e-02
0.000000000000000000e+00 4.913639601139601076e-01 8.282585470085470636e-01 2.297008547008547175e-02 1.869658119658119608e-02
0.000000000000000000e+00 5.332977207977207534e-01 8.764690170940171443e-01 1.388888888888888812e-02 3.872863247863247982e-02
0.000000000000000000e+00 5.620548433048433434e-01 9.074519230769231282e-01 1.834045584045583890e-02 1.415598290598290600e-02
0.000000000000000000e+00 5.602742165242164951e-01 9.177350427350426942e-01 1.157407407407407343e-02 9.615384615384615918e-03
0.000000000000000000e+00 5.947293447293446889e-01 8.792735042735042583e-01 1.424501424501424529e-02 1.228632478632478604e-02
0.000000000000000000e+00 5.975783475783476018e-01 8.911591880341880323e-01 1.602564102564102422e-02 1.362179487179487197e-02
0.000000000000000000e+00 5.999821937321937471e-01 9.017094017094017255e-01 1.798433048433048520e-02 1.335470085470085409e-02
0.000000000000000000e+00 6.172542735042735318e-01 8.944978632478632896e-01 1.371082621082621127e-02 1.228632478632478604e-02
0.000000000000000000e+00 6.187678062678062529e-01 9.049145299145299193e-01 1.424501424501424529e-02 1.121794871794871799e-02
0.000000000000000000e+00 6.269586894586894887e-01 9.244123931623932089e-01 9.615384615384615918e-03 1.014957264957264994e-02
0.000000000000000000e+00 6.517094017094017255e-01 8.732638888888888395e-01 1.210826210826210746e-02 1.148504273504273587e-02
0.000000000000000000e+00 6.559829059829059839e-01 8.839476495726495964e-01 1.388888888888888812e-02 1.201923076923076990e-02
0.000000000000000000e+00 6.593660968660968180e-01 8.947649572649573058e-01 1.282051282051282007e-02 1.228632478632478604e-02
0.000000000000000000e+00 6.586538461538461453e-01 9.058493589743589203e-01 1.638176638176638139e-02 1.575854700854700807e-02
0.000000000000000000e+00 7.215099715099715372e-01 9.158653846153845812e-01 1.032763532763532680e-02 2.190170940170940023e-02
0.000000000000000000e+00 7.407407407407406996e-01 9.118589743589743390e-01 9.259259259259258745e-03 1.709401709401709574e-02
0.000000000000000000e+00 7.397613960113960108e-01 8.283920940170940161e-01 1.228632478632478604e-02 1.095085470085470011e-02
0.000000000000000000e+00 7.445690883190883014e-01 8.438835470085470636e-01 1.264245014245014322e-02 1.522435897435897405e-02
0.000000000000000000e+00 7.469729344729344467e-01 8.583066239316239354e-01 1.424501424501424529e-02 1.255341880341880392e-02
0.000000000000000000e+00 7.497329059829059839e-01 8.745993589743589203e-01 1.228632478632478604e-02 1.308760683760683795e-02
0.000000000000000000e+00 7.946937321937321830e-01 9.561965811965812412e-01 1.424501424501424529e-02 1.282051282051282007e-02
0.000000000000000000e+00 8.245192307692307265e-01 9.083867521367521292e-01 1.691595441595441715e-02 1.335470085470085409e-02
0.000000000000000000e+00 8.213141025641025328e-01 8.290598290598291120e-01 1.584757834757834910e-02 1.549145299145299193e-02
0.000000000000000000e+00 8.249643874643874941e-01 8.412126068376067911e-01 1.816239316239316379e-02 1.629273504273504383e-02
0.000000000000000000e+00 8.279914529914529364e-01 8.534989316239316448e-01 1.566951566951567051e-02 1.308760683760683795e-02
0.000000000000000000e+00 8.304843304843304574e-01 8.633814102564102422e-01 1.638176638176638139e-02 1.415598290598290600e-02
0.000000000000000000e+00 8.346688034188034511e-01 8.724626068376067911e-01 1.762820512820512803e-02 1.362179487179487197e-02
0.000000000000000000e+00 8.485576923076922906e-01 8.834134615384615641e-01 1.549145299145299193e-02 1.415598290598290600e-02
0.000000000000000000e+00 9.133725071225071712e-01 9.232104700854700807e-01 1.655982905982905998e-02 3.125000000000000000e-02
0.000000000000000000e+00 9.371438746438746081e-01 9.830395299145299193e-01 1.745014245014244944e-02 1.522435897435897405e-02
0.000000000000000000e+00 8.992165242165242045e-01 7.280982905982905651e-01 6.766381766381766340e-03 9.081196581196581893e-03
0.000000000000000000e+00 6.814458689458688934e-01 4.532585470085470081e-01 2.172364672364672511e-02 1.762820512820512803e-02
0.000000000000000000e+00 6.379095441595441507e-01 4.475160256410256610e-01 1.157407407407407343e-02 9.348290598290598039e-03
0.000000000000000000e+00 6.410256410256410797e-01 4.547275641025640969e-01 1.353276353276353268e-02 8.814102564102564014e-03
0.000000000000000000e+00 6.413817663817663606e-01 4.631410256410256610e-01 1.210826210826210746e-02 1.068376068376068397e-02
0.000000000000000000e+00 6.438746438746438816e-01 4.708867521367521292e-01 1.175213675213675202e-02 1.014957264957264994e-02
0.000000000000000000e+00 6.452991452991453381e-01 4.787660256410256610e-01 1.139601139601139658e-02 1.041666666666666609e-02
0.000000000000000000e+00 8.084045584045583821e-01 6.089743589743589203e-01 8.190883190883190695e-03 2.777777777777777624e-02
0.000000000000000000e+00 8.391203703703703498e-01 6.195245726495726135e-01 7.300569800569800365e-03 1.789529914529914417e-02
