0.000000000000000000e+00 1.003383190883190834e-01 2.804487179487179498e-03 4.451566951566951653e-03 5.074786324786324972e-03
0.000000000000000000e+00 1.070156695156695148e-01 4.941239316239316032e-03 5.341880341880341984e-03 8.814102564102564014e-03
0.000000000000000000e+00 1.041666666666666713e-01 1.402243589743589793e-02 2.849002849002849145e-03 8.279914529914529989e-03
0.000000000000000000e+00 9.944800569800570089e-02 3.472222222222222376e-02 4.451566951566951653e-03 1.068376068376068397e-02
0.000000000000000000e+00 9.544159544159544484e-02 5.381944444444444753e-02 4.273504273504273934e-03 9.348290598290598039e-03
0.000000000000000000e+00 9.348290598290598385e-02 6.383547008547008073e-02 4.629629629629629373e-03 9.615384615384615918e-03
0.000000000000000000e+00 4.905626780626780314e-02 8.934294871794871973e-02 8.368945868945869282e-03 7.211538461538461939e-03
0.000000000000000000e+00 1.723646723646723722e-01 8.266559829059828834e-02 9.971509971509971357e-03 1.041666666666666609e-02
0.000000000000000000e+00 1.817129629629629650e-01 8.306623931623931256e-02 1.584757834757834910e-02 1.602564102564102422e-02
0.000000000000000000e+00 1.494836182336182206e-01 1.272702991452991372e-01 8.368945868945869282e-03 2.751068376068376009e-02
0.000000000000000000e+00 1.751246438746438816e-01 1.179220085470085444e-01 5.876068376068376009e-03 1.308760683760683795e-02
0.000000000000000000e+00 1.818019943019943130e-01 1.156517094017094072e-01 4.629629629629629373e-03 1.014957264957264994e-02
0.000000000000000000e+00 7.719017094017094349e-02 1.773504273504273587e-01 5.163817663817663398e-03 1.068376068376068397e-02
0.000000000000000000e+00 7.692307692307692735e-02 1.887019230769230727e-01 4.985754985754985678e-03 1.148504273504273587e-02
0.000000000000000000e+00 6.089743589743589619e-02 2.167467948717948789e-01 5.698005698005698290e-03 1.201923076923076990e-02
0.000000000000000000e+00 6.089743589743589619e-02 2.310363247863247982e-01 5.341880341880341984e-03 1.282051282051282007e-02
0.000000000000000000e+00 6.160968660968661054e-02 2.475961538461538547e-01 4.985754985754985678e-03 1.068376068376068397e-02
0.000000000000000000e+00 7.879273504273504036e-02 2.495993589743589758e-01 5.163817663817663398e-03 1.041666666666666609e-02
0.000000000000000000e+00 6.178774928774928565e-02 2.598824786324786529e-01 4.985754985754985678e-03 1.121794871794871799e-02
0.000000000000000000e+00 7.914886039886040447e-02 2.629540598290598385e-01 4.807692307692307959e-03 9.882478632478632063e-03
0.000000000000000000e+00 7.986111111111110494e-02 2.883279914529914278e-01 5.163817663817663398e-03 1.148504273504273587e-02
0.000000000000000000e+00 2.891737891737891641e-01 6.410256410256410034e-03 4.273504273504273934e-03 9.615384615384615918e-03
0.000000000000000000e+00 2.951388888888888951e-01 7.264957264957265515e-02 4.807692307692307959e-03 1.121794871794871799e-02
0.000000000000000000e+00 3.270121082621082476e-01 8.213141025641025605e-02 5.163817663817663398e-03 1.148504273504273587e-02
0.000000000000000000e+00 3.266559829059829112e-01 1.129807692307692318e-01 4.807692307692307959e-03 1.121794871794871799e-02
0.000000000000000000e+00 3.041310541310541238e-01 1.701388888888888951e-01 4.985754985754985678e-03 1.282051282051282007e-02
0.000000000000000000e+00 3.051994301994301884e-01 1.955128205128205121e-01 4.629629629629629373e-03 1.175213675213675202e-02
0.000000000000000000e+00 2.180377492877492995e-01 3.323985042735042583e-01 4.807692307692307959e-03 8.814102564102564014e-03
0.000000000000000000e+00 2.293447293447293533e-01 3.597756410256410242e-01 5.698005698005698290e-03 1.388888888888888812e-02
0.000000000000000000e+00 2.360220797720797847e-01 3.589743589743589758e-01 5.876068376068376009e-03 1.175213675213675202e-02
0.000000000000000000e+00 2.556089743589743390e-01 3.549679487179487336e-01 5.163817663817663398e-03 1.175213675213675202e-02
0.000000000000000000e+00 2.629095441595441507e-01 3.563034188034188143e-01 5.163817663817663398e-03 1.335470085470085409e-02
0.000000000000000000e+00 2.075320512820512941e-01 3.888888888888888951e-01 6.232193732193732315e-03 1.068376068376068397e-02
0.000000000000000000e+00 2.260505698005698116e-01 3.846153846153846367e-01 5.163817663817663398e-03 8.012820512820512109e-03
0.000000000000000000e+00 2.341524216524216440e-01 3.840811965811966044e-01 4.629629629629629373e-03 8.012820512820512109e-03
0.000000000000000000e+00 2.406517094017094072e-01 3.831463675213675479e-01 6.944444444444444059e-03 8.814102564102564014e-03
0.000000000000000000e+00 2.551638176638176825e-01 3.826121794871794601e-01 5.698005698005698290e-03 7.745726495726495964e-03
0.000000000000000000e+00 2.616631054131053902e-01 3.816773504273504036e-01 5.876068376068376009e-03 9.615384615384615918e-03
0.000000000000000000e+00 2.004985754985754987e-01 4.071848290598290565e-01 1.032763532763532680e-02 8.814102564102564014e-03
0.000000000000000000e+00 1.606125356125356063e-01 4.071848290598290565e-01 1.032763532763532680e-02 8.814102564102564014e-03
0.000000000000000000e+00 1.480591168091168197e-01 4.065170940170940161e-01 1.157407407407407343e-02 8.547008547008547868e-03
0.000000000000000000e+00 1.308760683760683829e-01 4.377670940170940161e-01 1.388888888888888812e-02 1.121794871794871799e-02
0.000000000000000000e+00 8.787393162393161705e-02 4.480502136752136932e-01 8.012820512820512109e-03 1.522435897435897405e-02
0.000000000000000000e+00 1.029202279202279247e-01 4.658119658119658224e-01 4.985754985754985678e-03 8.012820512820512109e-03
0.000000000000000000e+00 9.722222222222222376e-02 4.686164529914529919e-01 5.698005698005698290e-03 6.677350427350427046e-03
0.000000000000000000e+00 6.401353276353276278e-02 4.878472222222222099e-01 7.656695156695156670e-03 1.469017094017094002e-02
0.000000000000000000e+00 5.991809116809116570e-02 5.627670940170940161e-01 6.944444444444444059e-03 1.068376068376068397e-02
0.000000000000000000e+00 5.261752136752136794e-02 6.016292735042735318e-01 8.368945868945869282e-03 1.682692307692307612e-02
0.000000000000000000e+00 7.211538461538460898e-02 5.997596153846154188e-01 7.478632478632478951e-03 1.469017094017094002e-02
0.000000000000000000e+00 5.876068376068376009e-02 6.282051282051281937e-01 8.547008547008547868e-03 1.495726495726495790e-02
0.000000000000000000e+00 8.101851851851851749e-02 6.356837606837606458e-01 8.547008547008547868e-03 1.655982905982905998e-02
0.000000000000000000e+00 6.926638176638176547e-02 6.736111111111111605e-01 8.190883190883190695e-03 1.549145299145299193e-02
0.000000000000000000e+00 8.680555555555555247e-02 6.558493589743589203e-01 6.232193732193732315e-03 9.882478632478632063e-03
0.000000000000000000e+00 9.472934472934473049e-02 6.888354700854700807e-01 8.547008547008547868e-03 1.549145299145299193e-02
0.000000000000000000e+00 7.425213675213675202e-02 6.943108974358974672e-01 8.903133903133903307e-03 1.629273504273504383e-02
0.000000000000000000e+00 7.923789173789173856e-02 7.108707264957264682e-01 8.903133903133903307e-03 1.736111111111111188e-02
0.000000000000000000e+00 8.342236467236467667e-02 7.294337606837606458e-01 8.725071225071224720e-03 1.709401709401709574e-02
0.000000000000000000e+00 8.885327635327634754e-02 7.534722222222222099e-01 8.190883190883190695e-03 1.655982905982905998e-02
0.000000000000000000e+00 9.410612535612535023e-02 7.749732905982905651e-01 9.437321937321937332e-03 1.789529914529914417e-02
0.000000000000000000e+00 1.021189458689458623e-01 8.078258547008546619e-01 9.081196581196581893e-03 1.736111111111111188e-02
0.000000000000000000e+00 1.085292022792022776e-01 8.340010683760683552e-01 8.012820512820512109e-03 1.842948717948717993e-02
0.000000000000000000e+00 1.393340455840455794e-01 7.856570512820513219e-01 6.944444444444444059e-03 1.575854700854700807e-02
0.000000000000000000e+00 5.074786324786324972e-03 9.926549145299145005e-01 9.437321937321937332e-03 9.882478632478632063e-03
0.000000000000000000e+00 4.789886039886039754e-02 9.541933760683760646e-01 1.388888888888888812e-02 1.095085470085470011e-02
0.000000000000000000e+00 4.585113960113960246e-02 9.650106837606837740e-01 1.620370370370370280e-02 1.175213675213675202e-02
0.000000000000000000e+00 4.522792022792022915e-02 9.771634615384615641e-01 1.246438746438746463e-02 1.201923076923076990e-02
0.000000000000000000e+00 4.344729344729345022e-02 9.886485042735042583e-01 1.495726495726495790e-02 1.362179487179487197e-02
0.000000000000000000e+00 4.021545584045583821e-01 4.138621794871794601e-01 8.012820512820512109e-03 8.814102564102564014e-03
0.000000000000000000e+00 4.515669515669515910e-01 3.708600427350427498e-01 1.353276353276353268e-02 9.348290598290598039e-03
0.000000000000000000e+00 3.670762108262108359e-01 8.709935897435897578e-01 1.406695156695156670e-02 1.068376068376068397e-02
0.000000000000000000e+00 3.651175213675213471e-01 8.799412393162393542e-01 1.157407407407407343e-02 1.041666666666666609e-02
0.000000000000000000e+00 3.646723646723646906e-01 9.006410256410256610e-01 1.460113960113960073e-02 1.068376068376068397e-02
0.000000000000000000e+00 3.601317663817663606e-01 9.118589743589743390e-01 1.406695156695156670e-02 1.175213675213675202e-02
0.000000000000000000e+00 3.505163817663817794e-01 9.746260683760683552e-01 1.193019943019943060e-02 1.121794871794871799e-02
0.000000000000000000e+00 4.736467236467236663e-01 8.167735042735042583e-01 1.495726495726495790e-02 5.395299145299145560e-02
0.000000000000000000e+00 5.739850427350426942e-01 5.078792735042735318e-01 1.014957264957264994e-02 9.882478632478632063e-03
0.000000000000000000e+00 5.979344729344728826e-01 5.170940170940171443e-01 6.410256410256410034e-03 1.388888888888888812e-02
0.000000000000000000e+00 5.961538461538461453e-01 5.321848290598291120e-01 5.698005698005698290e-03 1.415598290598290600e-02
0.000000000000000000e+00 5.709579772079772519e-01 5.283119658119658224e-01 8.368945868945869282e-03 9.081196581196581893e-03
0.000000000000000000e+00 5.711360398860398924e-01 5.372596153846154188e-01 1.371082621082621127e-02 1.041666666666666609e-02
0.000000000000000000e+00 5.676638176638176825e-01 5.586271367521367104e-01 1.246438746438746463e-02 1.041666666666666609e-02
0.000000000000000000e+00 5.653490028490028019e-01 5.735844017094017255e-01 9.615384615384615918e-03 9.348290598290598039e-03
0.000000000000000000e+00 5.657941595441595695e-01 5.827991452991453381e-01 1.299857549857549865e-02 1.014957264957264994e-02
0.000000000000000000e+00 5.762108262108261991e-01 6.718750000000000000e-01 1.246438746438746463e-02 1.255341880341880392e-02
0.000000000000000000e+00 5.607193732193732627e-01 8.270566239316239354e-01 1.602564102564102422e-02 1.148504273504273587e-02
0.000000000000000000e+00 5.292913105413105113e-01 8.498931623931623713e-01 1.050569800569800538e-02 1.175213675213675202e-02
0.000000000000000000e+00 5.535968660968660915e-01 9.254807692307692735e-01 1.353276353276353268e-02 1.228632478632478604e-02
0.000000000000000000e+00 5.189636752136752573e-01 9.519230769230768718e-01 6.944444444444444059e-03 9.615384615384615918e-03
0.000000000000000000e+00 6.281160968660968180e-01 3.950320512820512664e-01 1.014957264957264994e-02 1.495726495726495790e-02
0.000000000000000000e+00 6.209045584045583821e-01 4.348290598290598385e-01 1.139601139601139658e-02 8.547008547008547868e-03
0.000000000000000000e+00 6.902599715099715372e-01 5.519497863247863068e-01 1.050569800569800538e-02 9.348290598290598039e-03
0.000000000000000000e+00 6.864316239316239354e-01 5.827991452991453381e-01 1.068376068376068397e-02 1.014957264957264994e-02
0.000000000000000000e+00 6.839387464387464144e-01 6.056356837606837740e-01 1.103988603988603941e-02 9.348290598290598039e-03
0.000000000000000000e+00 7.168803418803418870e-01 6.299412393162393542e-01 1.139601139601139658e-02 7.745726495726495964e-03
0.000000000000000000e+00 7.330840455840456071e-01 6.324786324786324521e-01 1.175213675213675202e-02 8.547008547008547868e-03
0.000000000000000000e+00 7.220441595441595695e-01 6.668002136752136932e-01 1.103988603988603941e-02 1.148504273504273587e-02
0.000000000000000000e+00 7.670940170940171443e-01 5.791933760683760646e-01 1.282051282051282007e-02 9.882478632478632063e-03
0.000000000000000000e+00 7.706552706552706189e-01 6.013621794871795156e-01 1.531339031339031334e-02 1.148504273504273587e-02
0.000000000000000000e+00 7.750178062678062529e-01 6.348824786324785974e-01 1.157407407407407343e-02 9.615384615384615918e-03
0.000000000000000000e+00 7.767984330484331013e-01 6.443643162393162260e-01 1.442307692307692388e-02 1.041666666666666609e-02
0.000000000000000000e+00 7.915776353276353650e-01 6.641292735042735318e-01 1.371082621082621127e-02 1.095085470085470011e-02
0.000000000000000000e+00 8.054665242165242045e-01 6.593215811965812412e-01 7.656695156695156670e-03 1.682692307692307612e-02
0.000000000000000000e+00 8.153490028490028019e-01 6.599893162393162260e-01 7.834757834757835257e-03 1.495726495726495790e-02
0.000000000000000000e+00 8.474002849002848503e-01 6.645299145299145005e-01 1.424501424501424529e-02 1.014957264957264994e-02
0.000000000000000000e+00 8.611111111111111605e-01 6.602564102564102422e-01 1.246438746438746463e-02 1.068376068376068397e-02
0.000000000000000000e+00 8.941417378917378977e-01 6.513087606837606458e-01 1.050569800569800538e-02 9.882478632478632063e-03
0.000000000000000000e+00 8.489138176638176825e-01 9.963942307692307265e-01 1.513532763532763475e-02 7.211538461538461939e-03
0.000000000000000000e+00 9.659009971509971981e-01 9.937232905982905651e-01 1.549145299145299193e-02 1.095085470085470011e-02
0.000000000000000000e+00 9.866452991452991927e-01 9.922542735042735318e-01 1.816239316239316379e-02 1.335470085470085409e-02
0.000000000000000000e+00 9.744480056980057148e-01 5.623664529914529364e-01 1.584757834757834910e-02 1.201923076923076990e-02
0.000000000000000000e+00 6.816239316239316448e-01 1.033653846153846090e-01 5.341880341880341984e-03 9.081196581196581893e-03
0.000000000000000000e+00 7.055733618233618332e-01 1.064369658119658085e-01 4.807692307692307959e-03 9.882478632478632063e-03
0.000000000000000000e+00 7.194622507122506727e-01 1.248664529914529919e-01 1.050569800569800538e-02 8.279914529914529989e-03
0.000000000000000000e+00 7.084223646723646350e-01 1.290064102564102699e-01 7.300569800569800365e-03 1.068376068376068397e-02
0.000000000000000000e+00 6.844729344729344467e-01 1.219284188034188005e-01 8.903133903133903307e-03 7.745726495726495964e-03
0.000000000000000000e+00 6.500178062678062529e-01 1.067040598290598247e-01 4.807692307692307959e-03 9.882478632478632063e-03
0.000000000000000000e+00 6.672898860398860377e-01 1.264690170940170888e-01 8.725071225071224720e-03 9.348290598290598039e-03
0.000000000000000000e+00 6.380876068376067911e-01 1.283386752136752018e-01 5.876068376068376009e-03 1.201923076923076990e-02
0.000000000000000000e+00 6.250890313390313757e-01 1.481036324786324798e-01 1.086182336182336255e-02 7.211538461538461939e-03
0.000000000000000000e+00 6.452101139601139623e-01 1.578525641025640969e-01 5.519943019943019703e-03 1.068376068376068397e-02
0.000000000000000000e+00 6.391559829059828557e-01 1.788194444444444475e-01 6.944444444444444059e-03 1.041666666666666609e-02
0.000000000000000000e+00 6.255341880341880323e-01 1.941773504273504314e-01 4.629629629629629373e-03 1.068376068376068397e-02
0.000000000000000000e+00 5.948183760683760646e-01 2.674946581196581130e-01 1.228632478632478604e-02 1.041666666666666609e-02
0.000000000000000000e+00 6.555377492877493273e-01 2.811164529914529919e-01 9.793447293447292770e-03 8.814102564102564014e-03
0.000000000000000000e+00 6.564280626780626404e-01 3.090277777777777901e-01 5.876068376068376009e-03 1.495726495726495790e-02
0.000000000000000000e+00 6.971153846153845812e-01 3.162393162393162260e-01 6.766381766381766340e-03 1.282051282051282007e-02
0.000000000000000000e+00 7.192841880341880323e-01 3.189102564102563875e-01 5.876068376068376009e-03 1.655982905982905998e-02
0.000000000000000000e+00 7.261396011396011874e-01 3.214476495726495964e-01 7.122507122507122646e-03 1.308760683760683795e-02
0.000000000000000000e+00 7.331730769230768718e-01 3.239850427350427498e-01 5.163817663817663398e-03 1.068376068376068397e-02
0.000000000000000000e+00 7.676282051282051766e-01 2.920673076923077094e-01 1.103988603988603941e-02 8.814102564102564014e-03
0.000000000000000000e+00 7.720797720797720753e-01 3.174412393162392987e-01 5.341880341880341984e-03 1.095085470085470011e-02
0.000000000000000000e+00 8.217592592592593004e-01 2.765758547008547175e-01 9.971509971509971357e-03 7.745726495726495964e-03
0.000000000000000000e+00 8.529202279202279247e-01 2.605502136752136932e-01 1.103988603988603941e-02 9.882478632478632063e-03
0.000000000000000000e+00 8.547898860398860377e-01 2.256944444444444475e-01 1.014957264957264994e-02 9.081196581196581893e-03
0.000000000000000000e+00 8.554131054131054457e-01 1.913728632478632341e-01 9.615384615384615918e-03 9.348290598290598039e-03
