0.000000000000000000e+00 1.166310541310541377e-01 3.632478632478632757e-02 7.478632478632478951e-03 9.081196581196581893e-03
0.000000000000000000e+00 1.030092592592592587e-01 5.021367521367521569e-02 1.014957264957264994e-02 1.068376068376068397e-02
0.000000000000000000e+00 1.228632478632478570e-01 7.184829059829059283e-02 9.259259259259258745e-03 1.282051282051282007e-02
0.000000000000000000e+00 1.521545584045584099e-01 2.159455128205128305e-01 4.807692307692307959e-03 9.882478632478632063e-03
0.000000000000000000e+00 1.221509971509971565e-01 3.959668803418803229e-01 5.698005698005698290e-03 1.255341880341880392e-02
0.000000000000000000e+00 1.285612535612535579e-01 4.286858974358974117e-01 1.175213675213675202e-02 1.014957264957264994e-02
0.000000000000000000e+00 1.293625356125356063e-01 4.425747863247863068e-01 1.406695156695156670e-02 9.081196581196581893e-03
0.000000000000000000e+00 2.408297720797720753e-01 3.748664529914529919e-01 6.232193732193732315e-03 1.308760683760683795e-02
0.000000000000000000e+00 2.652243589743589758e-01 3.538995726495726690e-01 1.371082621082621127e-02 1.068376068376068397e-02
0.000000000000000000e+00 2.459935897435897301e-01 2.343750000000000000e-01 5.876068376068376009e-03 1.308760683760683795e-02
0.000000000000000000e+00 1.353276353276353372e-01 9.829059829059828834e-02 6.766381766381766340e-03 5.876068376068376009e-03
0.000000000000000000e+00 1.818910256410256332e-01 7.932692307692307265e-02 5.876068376068376009e-03 6.944444444444444059e-03
0.000000000000000000e+00 2.021901709401709435e-01 8.587072649572649596e-02 9.081196581196581893e-03 1.362179487179487197e-02
0.000000000000000000e+00 1.956908831908831803e-01 1.061698717948717924e-01 8.190883190883190695e-03 9.348290598290598039e-03
0.000000000000000000e+00 2.303240740740740700e-01 4.220085470085470358e-02 4.451566951566951653e-03 9.081196581196581893e-03
0.000000000000000000e+00 1.704950142450142314e-01 1.312767094017094072e-01 4.807692307692307959e-03 7.745726495726495964e-03
0.000000000000000000e+00 1.715633903133903237e-01 1.411591880341880323e-01 9.081196581196581893e-03 1.041666666666666609e-02
0.000000000000000000e+00 2.331730769230769273e-01 8.787393162393161705e-02 6.232193732193732315e-03 1.068376068376068397e-02
0.000000000000000000e+00 2.398504273504273587e-01 8.680555555555555247e-02 6.766381766381766340e-03 1.282051282051282007e-02
0.000000000000000000e+00 2.547186609686609704e-01 1.156517094017094072e-01 6.232193732193732315e-03 1.175213675213675202e-02
0.000000000000000000e+00 2.785790598290598385e-01 8.920940170940171166e-02 6.232193732193732315e-03 1.121794871794871799e-02
0.000000000000000000e+00 3.043981481481481399e-01 9.308226495726495964e-02 5.876068376068376009e-03 1.041666666666666609e-02
0.000000000000000000e+00 3.118767806267806475e-01 9.401709401709401615e-02 5.876068376068376009e-03 1.121794871794871799e-02
0.000000000000000000e+00 3.203347578347578439e-01 9.508547008547008073e-02 6.410256410256410034e-03 1.228632478632478604e-02
0.000000000000000000e+00 3.051103988603988681e-01 1.418269230769230727e-01 7.300569800569800365e-03 8.547008547008547868e-03
0.000000000000000000e+00 3.110754985754985991e-01 1.650641025641025605e-01 7.478632478632478951e-03 1.442307692307692388e-02
0.000000000000000000e+00 2.962962962962962798e-01 1.845619658119658224e-01 1.103988603988603941e-02 9.615384615384615918e-03
0.000000000000000000e+00 2.993233618233618332e-01 1.931089743589743668e-01 1.282051282051282007e-02 1.014957264957264994e-02
0.000000000000000000e+00 3.302172364672364413e-01 1.988514957264957139e-01 1.299857549857549865e-02 8.814102564102564014e-03
0.000000000000000000e+00 3.263888888888888951e-01 2.064636752136752018e-01 1.388888888888888812e-02 8.012820512820512109e-03
0.000000000000000000e+00 3.434829059829059839e-01 9.735576923076923184e-02 5.698005698005698290e-03 1.201923076923076990e-02
0.000000000000000000e+00 3.564814814814814548e-01 9.708867521367521569e-02 6.054131054131053728e-03 1.041666666666666609e-02
0.000000000000000000e+00 3.679665242165242045e-01 9.722222222222222376e-02 6.588319088319088621e-03 1.175213675213675202e-02
0.000000000000000000e+00 3.851495726495726690e-01 1.160523504273504314e-01 1.246438746438746463e-02 8.814102564102564014e-03
0.000000000000000000e+00 3.673433048433048520e-01 2.403846153846153980e-03 5.698005698005698290e-03 3.739316239316239476e-03
0.000000000000000000e+00 3.861289173789173579e-01 2.537393162393162486e-03 4.807692307692307959e-03 4.540598290598290947e-03
0.000000000000000000e+00 3.986823361823361722e-01 3.472222222222222029e-03 5.341880341880341984e-03 6.410256410256410034e-03
0.000000000000000000e+00 4.177350427350427498e-01 4.540598290598290947e-03 5.341880341880341984e-03 8.547008547008547868e-03
0.000000000000000000e+00 4.330484330484330457e-01 1.026976495726495686e-01 5.341880341880341984e-03 1.148504273504273587e-02
0.000000000000000000e+00 4.427528490028490027e-01 1.043002136752136794e-01 6.232193732193732315e-03 1.308760683760683795e-02
0.000000000000000000e+00 4.564636752136752018e-01 1.030982905982905928e-01 5.519943019943019703e-03 9.081196581196581893e-03
0.000000000000000000e+00 4.333155270655270619e-01 1.320779914529914556e-01 5.519943019943019703e-03 1.308760683760683795e-02
0.000000000000000000e+00 4.319800569800569812e-01 1.455662393162393264e-01 4.273504273504273934e-03 1.175213675213675202e-02
0.000000000000000000e+00 4.885149572649572502e-01 1.055021367521367520e-01 5.519943019943019703e-03 1.175213675213675202e-02
0.000000000000000000e+00 4.779202279202279247e-01 1.332799145299145283e-01 5.341880341880341984e-03 1.442307692307692388e-02
0.000000000000000000e+00 4.859330484330484090e-01 1.315438034188034233e-01 5.341880341880341984e-03 1.255341880341880392e-02
0.000000000000000000e+00 4.838853276353276556e-01 1.430288461538461453e-01 5.163817663817663398e-03 1.201923076923076990e-02
0.000000000000000000e+00 4.770299145299145560e-01 2.015224358974359031e-01 1.175213675213675202e-02 8.279914529914529989e-03
0.000000000000000000e+00 4.575320512820512664e-01 8.947649572649572086e-03 5.519943019943019703e-03 8.279914529914529989e-03
0.000000000000000000e+00 4.844195156695156879e-01 1.215277777777777797e-02 6.232193732193732315e-03 9.882478632478632063e-03
0.000000000000000000e+00 5.294693732193732627e-01 1.842948717948717993e-02 6.588319088319088621e-03 1.014957264957264994e-02
0.000000000000000000e+00 5.174501424501424252e-01 1.048344017094017117e-01 5.341880341880341984e-03 1.148504273504273587e-02
0.000000000000000000e+00 5.255519943019942852e-01 1.059027777777777762e-01 5.519943019943019703e-03 1.148504273504273587e-02
0.000000000000000000e+00 5.421118233618233972e-01 1.057692307692307682e-01 5.163817663817663398e-03 1.121794871794871799e-02
0.000000000000000000e+00 5.657941595441595695e-01 1.063034188034188005e-01 5.876068376068376009e-03 1.282051282051282007e-02
0.000000000000000000e+00 5.662393162393162260e-01 3.739316239316239476e-03 1.103988603988603941e-02 6.944444444444444059e-03
0.000000000000000000e+00 5.655270655270655533e-01 9.214743589743589966e-03 9.259259259259258745e-03 7.745726495726495964e-03
0.000000000000000000e+00 5.659722222222222099e-01 2.083333333333333218e-02 8.725071225071224720e-03 8.012820512820512109e-03
0.000000000000000000e+00 5.645477207977207534e-01 3.659188034188034372e-02 1.014957264957264994e-02 7.478632478632478951e-03
0.000000000000000000e+00 5.652599715099715372e-01 4.260149572649572780e-02 9.793447293447292770e-03 8.279914529914529989e-03
0.000000000000000000e+00 5.643696581196581130e-01 4.767628205128204844e-02 1.050569800569800538e-02 7.211538461538461939e-03
0.000000000000000000e+00 5.641025641025640969e-01 5.341880341880341637e-02 9.615384615384615918e-03 7.478632478632478951e-03
0.000000000000000000e+00 5.644586894586894887e-01 6.183226495726495964e-02 1.709401709401709574e-02 1.682692307692307612e-02
0.000000000000000000e+00 5.632122507122506727e-01 7.692307692307692735e-02 9.615384615384615918e-03 8.012820512820512109e-03
0.000000000000000000e+00 5.647257834757835049e-01 8.854166666666667129e-02 1.228632478632478604e-02 8.814102564102564014e-03
0.000000000000000000e+00 6.117343304843304574e-01 2.299679487179487059e-01 1.264245014245014322e-02 9.081196581196581893e-03
0.000000000000000000e+00 6.560719373219373596e-01 2.259615384615384637e-01 6.944444444444444059e-03 1.121794871794871799e-02
0.000000000000000000e+00 6.306980056980057148e-01 1.071047008547008489e-01 6.410256410256410034e-03 1.282051282051282007e-02
0.000000000000000000e+00 6.422720797720797847e-01 1.057692307692307682e-01 5.341880341880341984e-03 1.175213675213675202e-02
0.000000000000000000e+00 6.623931623931623713e-01 9.949252136752136100e-02 5.698005698005698290e-03 1.415598290598290600e-02
0.000000000000000000e+00 7.326388888888888395e-01 8.814102564102564707e-02 5.519943019943019703e-03 1.228632478632478604e-02
0.000000000000000000e+00 7.389601139601139623e-01 9.027777777777777624e-02 6.054131054131053728e-03 1.068376068376068397e-02
0.000000000000000000e+00 7.412749287749287319e-01 1.018963675213675202e-01 6.766381766381766340e-03 1.201923076923076990e-02
0.000000000000000000e+00 7.242699430199430743e-01 1.075053418803418870e-01 9.437321937321937332e-03 8.279914529914529989e-03
0.000000000000000000e+00 7.928240740740740700e-01 1.522435897435897301e-01 1.193019943019943060e-02 8.012820512820512109e-03
0.000000000000000000e+00 7.868589743589743390e-01 1.271367521367521292e-01 5.698005698005698290e-03 9.615384615384615918e-03
0.000000000000000000e+00 8.103632478632478708e-01 8.480235042735043138e-02 5.698005698005698290e-03 1.095085470085470011e-02
0.000000000000000000e+00 8.119658119658119677e-01 9.655448717948718340e-02 6.766381766381766340e-03 1.095085470085470011e-02
0.000000000000000000e+00 9.778311965811965489e-01 9.535256410256409687e-02 6.588319088319088621e-03 1.335470085470085409e-02
0.000000000000000000e+00 9.898504273504273865e-01 1.084401709401709435e-01 9.259259259259258745e-03 9.081196581196581893e-03
0.000000000000000000e+00 9.842414529914529364e-01 1.442307692307692180e-01 6.232193732193732315e-03 9.615384615384615918e-03
0.000000000000000000e+00 6.152065527065526951e-02 7.188835470085470636e-01 9.081196581196581893e-03 2.857905982905982814e-02
0.000000000000000000e+00 9.098112535612535856e-01 5.865384615384615641e-01 1.762820512820512803e-02 1.388888888888888812e-02
0.000000000000000000e+00 9.439102564102563875e-01 7.670940170940171443e-01 1.460113960113960073e-02 1.228632478632478604e-02
