0.000000000000000000e+00 6.445868945868946098e-02 3.111645299145299193e-02 5.698005698005698290e-03 1.201923076923076990e-02
0.000000000000000000e+00 2.359330484330484159e-02 1.124465811965811995e-01 1.264245014245014322e-02 1.335470085470085409e-02
0.000000000000000000e+00 4.148860398860398924e-02 9.989316239316239909e-02 1.032763532763532680e-02 1.175213675213675202e-02
0.000000000000000000e+00 4.691951566951566704e-02 1.036324786324786390e-01 1.299857549857549865e-02 1.442307692307692388e-02
0.000000000000000000e+00 2.982549857549857478e-02 1.243322649572649596e-01 1.193019943019943060e-02 1.682692307692307612e-02
0.000000000000000000e+00 9.704415954415954171e-02 7.839209401709401615e-02 6.766381766381766340e-03 8.279914529914529989e-03
0.000000000000000000e+00 2.033475783475783560e-01 2.064636752136752018e-01 7.834757834757835257e-03 1.228632478632478604e-02
0.000000000000000000e+00 1.912393162393162260e-01 2.322382478632478708e-01 8.903133903133903307e-03 1.362179487179487197e-02
0.000000000000000000e+00 9.330484330484330180e-02 4.668803418803418870e-01 8.903133903133903307e-03 1.602564102564102422e-02
0.000000000000000000e+00 5.021367521367521569e-02 7.596153846153845812e-01 7.478632478632478951e-03 2.083333333333333218e-02
0.000000000000000000e+00 4.976851851851851749e-02 7.816506410256410797e-01 8.368945868945869282e-03 2.163461538461538408e-02
0.000000000000000000e+00 5.030270655270654978e-02 8.043536324786324521e-01 8.012820512820512109e-03 2.216880341880341984e-02
0.000000000000000000e+00 4.718660968660968666e-03 9.254807692307692735e-01 8.725071225071224720e-03 1.175213675213675202e-02
0.000000000000000000e+00 2.697649572649572780e-02 9.440438034188034511e-01 1.834045584045583890e-02 1.469017094017094002e-02
0.000000000000000000e+00 4.033119658119658224e-01 1.455662393162393195e-02 3.561253561253561323e-03 7.745726495726495964e-03
0.000000000000000000e+00 3.976139601139601076e-01 2.310363247863247982e-02 8.547008547008547868e-03 8.814102564102564014e-03
0.000000000000000000e+00 3.848824786324786529e-01 3.739316239316239215e-02 9.081196581196581893e-03 1.068376068376068397e-02
0.000000000000000000e+00 4.082977207977208089e-01 5.876068376068376009e-02 7.122507122507122646e-03 1.228632478632478604e-02
0.000000000000000000e+00 4.258368945868946098e-01 8.547008547008547175e-02 6.588319088319088621e-03 6.410256410256410034e-03
0.000000000000000000e+00 4.625178062678062529e-01 2.016559829059829112e-01 6.944444444444444059e-03 1.495726495726495790e-02
0.000000000000000000e+00 4.748041310541310511e-01 1.148504273504273449e-01 9.793447293447292770e-03 8.547008547008547868e-03
0.000000000000000000e+00 4.690170940170940161e-01 1.290064102564102699e-01 8.190883190883190695e-03 1.068376068376068397e-02
0.000000000000000000e+00 4.676816239316239354e-01 1.191239316239316171e-01 3.739316239316239476e-03 6.944444444444444059e-03
0.000000000000000000e+00 5.138888888888888395e-01 3.004807692307692388e-02 4.985754985754985678e-03 9.348290598290598039e-03
0.000000000000000000e+00 4.915420227920228036e-01 7.305021367521367937e-02 7.300569800569800365e-03 1.308760683760683795e-02
0.000000000000000000e+00 5.233262108262107803e-01 7.545405982905982467e-02 6.410256410256410034e-03 1.095085470085470011e-02
0.000000000000000000e+00 5.299145299145299193e-01 7.491987179487179238e-02 5.698005698005698290e-03 1.308760683760683795e-02
0.000000000000000000e+00 4.889601139601139623e-01 9.348290598290598385e-02 6.766381766381766340e-03 8.547008547008547868e-03
0.000000000000000000e+00 5.695334757834757955e-01 7.705662393162393542e-02 5.519943019943019703e-03 1.041666666666666609e-02
0.000000000000000000e+00 6.039886039886039892e-01 8.199786324786324798e-02 5.341880341880341984e-03 1.068376068376068397e-02
0.000000000000000000e+00 6.128027065527065220e-01 8.266559829059828834e-02 5.876068376068376009e-03 1.255341880341880392e-02
0.000000000000000000e+00 6.072827635327635587e-01 1.311431623931623991e-01 3.739316239316239476e-03 6.410256410256410034e-03
0.000000000000000000e+00 6.146723646723646350e-01 1.531784188034188143e-01 5.698005698005698290e-03 1.522435897435897405e-02
0.000000000000000000e+00 6.054131054131054457e-01 1.734775641025640969e-01 7.478632478632478951e-03 9.348290598290598039e-03
0.000000000000000000e+00 6.077279202279202153e-01 1.820245726495726413e-01 1.032763532763532680e-02 7.211538461538461939e-03
0.000000000000000000e+00 6.395121082621082476e-01 1.872329059829059839e-01 1.371082621082621127e-02 9.081196581196581893e-03
0.000000000000000000e+00 6.362179487179486781e-01 1.948450854700854717e-01 1.353276353276353268e-02 7.745726495726495964e-03
0.000000000000000000e+00 6.308760683760683552e-01 1.430288461538461453e-01 2.849002849002849145e-03 6.677350427350427046e-03
0.000000000000000000e+00 6.367521367521367104e-01 8.600427350427350404e-02 6.054131054131053728e-03 1.228632478632478604e-02
0.000000000000000000e+00 6.498397435897436125e-01 8.573717948717948789e-02 5.163817663817663398e-03 1.068376068376068397e-02
0.000000000000000000e+00 6.613247863247863068e-01 8.587072649572649596e-02 5.341880341880341984e-03 1.148504273504273587e-02
0.000000000000000000e+00 6.816239316239316448e-01 1.048344017094017117e-01 1.317663817663817724e-02 8.814102564102564014e-03
0.000000000000000000e+00 6.924857549857549310e-01 1.331463675213675202e-01 5.698005698005698290e-03 1.148504273504273587e-02
0.000000000000000000e+00 7.281873219373219408e-01 9.161324786324785696e-02 5.876068376068376009e-03 1.175213675213675202e-02
0.000000000000000000e+00 7.380698005698005382e-01 9.348290598290598385e-02 6.054131054131053728e-03 1.442307692307692388e-02
0.000000000000000000e+00 7.518696581196581130e-01 9.348290598290598385e-02 5.876068376068376009e-03 1.228632478632478604e-02
0.000000000000000000e+00 7.421652421652421561e-01 1.167200854700854717e-01 4.629629629629629373e-03 6.944444444444444059e-03
0.000000000000000000e+00 7.345975783475783283e-01 1.219284188034188005e-01 2.670940170940170992e-03 1.255341880341880392e-02
0.000000000000000000e+00 7.345085470085470636e-01 1.351495726495726413e-01 3.205128205128205017e-03 1.228632478632478604e-02
0.000000000000000000e+00 7.846331908831908342e-01 9.481837606837606458e-02 6.588319088319088621e-03 1.228632478632478604e-02
0.000000000000000000e+00 7.860576923076922906e-01 1.205929487179487197e-01 6.588319088319088621e-03 1.308760683760683795e-02
0.000000000000000000e+00 7.858796296296296502e-01 1.320779914529914556e-01 5.876068376068376009e-03 1.201923076923076990e-02
0.000000000000000000e+00 7.880163817663817794e-01 1.912393162393162260e-01 1.228632478632478604e-02 8.012820512820512109e-03
0.000000000000000000e+00 8.135683760683760646e-01 9.481837606837606458e-02 6.766381766381766340e-03 1.228632478632478604e-02
0.000000000000000000e+00 8.214921652421652842e-01 9.548611111111110494e-02 6.232193732193732315e-03 1.255341880341880392e-02
0.000000000000000000e+00 8.383190883190883014e-01 9.548611111111110494e-02 5.698005698005698290e-03 1.148504273504273587e-02
0.000000000000000000e+00 8.627136752136752573e-01 9.628739316239316726e-02 7.122507122507122646e-03 1.255341880341880392e-02
0.000000000000000000e+00 7.662927350427350959e-01 3.071581196581196511e-03 4.807692307692307959e-03 5.074786324786324972e-03
0.000000000000000000e+00 8.123219373219373596e-01 8.413461538461538061e-03 5.698005698005698290e-03 8.279914529914529989e-03
0.000000000000000000e+00 8.495370370370370905e-01 9.615384615384615918e-03 8.903133903133903307e-03 7.478632478632478951e-03
0.000000000000000000e+00 8.507834757834757955e-01 2.590811965811965975e-02 1.103988603988603941e-02 7.478632478632478951e-03
0.000000000000000000e+00 8.525641025641025328e-01 3.165064102564102422e-02 9.971509971509971357e-03 7.745726495726495964e-03
0.000000000000000000e+00 8.524750712250712681e-01 3.685897435897435986e-02 1.086182336182336255e-02 8.012820512820512109e-03
0.000000000000000000e+00 8.527421652421652842e-01 4.206730769230769551e-02 9.615384615384615918e-03 6.143162393162393022e-03
0.000000000000000000e+00 8.553240740740740700e-01 5.181623931623931950e-02 1.727207977207977085e-02 1.602564102564102422e-02
0.000000000000000000e+00 8.555021367521367104e-01 6.637286324786324798e-02 1.014957264957264994e-02 8.814102564102564014e-03
0.000000000000000000e+00 8.587962962962962798e-01 7.812500000000000000e-02 1.246438746438746463e-02 8.279914529914529989e-03
0.000000000000000000e+00 9.281517094017094349e-01 2.206196581196581130e-01 1.264245014245014322e-02 9.081196581196581893e-03
0.000000000000000000e+00 9.724002849002848503e-01 2.168803418803418870e-01 8.190883190883190695e-03 1.121794871794871799e-02
0.000000000000000000e+00 9.634971509971509418e-01 1.455662393162393264e-01 5.698005698005698290e-03 9.081196581196581893e-03
0.000000000000000000e+00 9.589565527065526673e-01 8.974358974358974395e-02 7.300569800569800365e-03 1.442307692307692388e-02
0.000000000000000000e+00 9.398148148148147696e-01 9.615384615384615918e-02 7.834757834757835257e-03 1.175213675213675202e-02
0.000000000000000000e+00 9.282407407407406996e-01 9.722222222222222376e-02 7.478632478632478951e-03 1.282051282051282007e-02
0.000000000000000000e+00 4.343839031339031265e-01 3.242521367521367659e-01 7.300569800569800365e-03 1.442307692307692388e-02
0.000000000000000000e+00 4.592236467236467390e-01 3.855502136752136932e-01 6.766381766381766340e-03 1.308760683760683795e-02
0.000000000000000000e+00 4.706196581196581130e-01 4.186698717948718063e-01 1.175213675213675202e-02 9.882478632478632063e-03
0.000000000000000000e+00 4.739138176638176825e-01 4.316239316239316448e-01 1.406695156695156670e-02 8.547008547008547868e-03
0.000000000000000000e+00 5.760327635327635587e-01 3.647168803418803229e-01 7.478632478632478951e-03 1.362179487179487197e-02
0.000000000000000000e+00 5.978454415954416179e-01 3.433493589743589758e-01 1.299857549857549865e-02 1.095085470085470011e-02
0.000000000000000000e+00 4.580662393162392987e-01 7.024572649572649041e-01 9.081196581196581893e-03 2.403846153846153980e-02
0.000000000000000000e+00 4.492521367521367659e-01 7.108707264957264682e-01 9.259259259259258745e-03 2.964743589743589619e-02
0.000000000000000000e+00 5.588497150997151497e-01 2.190170940170940161e-01 5.876068376068376009e-03 5.876068376068376009e-03
