0.000000000000000000e+00 2.193732193732193803e-01 3.512286324786324798e-02 1.175213675213675202e-02 9.348290598290598039e-03
0.000000000000000000e+00 1.926638176638176547e-01 4.647435897435897578e-02 1.210826210826210746e-02 9.081196581196581893e-03
0.000000000000000000e+00 1.773504273504273587e-01 1.378205128205128305e-01 6.410256410256410034e-03 1.175213675213675202e-02
0.000000000000000000e+00 2.223112535612535579e-01 7.948717948717948234e-01 8.725071225071224720e-03 1.495726495726495790e-02
0.000000000000000000e+00 4.845975783475783283e-01 8.111645299145299193e-01 1.834045584045583890e-02 1.549145299145299193e-02
0.000000000000000000e+00 5.464743589743589203e-01 8.393429487179486781e-01 1.602564102564102422e-02 1.308760683760683795e-02
0.000000000000000000e+00 5.445156695156695426e-01 8.522970085470085166e-01 1.531339031339031334e-02 1.602564102564102422e-02
0.000000000000000000e+00 5.408653846153845812e-01 8.835470085470085166e-01 2.261396011396011457e-02 2.297008547008547175e-02
0.000000000000000000e+00 5.338319088319087857e-01 9.479166666666666297e-01 1.566951566951567051e-02 1.388888888888888812e-02
0.000000000000000000e+00 2.938034188034188143e-01 3.472222222222222029e-03 6.054131054131053728e-03 6.410256410256410034e-03
0.000000000000000000e+00 3.014601139601139623e-01 5.982905982905983161e-02 6.054131054131053728e-03 1.175213675213675202e-02
0.000000000000000000e+00 3.266559829059829112e-01 8.787393162393161705e-02 6.944444444444444059e-03 1.335470085470085409e-02
0.000000000000000000e+00 3.454415954415954171e-01 1.813568376068376009e-01 8.547008547008547868e-03 1.816239316239316379e-02
0.000000000000000000e+00 3.638710826210826421e-01 2.644230769230769273e-01 8.368945868945869282e-03 1.549145299145299193e-02
0.000000000000000000e+00 3.921830484330484090e-01 4.350961538461538547e-01 9.081196581196581893e-03 1.602564102564102422e-02
0.000000000000000000e+00 4.511217948717948789e-01 2.697649572649572780e-02 9.793447293447292770e-03 8.547008547008547868e-03
0.000000000000000000e+00 4.519230769230769273e-01 3.552350427350427220e-02 1.139601139601139658e-02 9.081196581196581893e-03
0.000000000000000000e+00 4.342058404558404305e-01 8.039529914529915111e-02 5.876068376068376009e-03 1.335470085470085409e-02
0.000000000000000000e+00 4.589565527065527228e-01 6.717414529914529642e-02 1.193019943019943060e-02 8.814102564102564014e-03
0.000000000000000000e+00 4.578881766381766583e-01 7.478632478632478431e-02 1.335470085470085409e-02 9.081196581196581893e-03
0.000000000000000000e+00 4.607371794871794601e-01 8.052884615384615918e-02 1.264245014245014322e-02 8.279914529914529989e-03
0.000000000000000000e+00 4.596688034188033956e-01 8.787393162393161705e-02 1.371082621082621127e-02 8.547008547008547868e-03
0.000000000000000000e+00 4.622507122507122368e-01 1.088408119658119677e-01 1.139601139601139658e-02 1.095085470085470011e-02
0.000000000000000000e+00 4.601139601139601076e-01 1.673344017094016978e-01 1.923076923076923184e-02 1.629273504273504383e-02
0.000000000000000000e+00 4.522792022792022637e-01 1.829594017094016978e-01 7.122507122507122646e-03 1.121794871794871799e-02
0.000000000000000000e+00 4.829950142450142314e-01 1.873664529914529919e-01 1.299857549857549865e-02 8.814102564102564014e-03
0.000000000000000000e+00 4.813034188034188143e-01 1.948450854700854717e-01 1.424501424501424529e-02 1.041666666666666609e-02
0.000000000000000000e+00 4.608262108262108359e-01 2.115384615384615363e-01 9.971509971509971357e-03 1.228632478632478604e-02
0.000000000000000000e+00 4.902065527065527228e-01 2.130074786324786251e-01 1.424501424501424529e-02 1.041666666666666609e-02
0.000000000000000000e+00 5.150462962962962798e-01 2.202190170940170888e-01 1.620370370370370280e-02 1.362179487179487197e-02
0.000000000000000000e+00 5.003561253561253919e-01 2.276976495726495686e-01 1.388888888888888812e-02 1.255341880341880392e-02
0.000000000000000000e+00 4.922542735042735318e-01 2.393162393162393264e-01 9.081196581196581893e-03 1.549145299145299193e-02
0.000000000000000000e+00 5.003561253561253919e-01 2.517361111111111049e-01 1.495726495726495790e-02 1.308760683760683795e-02
0.000000000000000000e+00 4.871794871794871695e-01 2.859241452991452825e-01 1.103988603988603941e-02 1.415598290598290600e-02
0.000000000000000000e+00 5.141559829059828557e-01 2.857905982905982745e-01 1.549145299145299193e-02 1.282051282051282007e-02
0.000000000000000000e+00 5.264423076923077094e-01 3.183760683760683552e-01 1.513532763532763475e-02 1.282051282051282007e-02
0.000000000000000000e+00 6.927528490028490582e-01 1.380876068376068466e-01 1.050569800569800538e-02 1.976495726495726413e-02
0.000000000000000000e+00 6.318554131054131551e-01 4.342948717948718063e-01 1.193019943019943060e-02 1.709401709401709574e-02
0.000000000000000000e+00 6.397792022792022637e-01 4.318910256410256610e-01 1.353276353276353268e-02 1.709401709401709574e-02
0.000000000000000000e+00 6.417378917378917524e-01 4.479166666666666852e-01 1.495726495726495790e-02 1.442307692307692388e-02
0.000000000000000000e+00 6.412927350427350959e-01 4.565972222222222099e-01 1.798433048433048520e-02 9.882478632478632063e-03
0.000000000000000000e+00 6.611467236467236663e-01 4.453792735042735318e-01 2.350427350427350404e-02 2.216880341880341984e-02
0.000000000000000000e+00 6.545584045584045274e-01 4.277510683760683552e-01 2.207977207977207881e-02 1.682692307692307612e-02
0.000000000000000000e+00 6.655982905982905651e-01 4.232104700854700807e-01 1.210826210826210746e-02 1.415598290598290600e-02
0.000000000000000000e+00 6.735220797720797847e-01 4.205395299145299193e-01 1.014957264957264994e-02 1.255341880341880392e-02
0.000000000000000000e+00 6.777065527065526673e-01 4.322916666666666852e-01 1.673789173789173856e-02 1.469017094017094002e-02
0.000000000000000000e+00 6.863425925925925597e-01 4.141292735042735318e-01 1.513532763532763475e-02 1.469017094017094002e-02
0.000000000000000000e+00 6.953347578347578439e-01 4.411057692307692180e-01 7.478632478632478951e-03 1.148504273504273587e-02
0.000000000000000000e+00 7.032585470085470636e-01 4.369658119658119677e-01 7.300569800569800365e-03 1.549145299145299193e-02
0.000000000000000000e+00 6.875890313390313757e-01 2.938034188034188005e-03 6.232193732193732315e-03 5.341880341880341984e-03
0.000000000000000000e+00 6.978276353276353650e-01 5.061431623931623991e-02 5.698005698005698290e-03 1.041666666666666609e-02
0.000000000000000000e+00 7.012998575498575748e-01 6.690705128205128027e-02 5.163817663817663398e-03 1.041666666666666609e-02
0.000000000000000000e+00 7.184829059829059839e-01 7.118055555555555247e-02 6.410256410256410034e-03 9.882478632478632063e-03
0.000000000000000000e+00 7.111823361823361722e-01 1.077724358974359031e-01 7.122507122507122646e-03 1.201923076923076990e-02
0.000000000000000000e+00 7.266737891737892197e-01 1.034989316239316171e-01 6.054131054131053728e-03 1.095085470085470011e-02
0.000000000000000000e+00 7.426994301994301884e-01 1.084401709401709435e-01 1.638176638176638139e-02 1.442307692307692388e-02
0.000000000000000000e+00 7.180377492877493273e-01 1.323450854700854717e-01 8.012820512820512109e-03 1.255341880341880392e-02
0.000000000000000000e+00 7.337962962962962798e-01 1.300747863247863345e-01 7.122507122507122646e-03 1.175213675213675202e-02
0.000000000000000000e+00 7.445690883190883014e-01 1.634615384615384637e-01 9.081196581196581893e-03 1.388888888888888812e-02
0.000000000000000000e+00 7.511574074074074403e-01 1.789529914529914556e-01 8.725071225071224720e-03 1.282051282051282007e-02
0.000000000000000000e+00 7.614850427350426942e-01 2.080662393162393264e-01 9.437321937321937332e-03 1.495726495726495790e-02
0.000000000000000000e+00 7.981659544159543929e-01 2.860576923076922906e-01 1.299857549857549865e-02 1.976495726495726413e-02
0.000000000000000000e+00 8.068910256410256610e-01 3.442841880341880323e-01 1.121794871794871799e-02 1.655982905982905998e-02
0.000000000000000000e+00 8.260327635327635587e-01 3.430822649572649596e-01 1.139601139601139658e-02 1.629273504273504383e-02
0.000000000000000000e+00 8.339565527065526673e-01 3.600427350427350404e-01 1.121794871794871799e-02 1.655982905982905998e-02
0.000000000000000000e+00 8.409009971509971981e-01 3.762019230769230727e-01 1.157407407407407343e-02 1.629273504273504383e-02
0.000000000000000000e+00 8.529202279202279247e-01 1.057692307692307682e-01 8.903133903133903307e-03 1.442307692307692388e-02
0.000000000000000000e+00 8.741096866096865758e-01 1.517094017094016978e-01 1.032763532763532680e-02 1.442307692307692388e-02
0.000000000000000000e+00 9.878027065527065220e-01 2.270299145299145213e-02 6.944444444444444059e-03 1.228632478632478604e-02
0.000000000000000000e+00 9.929665242165242045e-01 3.298611111111111188e-02 7.300569800569800365e-03 1.095085470085470011e-02
0.000000000000000000e+00 9.245904558404558493e-01 2.548076923076922906e-01 1.086182336182336255e-02 1.495726495726495790e-02
0.000000000000000000e+00 9.334045584045583821e-01 2.529380341880341776e-01 9.971509971509971357e-03 1.495726495726495790e-02
0.000000000000000000e+00 9.405270655270655533e-01 2.512019230769230727e-01 1.068376068376068397e-02 1.629273504273504383e-02
0.000000000000000000e+00 9.535256410256410797e-01 2.459935897435897301e-01 1.068376068376068397e-02 1.495726495726495790e-02
0.000000000000000000e+00 9.743589743589743390e-01 2.394497863247863345e-01 9.259259259259258745e-03 1.362179487179487197e-02
0.000000000000000000e+00 9.318910256410256610e-01 2.839209401709401615e-01 9.081196581196581893e-03 1.549145299145299193e-02
0.000000000000000000e+00 9.568198005698005382e-01 2.773771367521367659e-01 1.050569800569800538e-02 1.362179487179487197e-02
0.000000000000000000e+00 6.127136752136752573e-01 9.882478632478632896e-01 1.032763532763532680e-02 2.297008547008547175e-02
0.000000000000000000e+00 6.212606837606837740e-01 8.766025641025640969e-01 8.190883190883190695e-03 1.923076923076923184e-02
0.000000000000000000e+00 6.584757834757835049e-01 7.693643162393162260e-01 1.673789173789173856e-02 1.522435897435897405e-02
0.000000000000000000e+00 6.290064102564102422e-01 6.562500000000000000e-01 1.157407407407407343e-02 1.923076923076923184e-02
0.000000000000000000e+00 6.826923076923077094e-01 6.330128205128204844e-01 1.745014245014244944e-02 2.190170940170940023e-02
0.000000000000000000e+00 6.517984330484331013e-01 5.862713675213675479e-01 1.193019943019943060e-02 1.549145299145299193e-02
0.000000000000000000e+00 6.629273504273504036e-01 5.742521367521367104e-01 1.317663817663817724e-02 1.602564102564102422e-02
0.000000000000000000e+00 6.708511396011396233e-01 5.249732905982905651e-01 1.371082621082621127e-02 1.842948717948717993e-02
0.000000000000000000e+00 6.994301994301994618e-01 5.424679487179486781e-01 1.709401709401709574e-02 1.762820512820512803e-02
0.000000000000000000e+00 7.785790598290598385e-01 5.603632478632478708e-01 1.335470085470085409e-02 1.388888888888888812e-02
0.000000000000000000e+00 7.463497150997151497e-01 5.136217948717948234e-01 1.299857549857549865e-02 1.442307692307692388e-02
0.000000000000000000e+00 7.715455840455840431e-01 4.995993589743589758e-01 1.566951566951567051e-02 1.629273504273504383e-02
0.000000000000000000e+00 8.004807692307692735e-01 4.831730769230769273e-01 1.477920227920227932e-02 1.388888888888888812e-02
0.000000000000000000e+00 8.165954415954416179e-01 4.748931623931623713e-01 1.388888888888888812e-02 1.388888888888888812e-02
0.000000000000000000e+00 8.840811965811965489e-01 4.827724358974359031e-01 1.032763532763532680e-02 1.469017094017094002e-02
0.000000000000000000e+00 9.414173789173788665e-01 5.872061965811965489e-01 1.424501424501424529e-02 2.163461538461538408e-02
0.000000000000000000e+00 9.536146723646723444e-01 6.104433760683760646e-01 1.299857549857549865e-02 1.949786324786324798e-02
0.000000000000000000e+00 9.641203703703703498e-01 6.299412393162393542e-01 1.193019943019943060e-02 2.003205128205128374e-02
0.000000000000000000e+00 9.979522792022792466e-01 7.007211538461538547e-01 4.095441595441595348e-03 1.201923076923076990e-02
0.000000000000000000e+00 9.935007122507122368e-01 7.315705128205127750e-01 1.228632478632478604e-02 1.976495726495726413e-02
0.000000000000000000e+00 9.284188034188034511e-01 9.312232905982905651e-01 1.353276353276353268e-02 2.430555555555555594e-02
0.000000000000000000e+00 8.882656695156695426e-01 9.465811965811965489e-01 1.264245014245014322e-02 2.190170940170940023e-02
0.000000000000000000e+00 8.382300569800569257e-01 8.991720085470085166e-01 1.264245014245014322e-02 2.430555555555555594e-02
0.000000000000000000e+00 7.651353276353276556e-01 8.915598290598291120e-01 1.282051282051282007e-02 2.083333333333333218e-02
0.000000000000000000e+00 7.762642450142450690e-01 8.892895299145299193e-01 1.477920227920227932e-02 2.964743589743589619e-02
0.000000000000000000e+00 7.863247863247863068e-01 8.876869658119658224e-01 1.282051282051282007e-02 2.430555555555555594e-02
0.000000000000000000e+00 7.953169515669515910e-01 8.848824786324785974e-01 1.264245014245014322e-02 2.564102564102564014e-02
0.000000000000000000e+00 8.037749287749287319e-01 8.804754273504273865e-01 1.388888888888888812e-02 2.697649572649572780e-02
0.000000000000000000e+00 8.105413105413105113e-01 8.612446581196581130e-01 1.175213675213675202e-02 2.270299145299145213e-02
0.000000000000000000e+00 8.315527065527065220e-01 7.779113247863247427e-01 2.492877492877492926e-02 2.377136752136752018e-02
0.000000000000000000e+00 8.764245014245014564e-01 7.580128205128204844e-01 1.388888888888888812e-02 2.297008547008547175e-02
0.000000000000000000e+00 9.064280626780626404e-01 7.613514957264957417e-01 1.228632478632478604e-02 2.323717948717948789e-02
0.000000000000000000e+00 9.249465811965812412e-01 7.394497863247863068e-01 1.121794871794871799e-02 1.842948717948717993e-02
0.000000000000000000e+00 9.347400284900284628e-01 7.391826923076922906e-01 1.264245014245014322e-02 2.323717948717948789e-02
0.000000000000000000e+00 9.628739316239316448e-01 7.190170940170940161e-01 1.727207977207977085e-02 1.602564102564102422e-02
0.000000000000000000e+00 9.668803418803418870e-01 7.286324786324785974e-01 1.709401709401709574e-02 1.495726495726495790e-02
0.000000000000000000e+00 9.711538461538461453e-01 7.386485042735042583e-01 1.780626780626780661e-02 1.629273504273504383e-02
0.000000000000000000e+00 9.755163817663817794e-01 7.489316239316239354e-01 1.691595441595441715e-02 1.655982905982905998e-02
0.000000000000000000e+00 9.792556980056980054e-01 7.586805555555555802e-01 1.727207977207977085e-02 1.736111111111111188e-02
