0.000000000000000000e+00 7.834757834757835257e-03 8.293269230769230449e-02 7.478632478632478951e-03 1.095085470085470011e-02
0.000000000000000000e+00 3.267450142450142175e-02 8.707264957264956862e-02 6.944444444444444059e-03 1.014957264957264994e-02
0.000000000000000000e+00 4.006410256410256748e-02 8.787393162393161705e-02 7.478632478632478951e-03 1.121794871794871799e-02
0.000000000000000000e+00 4.798789173789173856e-02 8.880876068376068744e-02 7.300569800569800365e-03 1.148504273504273587e-02
0.000000000000000000e+00 2.421652421652421491e-02 1.354166666666666574e-01 9.971509971509971357e-03 8.547008547008547868e-03
0.000000000000000000e+00 2.777777777777777624e-02 1.586538461538461453e-01 8.903133903133903307e-03 1.388888888888888812e-02
0.000000000000000000e+00 1.041666666666666609e-02 1.778846153846153910e-01 1.193019943019943060e-02 9.081196581196581893e-03
0.000000000000000000e+00 1.388888888888888812e-02 1.866987179487179516e-01 7.478632478632478951e-03 8.012820512820512109e-03
0.000000000000000000e+00 4.184472934472934641e-02 1.920405982905983022e-01 1.353276353276353268e-02 9.081196581196581893e-03
0.000000000000000000e+00 3.570156695156695426e-02 1.992521367521367659e-01 1.264245014245014322e-02 7.478632478632478951e-03
0.000000000000000000e+00 7.033475783475783005e-02 9.161324786324785696e-02 6.410256410256410034e-03 1.175213675213675202e-02
0.000000000000000000e+00 8.297720797720797847e-02 9.147970085470084889e-02 6.766381766381766340e-03 1.041666666666666609e-02
0.000000000000000000e+00 9.446225071225071435e-02 9.147970085470084889e-02 7.300569800569800365e-03 1.148504273504273587e-02
0.000000000000000000e+00 1.083511396011395955e-01 1.101762820512820484e-01 1.264245014245014322e-02 8.279914529914529989e-03
0.000000000000000000e+00 1.574964387464387328e-01 9.722222222222222376e-02 6.588319088319088621e-03 1.175213675213675202e-02
0.000000000000000000e+00 1.668447293447293533e-01 9.869123931623931256e-02 7.122507122507122646e-03 1.308760683760683795e-02
0.000000000000000000e+00 1.804665242165242045e-01 9.869123931623931256e-02 6.232193732193732315e-03 1.148504273504273587e-02
0.000000000000000000e+00 2.120726495726495686e-01 9.989316239316239909e-02 6.410256410256410034e-03 1.175213675213675202e-02
0.000000000000000000e+00 1.969373219373219408e-01 1.279380341880341776e-01 6.410256410256410034e-03 1.388888888888888812e-02
0.000000000000000000e+00 2.052172364672364691e-01 1.260683760683760646e-01 6.588319088319088621e-03 1.282051282051282007e-02
0.000000000000000000e+00 2.014779202279202153e-01 1.371527777777777901e-01 6.232193732193732315e-03 1.148504273504273587e-02
0.000000000000000000e+00 1.854522792022791911e-01 1.952457264957264960e-01 1.193019943019943060e-02 8.012820512820512109e-03
0.000000000000000000e+00 2.402955840455840431e-01 9.975961538461539102e-02 5.519943019943019703e-03 1.148504273504273587e-02
0.000000000000000000e+00 2.480413105413105390e-01 1.005608974358974395e-01 5.698005698005698290e-03 1.148504273504273587e-02
0.000000000000000000e+00 2.642450142450142314e-01 1.002938034188034233e-01 5.341880341880341984e-03 1.095085470085470011e-02
0.000000000000000000e+00 1.956908831908831803e-01 5.208333333333333044e-03 5.341880341880341984e-03 6.143162393162393022e-03
0.000000000000000000e+00 2.217770655270655256e-01 7.077991452991452999e-03 5.876068376068376009e-03 9.882478632478632063e-03
0.000000000000000000e+00 2.645121082621082476e-01 1.482371794871794810e-02 6.232193732193732315e-03 7.745726495726495964e-03
0.000000000000000000e+00 3.024394586894587067e-01 4.674145299145299019e-03 9.081196581196581893e-03 7.745726495726495964e-03
0.000000000000000000e+00 3.008368945868946098e-01 1.575854700854700807e-02 8.725071225071224720e-03 7.478632478632478951e-03
0.000000000000000000e+00 2.971866096866097040e-01 3.178418803418803229e-02 9.971509971509971357e-03 8.012820512820512109e-03
0.000000000000000000e+00 2.970085470085470081e-01 3.779380341880341637e-02 9.615384615384615918e-03 8.279914529914529989e-03
0.000000000000000000e+00 2.951388888888888951e-01 4.300213675213675202e-02 9.793447293447292770e-03 6.944444444444444059e-03
0.000000000000000000e+00 2.940705128205128305e-01 4.927884615384615224e-02 9.081196581196581893e-03 8.279914529914529989e-03
0.000000000000000000e+00 2.923789173789173579e-01 5.715811965811965628e-02 1.780626780626780661e-02 1.655982905982905998e-02
0.000000000000000000e+00 2.897970085470085722e-01 7.171474358974358476e-02 9.437321937321937332e-03 7.745726495726495964e-03
0.000000000000000000e+00 2.893518518518518601e-01 8.319978632478632063e-02 1.210826210826210746e-02 8.814102564102564014e-03
0.000000000000000000e+00 2.876602564102563875e-01 1.013621794871794879e-01 6.232193732193732315e-03 1.308760683760683795e-02
0.000000000000000000e+00 3.140135327635327767e-01 2.239583333333333426e-01 1.228632478632478604e-02 9.348290598290598039e-03
0.000000000000000000e+00 3.581730769230769273e-01 2.202190170940170888e-01 5.163817663817663398e-03 1.041666666666666609e-02
0.000000000000000000e+00 3.515847578347578439e-01 1.020299145299145283e-01 5.519943019943019703e-03 1.228632478632478604e-02
0.000000000000000000e+00 3.633368945868946098e-01 1.006944444444444475e-01 5.519943019943019703e-03 1.175213675213675202e-02
0.000000000000000000e+00 3.836360398860398924e-01 9.468482905982905651e-02 5.519943019943019703e-03 1.362179487179487197e-02
0.000000000000000000e+00 4.545049857549857686e-01 8.239850427350427220e-02 5.876068376068376009e-03 1.362179487179487197e-02
0.000000000000000000e+00 4.610933048433048520e-01 8.560363247863247982e-02 5.163817663817663398e-03 9.882478632478632063e-03
0.000000000000000000e+00 4.441773504273504036e-01 1.025641025641025605e-01 9.081196581196581893e-03 8.012820512820512109e-03
0.000000000000000000e+00 4.802350427350427498e-01 1.565170940170940161e-01 4.273504273504273934e-03 7.478632478632478951e-03
0.000000000000000000e+00 5.037393162393162260e-01 1.473023504273504314e-01 8.547008547008547868e-03 8.814102564102564014e-03
0.000000000000000000e+00 5.327635327635327211e-01 8.106303418803419147e-02 4.985754985754985678e-03 9.882478632478632063e-03
0.000000000000000000e+00 5.329415954415954726e-01 9.214743589743590313e-02 5.341880341880341984e-03 1.121794871794871799e-02
0.000000000000000000e+00 6.936431623931623713e-01 1.562500000000000000e-02 4.807692307692307959e-03 9.348290598290598039e-03
0.000000000000000000e+00 6.941773504273504036e-01 2.670940170940170819e-02 4.451566951566951653e-03 1.121794871794871799e-02
0.000000000000000000e+00 6.983618233618233972e-01 9.174679487179486503e-02 5.698005698005698290e-03 1.362179487179487197e-02
0.000000000000000000e+00 7.066417378917378977e-01 1.048344017094017117e-01 6.588319088319088621e-03 8.279914529914529989e-03
0.000000000000000000e+00 6.964031339031339085e-01 1.419604700854700807e-01 6.766381766381766340e-03 1.308760683760683795e-02
0.000000000000000000e+00 6.880341880341880323e-01 2.252938034188034233e-01 7.478632478632478951e-03 1.789529914529914417e-02
0.000000000000000000e+00 6.208155270655271174e-01 2.856570512820512664e-01 6.944444444444444059e-03 9.882478632478632063e-03
0.000000000000000000e+00 5.475427350427350959e-01 5.555555555555555802e-01 1.139601139601139658e-02 1.068376068376068397e-02
0.000000000000000000e+00 5.486111111111111605e-01 5.709134615384615641e-01 1.353276353276353268e-02 6.677350427350427046e-03
0.000000000000000000e+00 5.511930199430199462e-01 5.803952991452991927e-01 1.940883190883191042e-02 1.602564102564102422e-02
0.000000000000000000e+00 5.524394586894586512e-01 5.992254273504273865e-01 1.157407407407407343e-02 9.882478632478632063e-03
0.000000000000000000e+00 5.579594017094017255e-01 7.584134615384615641e-01 1.299857549857549865e-02 1.095085470085470011e-02
0.000000000000000000e+00 6.307870370370370905e-01 9.461805555555555802e-01 1.584757834757834910e-02 1.362179487179487197e-02
0.000000000000000000e+00 6.331908831908832358e-01 9.703525641025640969e-01 1.246438746438746463e-02 1.282051282051282007e-02
0.000000000000000000e+00 7.798254985754985436e-01 3.948985042735042583e-01 8.368945868945869282e-03 1.415598290598290600e-02
0.000000000000000000e+00 7.867699430199430743e-01 3.932959401709401615e-01 8.012820512820512109e-03 1.255341880341880392e-02
0.000000000000000000e+00 7.939814814814815103e-01 3.923611111111111049e-01 8.547008547008547868e-03 1.388888888888888812e-02
0.000000000000000000e+00 8.009259259259259300e-01 3.908920940170940161e-01 8.903133903133903307e-03 1.522435897435897405e-02
0.000000000000000000e+00 8.146367521367521292e-01 3.895566239316239354e-01 7.834757834757835257e-03 1.255341880341880392e-02
0.000000000000000000e+00 9.931445868945868449e-01 3.513621794871794601e-01 6.588319088319088621e-03 6.677350427350427046e-03
0.000000000000000000e+00 8.685007122507122368e-01 4.467147435897436125e-01 1.157407407407407343e-02 1.041666666666666609e-02
0.000000000000000000e+00 8.830128205128204844e-01 4.810363247863247982e-01 1.424501424501424529e-02 1.014957264957264994e-02
0.000000000000000000e+00 8.842592592592593004e-01 4.903846153846153633e-01 1.353276353276353268e-02 1.014957264957264994e-02
0.000000000000000000e+00 8.865740740740740700e-01 4.981303418803418870e-01 1.317663817663817724e-02 1.014957264957264994e-02
0.000000000000000000e+00 8.892450142450142314e-01 5.061431623931623713e-01 1.317663817663817724e-02 9.081196581196581893e-03
0.000000000000000000e+00 8.969017094017094349e-01 4.791666666666666852e-01 8.547008547008547868e-03 1.014957264957264994e-02
0.000000000000000000e+00 9.269943019943019946e-01 4.723557692307692180e-01 1.388888888888888812e-02 9.348290598290598039e-03
0.000000000000000000e+00 9.283297720797720753e-01 4.807692307692307820e-01 1.584757834757834910e-02 1.014957264957264994e-02
0.000000000000000000e+00 9.299323361823361722e-01 4.881143162393162260e-01 1.299857549857549865e-02 1.095085470085470011e-02
0.000000000000000000e+00 9.319800569800569257e-01 4.967948717948718063e-01 1.210826210826210746e-02 1.014957264957264994e-02
