0.000000000000000000e+00 2.813390313390313341e-02 6.263354700854700807e-02 6.766381766381766340e-03 8.279914529914529989e-03
0.000000000000000000e+00 3.979700854700854440e-02 6.316773504273504036e-02 1.371082621082621127e-02 8.814102564102564014e-03
0.000000000000000000e+00 4.220085470085470358e-02 8.092948717948718340e-02 7.122507122507122646e-03 1.068376068376068397e-02
0.000000000000000000e+00 8.119658119658119955e-02 1.989850427350427220e-02 7.478632478632478951e-03 1.095085470085470011e-02
0.000000000000000000e+00 1.087072649572649596e-01 2.123397435897435986e-02 7.656695156695156670e-03 1.362179487179487197e-02
0.000000000000000000e+00 1.745904558404558493e-01 4.019764957264957556e-02 1.228632478632478604e-02 1.041666666666666609e-02
0.000000000000000000e+00 1.798433048433048520e-02 1.411591880341880323e-01 1.495726495726495790e-02 9.348290598290598039e-03
0.000000000000000000e+00 1.842948717948717993e-02 1.630608974358974395e-01 1.299857549857549865e-02 9.348290598290598039e-03
0.000000000000000000e+00 1.745014245014244944e-02 1.756143162393162260e-01 1.388888888888888812e-02 9.882478632478632063e-03
0.000000000000000000e+00 3.294159544159544310e-03 2.479967948717948789e-01 6.232193732193732315e-03 1.148504273504273587e-02
0.000000000000000000e+00 8.529202279202278969e-02 1.470352564102564152e-01 6.766381766381766340e-03 1.201923076923076990e-02
0.000000000000000000e+00 9.330484330484330180e-02 1.459668803418803507e-01 7.478632478632478951e-03 1.095085470085470011e-02
0.000000000000000000e+00 1.493945868945869004e-01 1.439636752136752018e-01 6.054131054131053728e-03 1.442307692307692388e-02
0.000000000000000000e+00 1.642628205128205121e-01 1.567841880341880323e-01 1.121794871794871799e-02 9.081196581196581893e-03
0.000000000000000000e+00 1.611467236467236386e-01 2.028579059829059839e-01 6.766381766381766340e-03 1.415598290598290600e-02
0.000000000000000000e+00 2.896189458689458762e-01 1.824252136752136655e-01 1.371082621082621127e-02 1.121794871794871799e-02
0.000000000000000000e+00 2.770655270655270619e-01 2.110042735042735040e-01 8.547008547008547868e-03 1.335470085470085409e-02
0.000000000000000000e+00 2.921118233618233417e-01 2.116720085470085444e-01 5.876068376068376009e-03 1.469017094017094002e-02
0.000000000000000000e+00 2.997685185185185452e-01 2.123397435897435848e-01 6.232193732193732315e-03 1.549145299145299193e-02
0.000000000000000000e+00 9.882478632478632063e-02 3.545673076923077094e-01 9.259259259259258745e-03 1.736111111111111188e-02
0.000000000000000000e+00 5.706908831908832219e-02 5.523504273504273865e-01 1.157407407407407343e-02 2.029914529914529989e-02
0.000000000000000000e+00 6.659544159544159014e-02 5.583600427350426942e-01 1.068376068376068397e-02 1.896367521367521222e-02
0.000000000000000000e+00 8.368945868945869282e-02 6.766826923076922906e-01 1.745014245014244944e-02 1.362179487179487197e-02
0.000000000000000000e+00 1.275819088319088412e-01 7.190170940170940161e-01 1.620370370370370280e-02 1.549145299145299193e-02
0.000000000000000000e+00 1.284722222222222099e-01 7.309027777777777901e-01 1.798433048433048520e-02 1.736111111111111188e-02
0.000000000000000000e+00 1.287393162393162260e-01 7.536057692307692735e-01 1.745014245014244944e-02 1.629273504273504383e-02
0.000000000000000000e+00 1.297186609686609704e-01 8.201121794871795156e-01 1.549145299145299193e-02 1.469017094017094002e-02
0.000000000000000000e+00 2.501780626780626682e-02 8.392094017094017255e-01 1.905270655270655325e-02 1.655982905982905998e-02
0.000000000000000000e+00 1.469017094017094002e-02 8.193108974358974672e-01 7.300569800569800365e-03 8.814102564102564014e-03
0.000000000000000000e+00 1.995192307692307820e-01 8.822115384615384359e-01 1.905270655270655325e-02 1.816239316239316379e-02
0.000000000000000000e+00 2.863247863247863068e-01 8.364049145299145005e-01 1.531339031339031334e-02 1.415598290598290600e-02
0.000000000000000000e+00 2.743945868945869004e-01 6.547809829059828557e-01 1.531339031339031334e-02 1.308760683760683795e-02
0.000000000000000000e+00 3.459757834757834494e-01 6.734775641025640969e-01 8.190883190883190695e-03 1.736111111111111188e-02
0.000000000000000000e+00 3.301282051282051211e-01 8.165064102564102422e-01 8.547008547008547868e-03 1.923076923076923184e-02
0.000000000000000000e+00 3.493589743589743390e-01 8.091613247863247427e-01 9.615384615384615918e-03 2.537393162393162399e-02
0.000000000000000000e+00 9.868233618233618332e-01 6.944444444444444059e-03 1.246438746438746463e-02 1.228632478632478604e-02
0.000000000000000000e+00 9.672364672364672789e-01 4.220085470085470358e-02 1.282051282051282007e-02 9.081196581196581893e-03
0.000000000000000000e+00 8.497150997150997309e-01 5.809294871794871973e-02 8.190883190883190695e-03 1.469017094017094002e-02
0.000000000000000000e+00 8.551460113960114295e-01 7.371794871794871973e-02 8.012820512820512109e-03 1.175213675213675202e-02
0.000000000000000000e+00 8.699252136752136932e-01 1.209935897435897439e-01 8.012820512820512109e-03 1.442307692307692388e-02
0.000000000000000000e+00 9.055377492877493273e-01 2.918002136752136932e-01 8.725071225071224720e-03 1.575854700854700807e-02
0.000000000000000000e+00 9.155092592592593004e-01 3.287927350427350404e-01 9.793447293447292770e-03 1.923076923076923184e-02
