0.000000000000000000e+00 5.546652421652421838e-02 2.029914529914529989e-02 1.157407407407407343e-02 9.615384615384615918e-03
0.000000000000000000e+00 1.371082621082621127e-02 1.036324786324786390e-01 1.068376068376068397e-02 1.335470085470085409e-02
0.000000000000000000e+00 3.409900284900285045e-02 1.311431623931623991e-01 1.014957264957264994e-02 1.335470085470085409e-02
0.000000000000000000e+00 1.317663817663817724e-02 1.426282051282051211e-01 7.834757834757835257e-03 1.175213675213675202e-02
0.000000000000000000e+00 6.579415954415954171e-02 1.784188034188034233e-01 9.793447293447292770e-03 1.495726495726495790e-02
0.000000000000000000e+00 7.345085470085470358e-02 2.478632478632478708e-01 9.793447293447292770e-03 1.549145299145299193e-02
0.000000000000000000e+00 1.030092592592592587e-01 3.087606837606837740e-01 9.081196581196581893e-03 1.495726495726495790e-02
0.000000000000000000e+00 1.291844729344729381e-01 3.636485042735042583e-01 1.193019943019943060e-02 2.216880341880341984e-02
0.000000000000000000e+00 1.408475783475783560e-01 4.274839743589743390e-01 5.341880341880341984e-03 1.469017094017094002e-02
0.000000000000000000e+00 1.444088319088319139e-01 5.160256410256410797e-01 5.698005698005698290e-03 1.976495726495726413e-02
0.000000000000000000e+00 1.454772079772079785e-01 5.629006410256410797e-01 6.054131054131053728e-03 1.736111111111111188e-02
0.000000000000000000e+00 1.451210826210826144e-01 5.807959401709401615e-01 6.410256410256410034e-03 1.842948717948717993e-02
0.000000000000000000e+00 1.489494301994301884e-01 7.677617521367521292e-01 7.300569800569800365e-03 1.736111111111111188e-02
0.000000000000000000e+00 1.466346153846153910e-01 7.919337606837606458e-01 6.232193732193732315e-03 2.831196581196581200e-02
0.000000000000000000e+00 1.480591168091168197e-01 8.321314102564102422e-01 6.588319088319088621e-03 1.469017094017094002e-02
0.000000000000000000e+00 1.256232193732193803e-01 8.563034188034187588e-01 8.725071225071224720e-03 1.709401709401709574e-02
0.000000000000000000e+00 1.503739316239316171e-01 8.987713675213675479e-01 7.656695156695156670e-03 1.976495726495726413e-02
0.000000000000000000e+00 1.514423076923076816e-01 9.317574786324785974e-01 8.725071225071224720e-03 2.163461538461538408e-02
0.000000000000000000e+00 1.526887464387464421e-01 9.608707264957264682e-01 1.014957264957264994e-02 2.483974358974358823e-02
0.000000000000000000e+00 2.880163817663817794e-01 1.442307692307692180e-01 5.519943019943019703e-03 1.121794871794871799e-02
0.000000000000000000e+00 2.727029914529914278e-01 2.106036324786324798e-01 1.335470085470085409e-02 1.148504273504273587e-02
0.000000000000000000e+00 4.264601139601139623e-01 1.270032051282051211e-01 7.834757834757835257e-03 1.575854700854700807e-02
0.000000000000000000e+00 4.140847578347578439e-01 2.219551282051281937e-01 1.121794871794871799e-02 9.615384615384615918e-03
0.000000000000000000e+00 4.477386039886039892e-01 2.146100427350427220e-01 1.264245014245014322e-02 1.201923076923076990e-02
0.000000000000000000e+00 2.994123931623931534e-01 2.928685897435897578e-01 1.264245014245014322e-02 9.348290598290598039e-03
0.000000000000000000e+00 2.979878917378917524e-01 3.302617521367521292e-01 5.163817663817663398e-03 8.814102564102564014e-03
0.000000000000000000e+00 4.177350427350427498e-01 3.186431623931623713e-01 1.246438746438746463e-02 1.014957264957264994e-02
0.000000000000000000e+00 2.979878917378917524e-01 4.177350427350427498e-01 5.519943019943019703e-03 1.602564102564102422e-02
0.000000000000000000e+00 2.987001424501424252e-01 4.353632478632478708e-01 6.232193732193732315e-03 1.655982905982905998e-02
0.000000000000000000e+00 3.004807692307692180e-01 4.568643162393162260e-01 6.232193732193732315e-03 1.362179487179487197e-02
0.000000000000000000e+00 3.171296296296296502e-01 5.080128205128204844e-01 6.766381766381766340e-03 1.549145299145299193e-02
0.000000000000000000e+00 2.865028490028490027e-01 5.057425213675214026e-01 1.388888888888888812e-02 1.148504273504273587e-02
0.000000000000000000e+00 2.869480056980057148e-01 5.219017094017094349e-01 1.335470085470085409e-02 1.014957264957264994e-02
0.000000000000000000e+00 2.890847578347578439e-01 5.307158119658119677e-01 1.157407407407407343e-02 9.081196581196581893e-03
0.000000000000000000e+00 2.907763532763532610e-01 5.408653846153845812e-01 1.175213675213675202e-02 1.175213675213675202e-02
0.000000000000000000e+00 2.914886039886039892e-01 5.511485042735042583e-01 1.103988603988603941e-02 1.041666666666666609e-02
0.000000000000000000e+00 4.318019943019942852e-01 6.510416666666666297e-01 9.971509971509971357e-03 9.348290598290598039e-03
0.000000000000000000e+00 4.336716524216523982e-01 6.607905982905982745e-01 1.371082621082621127e-02 1.175213675213675202e-02
0.000000000000000000e+00 4.149750712250712126e-01 6.776175213675214026e-01 8.725071225071224720e-03 1.923076923076923184e-02
0.000000000000000000e+00 4.251246438746438816e-01 6.785523504273504036e-01 9.081196581196581893e-03 2.163461538461538408e-02
0.000000000000000000e+00 4.339387464387464144e-01 6.766826923076922906e-01 8.547008547008547868e-03 2.163461538461538408e-02
0.000000000000000000e+00 4.428418803418803229e-01 6.770833333333333703e-01 8.190883190883190695e-03 1.655982905982905998e-02
0.000000000000000000e+00 4.126602564102563875e-01 7.260950854700854995e-01 7.300569800569800365e-03 1.949786324786324798e-02
0.000000000000000000e+00 4.397257834757834494e-01 7.220886752136752573e-01 9.437321937321937332e-03 2.216880341880341984e-02
0.000000000000000000e+00 4.232549857549857686e-01 7.439903846153845812e-01 8.903133903133903307e-03 1.949786324786324798e-02
0.000000000000000000e+00 4.341168091168091103e-01 7.442574786324785974e-01 8.190883190883190695e-03 1.949786324786324798e-02
0.000000000000000000e+00 4.427528490028490027e-01 7.413194444444444198e-01 8.368945868945869282e-03 1.629273504273504383e-02
0.000000000000000000e+00 4.512108262108261991e-01 7.391826923076922906e-01 9.259259259259258745e-03 1.736111111111111188e-02
0.000000000000000000e+00 3.827457264957264682e-01 7.556089743589743390e-01 8.725071225071224720e-03 1.923076923076923184e-02
0.000000000000000000e+00 3.402777777777777901e-01 8.177083333333333703e-01 8.190883190883190695e-03 2.003205128205128374e-02
0.000000000000000000e+00 3.410790598290598385e-01 8.406784188034187588e-01 8.725071225071224720e-03 2.056623931623931603e-02
0.000000000000000000e+00 3.448183760683760646e-01 8.687232905982905651e-01 8.725071225071224720e-03 2.110042735042735179e-02
0.000000000000000000e+00 3.073361823361823175e-01 8.285256410256410797e-01 1.424501424501424529e-02 1.388888888888888812e-02
0.000000000000000000e+00 3.074252136752136932e-01 8.521634615384615641e-01 1.798433048433048520e-02 1.362179487179487197e-02
0.000000000000000000e+00 3.079594017094017255e-01 8.644497863247863068e-01 1.727207977207977085e-02 1.308760683760683795e-02
0.000000000000000000e+00 3.077813390313390296e-01 8.767361111111111605e-01 1.442307692307692388e-02 1.362179487179487197e-02
0.000000000000000000e+00 3.099180911680911588e-01 8.892895299145299193e-01 1.762820512820512803e-02 1.362179487179487197e-02
0.000000000000000000e+00 4.981303418803418870e-01 3.199786324786324521e-01 1.406695156695156670e-02 1.014957264957264994e-02
0.000000000000000000e+00 5.223468660968660915e-01 3.258547008547008628e-01 6.232193732193732315e-03 9.615384615384615918e-03
0.000000000000000000e+00 4.973290598290598385e-01 3.302617521367521292e-01 1.317663817663817724e-02 1.041666666666666609e-02
0.000000000000000000e+00 4.980413105413105668e-01 3.390758547008547175e-01 1.246438746438746463e-02 1.148504273504273587e-02
0.000000000000000000e+00 5.028490028490028019e-01 3.621794871794871695e-01 1.353276353276353268e-02 1.228632478632478604e-02
0.000000000000000000e+00 5.029380341880341776e-01 3.704594017094017255e-01 1.513532763532763475e-02 1.228632478632478604e-02
0.000000000000000000e+00 5.022257834757835049e-01 3.792735042735042583e-01 7.656695156695156670e-03 8.547008547008547868e-03
0.000000000000000000e+00 5.170049857549857686e-01 4.702190170940170888e-01 7.656695156695156670e-03 1.682692307692307612e-02
0.000000000000000000e+00 5.262642450142450690e-01 4.691506410256410242e-01 6.588319088319088621e-03 1.522435897435897405e-02
0.000000000000000000e+00 5.460292022792022637e-01 5.245726495726495964e-01 1.299857549857549865e-02 1.175213675213675202e-02
0.000000000000000000e+00 5.483440170940171443e-01 5.345886752136752573e-01 1.335470085470085409e-02 1.308760683760683795e-02
0.000000000000000000e+00 5.513710826210825866e-01 5.451388888888888395e-01 1.371082621082621127e-02 1.282051282051282007e-02
0.000000000000000000e+00 5.809294871794872250e-01 1.347489316239316171e-01 7.300569800569800365e-03 1.415598290598290600e-02
0.000000000000000000e+00 5.750534188034187588e-01 1.362179487179487059e-01 8.012820512820512109e-03 1.335470085470085409e-02
0.000000000000000000e+00 5.227920227920227481e-01 1.822916666666666574e-01 1.210826210826210746e-02 1.095085470085470011e-02
0.000000000000000000e+00 5.470085470085470636e-01 1.700053418803418870e-01 9.259259259259258745e-03 1.469017094017094002e-02
0.000000000000000000e+00 5.536858974358974672e-01 1.680021367521367659e-01 7.656695156695156670e-03 1.335470085470085409e-02
0.000000000000000000e+00 5.682870370370370905e-01 1.662660256410256332e-01 9.081196581196581893e-03 1.415598290598290600e-02
0.000000000000000000e+00 6.152955840455840431e-01 2.298344017094016978e-01 1.050569800569800538e-02 9.348290598290598039e-03
0.000000000000000000e+00 6.176994301994301884e-01 2.367788461538461453e-01 1.068376068376068397e-02 1.095085470085470011e-02
0.000000000000000000e+00 6.469017094017094349e-01 3.338675213675213471e-01 1.495726495726495790e-02 1.121794871794871799e-02
0.000000000000000000e+00 6.499287749287748772e-01 3.421474358974359031e-01 1.388888888888888812e-02 1.068376068376068397e-02
0.000000000000000000e+00 6.561609686609686243e-01 3.647168803418803229e-01 1.210826210826210746e-02 1.095085470085470011e-02
0.000000000000000000e+00 6.590990028490028019e-01 3.745993589743589758e-01 1.371082621082621127e-02 1.201923076923076990e-02
0.000000000000000000e+00 6.628383190883191389e-01 3.863514957264957417e-01 1.406695156695156670e-02 1.255341880341880392e-02
0.000000000000000000e+00 6.680911680911680861e-01 3.973023504273504036e-01 1.460113960113960073e-02 1.415598290598290600e-02
0.000000000000000000e+00 6.397792022792022637e-01 3.971688034188033956e-01 9.971509971509971357e-03 1.816239316239316379e-02
0.000000000000000000e+00 6.258012820512820484e-01 4.001068376068376287e-01 1.157407407407407343e-02 1.709401709401709574e-02
0.000000000000000000e+00 6.252670940170940161e-01 4.358974358974359031e-01 9.793447293447292770e-03 1.549145299145299193e-02
0.000000000000000000e+00 6.328347578347578439e-01 4.332264957264957417e-01 9.615384615384615918e-03 1.495726495726495790e-02
0.000000000000000000e+00 6.409366096866097040e-01 4.310897435897436125e-01 9.081196581196581893e-03 1.655982905982905998e-02
0.000000000000000000e+00 6.490384615384615641e-01 4.270833333333333148e-01 8.903133903133903307e-03 1.602564102564102422e-02
0.000000000000000000e+00 6.752136752136752573e-01 4.330929487179487336e-01 1.210826210826210746e-02 1.201923076923076990e-02
0.000000000000000000e+00 6.391559829059828557e-01 4.479166666666666852e-01 1.050569800569800538e-02 1.602564102564102422e-02
0.000000000000000000e+00 6.469017094017094349e-01 4.464476495726495964e-01 9.971509971509971357e-03 1.629273504273504383e-02
0.000000000000000000e+00 6.708511396011396233e-01 5.072115384615384359e-01 1.014957264957264994e-02 1.282051282051282007e-02
0.000000000000000000e+00 7.029024216524216717e-01 5.586271367521367104e-01 1.157407407407407343e-02 2.377136752136752018e-02
0.000000000000000000e+00 7.409188034188034511e-01 5.097489316239316448e-01 9.259259259259258745e-03 1.736111111111111188e-02
0.000000000000000000e+00 7.283653846153845812e-01 1.602564102564102422e-02 1.228632478632478604e-02 1.976495726495726413e-02
0.000000000000000000e+00 6.482371794871795156e-01 9.041132478632478431e-02 1.157407407407407343e-02 1.308760683760683795e-02
0.000000000000000000e+00 7.546296296296296502e-01 2.451923076923076816e-01 7.478632478632478951e-03 1.388888888888888812e-02
0.000000000000000000e+00 7.877492877492877632e-01 3.721955128205128305e-01 9.615384615384615918e-03 1.736111111111111188e-02
0.000000000000000000e+00 8.025284900284900269e-01 4.229433760683760646e-01 8.903133903133903307e-03 1.575854700854700807e-02
0.000000000000000000e+00 7.493767806267805920e-01 5.084134615384615641e-01 8.368945868945869282e-03 1.682692307692307612e-02
0.000000000000000000e+00 7.750178062678062529e-01 6.227297008547008073e-01 1.121794871794871799e-02 1.255341880341880392e-02
0.000000000000000000e+00 7.787571225071224790e-01 6.323450854700854995e-01 1.335470085470085409e-02 1.201923076923076990e-02
0.000000000000000000e+00 7.880163817663817794e-01 6.646634615384615641e-01 1.228632478632478604e-02 1.201923076923076990e-02
0.000000000000000000e+00 7.952279202279202153e-01 6.880341880341880323e-01 1.068376068376068397e-02 1.228632478632478604e-02
0.000000000000000000e+00 8.035968660968660915e-01 7.139423076923077094e-01 1.353276353276353268e-02 1.175213675213675202e-02
0.000000000000000000e+00 8.043091168091167642e-01 7.339743589743589203e-01 6.766381766381766340e-03 1.121794871794871799e-02
0.000000000000000000e+00 8.129451566951566566e-01 7.470619658119658224e-01 1.442307692307692388e-02 1.228632478632478604e-02
0.000000000000000000e+00 8.139245014245014564e-01 7.584134615384615641e-01 1.566951566951567051e-02 1.415598290598290600e-02
0.000000000000000000e+00 8.156160968660968180e-01 7.709668803418803229e-01 1.121794871794871799e-02 1.362179487179487197e-02
0.000000000000000000e+00 8.231837606837606458e-01 7.817841880341880323e-01 1.745014245014244944e-02 1.442307692307692388e-02
0.000000000000000000e+00 9.034009971509971981e-01 6.917735042735043138e-02 7.300569800569800365e-03 1.495726495726495790e-02
0.000000000000000000e+00 9.123931623931623713e-01 7.879273504273504036e-02 1.923076923076923184e-02 1.335470085470085409e-02
0.000000000000000000e+00 9.300213675213675479e-01 8.039529914529915111e-02 1.709401709401709574e-02 1.335470085470085409e-02
0.000000000000000000e+00 9.472934472934473327e-01 8.199786324786324798e-02 1.780626780626780661e-02 1.228632478632478604e-02
0.000000000000000000e+00 9.606481481481481399e-01 8.600427350427350404e-02 9.615384615384615918e-03 1.495726495726495790e-02
0.000000000000000000e+00 8.612891737891738009e-01 1.581196581196581130e-01 1.103988603988603941e-02 6.410256410256410034e-03
0.000000000000000000e+00 9.965277777777777901e-01 1.551816239316239354e-01 6.944444444444444059e-03 1.388888888888888812e-02
0.000000000000000000e+00 9.181801994301994618e-01 1.682692307692307820e-01 1.371082621082621127e-02 1.121794871794871799e-02
0.000000000000000000e+00 9.211182336182336394e-01 1.597222222222222099e-01 0.000000000000000000e+00 0.000000000000000000e+00
0.000000000000000000e+00 9.269943019943019946e-01 1.637286324786324798e-01 1.175213675213675202e-02 8.547008547008547868e-03
0.000000000000000000e+00 9.343839031339031820e-01 1.693376068376068466e-01 5.163817663817663398e-03 8.012820512820512109e-03
0.000000000000000000e+00 9.421296296296296502e-01 1.651976495726495686e-01 1.424501424501424529e-02 9.882478632478632063e-03
0.000000000000000000e+00 9.596688034188034511e-01 1.662660256410256332e-01 1.157407407407407343e-02 9.882478632478632063e-03
0.000000000000000000e+00 9.755163817663817794e-01 1.673344017094016978e-01 1.228632478632478604e-02 9.348290598290598039e-03
0.000000000000000000e+00 8.428596866096865758e-01 2.342414529914529919e-01 8.012820512820512109e-03 1.388888888888888812e-02
0.000000000000000000e+00 8.351139601139601076e-01 2.717681623931623713e-01 7.834757834757835257e-03 1.148504273504273587e-02
0.000000000000000000e+00 8.651175213675214026e-01 3.020833333333333148e-01 1.050569800569800538e-02 2.510683760683760785e-02
0.000000000000000000e+00 9.626958689458688934e-01 4.631410256410256610e-01 1.940883190883191042e-02 1.388888888888888812e-02
0.000000000000000000e+00 8.262998575498575748e-01 5.162927350427350959e-01 1.014957264957264994e-02 2.083333333333333218e-02
0.000000000000000000e+00 8.327991452991453381e-01 5.403311965811965489e-01 8.547008547008547868e-03 1.549145299145299193e-02
0.000000000000000000e+00 8.425925925925925597e-01 5.741185897435897578e-01 9.615384615384615918e-03 1.629273504273504383e-02
0.000000000000000000e+00 9.585113960113960108e-01 7.951388888888888395e-01 1.958689458689458554e-02 1.709401709401709574e-02
