0.000000000000000000e+00 1.567841880341880323e-01 1.095085470085470011e-02 6.944444444444444059e-03 1.121794871794871799e-02
0.000000000000000000e+00 1.800213675213675202e-01 5.141559829059828834e-02 9.971509971509971357e-03 1.682692307692307612e-02
0.000000000000000000e+00 1.919515669515669543e-01 9.802350427350427220e-02 7.122507122507122646e-03 1.388888888888888812e-02
0.000000000000000000e+00 1.962250712250712126e-01 1.618589743589743668e-01 5.341880341880341984e-03 1.495726495726495790e-02
0.000000000000000000e+00 1.980056980056980054e-01 1.945779914529914556e-01 5.341880341880341984e-03 1.415598290598290600e-02
0.000000000000000000e+00 1.983618233618233695e-01 2.077991452991453103e-01 4.985754985754985678e-03 1.388888888888888812e-02
0.000000000000000000e+00 2.025462962962963076e-01 3.064903846153846367e-01 5.876068376068376009e-03 1.201923076923076990e-02
0.000000000000000000e+00 2.046830484330484368e-01 3.385416666666666852e-01 5.876068376068376009e-03 1.201923076923076990e-02
0.000000000000000000e+00 2.040598290598290565e-01 3.567040598290598385e-01 6.766381766381766340e-03 2.110042735042735179e-02
0.000000000000000000e+00 2.050391737891738009e-01 3.791399572649572502e-01 6.588319088319088621e-03 1.949786324786324798e-02
0.000000000000000000e+00 2.086894586894586789e-01 4.282852564102563875e-01 6.410256410256410034e-03 1.469017094017094002e-02
0.000000000000000000e+00 2.099358974358974395e-01 4.501869658119658224e-01 7.122507122507122646e-03 1.682692307692307612e-02
0.000000000000000000e+00 2.108262108262108359e-01 4.700854700854700807e-01 7.834757834757835257e-03 1.709401709401709574e-02
0.000000000000000000e+00 2.038817663817663745e-02 4.903846153846153633e-01 1.691595441595441715e-02 1.282051282051282007e-02
0.000000000000000000e+00 1.317663817663817794e-01 5.121527777777777901e-01 1.851851851851851749e-02 1.736111111111111188e-02
0.000000000000000000e+00 1.501068376068376009e-01 5.180288461538461453e-01 1.531339031339031334e-02 1.201923076923076990e-02
0.000000000000000000e+00 1.238425925925925875e-01 5.755876068376067911e-01 1.086182336182336255e-02 1.709401709401709574e-02
0.000000000000000000e+00 1.881232193732193803e-01 6.024305555555555802e-01 1.264245014245014322e-02 1.148504273504273587e-02
0.000000000000000000e+00 1.943554131054130996e-01 6.151175213675214026e-01 1.406695156695156670e-02 1.228632478632478604e-02
0.000000000000000000e+00 5.217236467236466974e-02 8.430822649572649041e-01 1.780626780626780661e-02 1.896367521367521222e-02
0.000000000000000000e+00 3.238960113960113740e-01 2.871260683760683621e-02 6.410256410256410034e-03 8.814102564102564014e-03
0.000000000000000000e+00 3.246082621082621023e-01 9.188034188034188698e-02 5.698005698005698290e-03 1.282051282051282007e-02
0.000000000000000000e+00 3.258547008547008628e-01 1.051014957264957278e-01 5.341880341880341984e-03 1.308760683760683795e-02
0.000000000000000000e+00 3.277243589743589758e-01 1.203258547008547036e-01 4.807692307692307959e-03 9.882478632478632063e-03
0.000000000000000000e+00 3.161502849002849058e-01 1.551816239316239354e-01 1.193019943019943060e-02 8.547008547008547868e-03
0.000000000000000000e+00 3.195334757834757955e-01 1.665331196581196493e-01 5.876068376068376009e-03 7.745726495726495964e-03
0.000000000000000000e+00 3.187321937321937471e-01 1.733440170940170888e-01 9.615384615384615918e-03 8.547008547008547868e-03
0.000000000000000000e+00 3.198005698005698116e-01 1.802884615384615363e-01 1.032763532763532680e-02 8.547008547008547868e-03
0.000000000000000000e+00 3.221153846153846367e-01 1.875000000000000000e-01 7.122507122507122646e-03 8.012820512820512109e-03
0.000000000000000000e+00 3.641381766381766583e-01 3.733974358974359031e-01 7.122507122507122646e-03 1.388888888888888812e-02
0.000000000000000000e+00 3.654736467236467390e-01 3.899572649572649596e-01 7.300569800569800365e-03 1.495726495726495790e-02
0.000000000000000000e+00 3.683226495726495964e-01 4.049145299145299193e-01 6.588319088319088621e-03 7.478632478632478951e-03
0.000000000000000000e+00 3.369836182336182206e-01 3.807425213675213471e-01 1.193019943019943060e-02 1.095085470085470011e-02
0.000000000000000000e+00 3.374287749287749327e-01 3.971688034188033956e-01 1.460113960113960073e-02 1.068376068376068397e-02
0.000000000000000000e+00 3.381410256410256610e-01 4.058493589743589758e-01 1.388888888888888812e-02 1.041666666666666609e-02
0.000000000000000000e+00 3.381410256410256610e-01 4.139957264957264682e-01 1.210826210826210746e-02 1.068376068376068397e-02
0.000000000000000000e+00 3.399216524216523982e-01 4.221420940170940161e-01 1.424501424501424529e-02 1.041666666666666609e-02
0.000000000000000000e+00 4.265491452991452825e-01 2.003205128205128374e-02 1.050569800569800538e-02 9.081196581196581893e-03
0.000000000000000000e+00 4.416844729344729381e-01 2.649572649572649596e-01 1.157407407407407343e-02 1.014957264957264994e-02
0.000000000000000000e+00 4.257478632478632341e-01 2.772435897435897578e-01 7.122507122507122646e-03 1.442307692307692388e-02
0.000000000000000000e+00 4.342058404558404305e-01 2.772435897435897578e-01 7.656695156695156670e-03 1.602564102564102422e-02
0.000000000000000000e+00 4.422186609686609704e-01 2.755074786324786529e-01 7.300569800569800365e-03 1.736111111111111188e-02
0.000000000000000000e+00 4.493411680911680861e-01 2.763087606837607013e-01 6.944444444444444059e-03 1.255341880341880392e-02
0.000000000000000000e+00 4.384793447293447444e-01 2.573450854700854440e-01 5.519943019943019703e-03 8.279914529914529989e-03
0.000000000000000000e+00 4.243233618233618332e-01 3.102297008547008628e-01 6.054131054131053728e-03 1.522435897435897405e-02
0.000000000000000000e+00 4.313568376068376287e-01 3.098290598290598385e-01 4.807692307692307959e-03 7.478632478632478951e-03
0.000000000000000000e+00 4.464031339031339085e-01 3.071581196581196771e-01 8.547008547008547868e-03 1.602564102564102422e-02
0.000000000000000000e+00 5.328525641025640969e-01 7.315705128205127750e-01 1.050569800569800538e-02 2.884615384615384776e-02
0.000000000000000000e+00 5.505698005698005382e-01 7.302350427350426942e-01 8.190883190883190695e-03 1.976495726495726413e-02
0.000000000000000000e+00 4.956374643874643660e-01 1.963141025641025605e-02 1.228632478632478604e-02 9.348290598290598039e-03
0.000000000000000000e+00 5.161146723646723444e-01 2.363782051282051211e-02 4.451566951566951653e-03 7.745726495726495964e-03
0.000000000000000000e+00 4.950142450142450135e-01 2.670940170940170819e-02 1.139601139601139658e-02 8.012820512820512109e-03
0.000000000000000000e+00 4.951032763532763337e-01 3.405448717948717646e-02 1.050569800569800538e-02 9.882478632478632063e-03
0.000000000000000000e+00 4.993767806267806475e-01 5.088141025641025605e-02 1.157407407407407343e-02 8.814102564102564014e-03
0.000000000000000000e+00 4.994658119658119677e-01 5.715811965811965628e-02 1.246438746438746463e-02 9.615384615384615918e-03
0.000000000000000000e+00 4.986645299145299193e-01 6.356837606837606458e-02 4.451566951566951653e-03 5.876068376068376009e-03
0.000000000000000000e+00 5.112179487179486781e-01 1.286057692307692180e-01 7.478632478632478951e-03 1.308760683760683795e-02
0.000000000000000000e+00 5.191417378917378977e-01 1.279380341880341776e-01 5.876068376068376009e-03 1.175213675213675202e-02
0.000000000000000000e+00 5.361467236467236663e-01 1.674679487179487059e-01 1.175213675213675202e-02 1.068376068376068397e-02
0.000000000000000000e+00 5.378383190883191389e-01 1.742788461538461453e-01 1.157407407407407343e-02 1.041666666666666609e-02
0.000000000000000000e+00 5.404202279202279247e-01 1.820245726495726413e-01 1.139601139601139658e-02 9.882478632478632063e-03
0.000000000000000000e+00 6.230413105413105113e-01 2.924679487179487197e-02 1.282051282051282007e-02 8.814102564102564014e-03
0.000000000000000000e+00 6.255341880341880323e-01 3.538995726495726413e-02 1.210826210826210746e-02 9.348290598290598039e-03
0.000000000000000000e+00 6.306980056980057148e-01 5.141559829059828834e-02 1.103988603988603941e-02 9.348290598290598039e-03
0.000000000000000000e+00 6.330128205128204844e-01 5.822649572649572780e-02 1.210826210826210746e-02 1.014957264957264994e-02
0.000000000000000000e+00 6.362179487179486781e-01 6.744123931623931256e-02 1.246438746438746463e-02 1.095085470085470011e-02
0.000000000000000000e+00 6.404914529914529364e-01 7.545405982905982467e-02 1.246438746438746463e-02 1.095085470085470011e-02
0.000000000000000000e+00 6.163639601139601076e-01 7.572115384615384082e-02 8.368945868945869282e-03 1.415598290598290600e-02
0.000000000000000000e+00 6.043447293447293811e-01 7.839209401709401615e-02 9.971509971509971357e-03 1.308760683760683795e-02
0.000000000000000000e+00 6.039886039886039892e-01 1.040331196581196632e-01 7.478632478632478951e-03 1.201923076923076990e-02
0.000000000000000000e+00 6.103098290598291120e-01 1.020299145299145283e-01 7.656695156695156670e-03 1.228632478632478604e-02
0.000000000000000000e+00 6.167200854700854995e-01 1.001602564102564152e-01 8.012820512820512109e-03 1.282051282051282007e-02
0.000000000000000000e+00 6.240206552706553111e-01 9.775641025641025605e-02 7.656695156695156670e-03 1.228632478632478604e-02
0.000000000000000000e+00 6.455662393162393542e-01 1.012286324786324798e-01 9.437321937321937332e-03 9.615384615384615918e-03
0.000000000000000000e+00 6.142272079772079785e-01 1.089743589743589758e-01 6.944444444444444059e-03 6.410256410256410034e-03
0.000000000000000000e+00 6.203703703703703498e-01 1.080395299145299193e-01 7.834757834757835257e-03 6.677350427350427046e-03
0.000000000000000000e+00 6.403133903133902960e-01 1.435630341880341776e-01 6.410256410256410034e-03 1.041666666666666609e-02
0.000000000000000000e+00 6.412927350427350959e-01 1.545138888888888951e-01 9.081196581196581893e-03 9.348290598290598039e-03
0.000000000000000000e+00 6.680911680911680861e-01 1.905715811965811857e-01 9.259259259259258745e-03 1.896367521367521222e-02
0.000000000000000000e+00 7.011217948717948234e-01 1.557158119658119677e-01 6.944444444444444059e-03 1.335470085470085409e-02
0.000000000000000000e+00 7.191951566951566566e-01 1.992521367521367659e-01 1.032763532763532680e-02 1.068376068376068397e-02
0.000000000000000000e+00 7.174145299145299193e-01 1.925747863247863345e-01 1.068376068376068397e-02 8.012820512820512109e-03
0.000000000000000000e+00 7.361111111111111605e-01 2.530715811965811857e-01 9.259259259259258745e-03 9.348290598290598039e-03
0.000000000000000000e+00 7.383368945868945543e-01 2.654914529914529919e-01 8.012820512820512109e-03 9.615384615384615918e-03
0.000000000000000000e+00 7.444800569800569257e-01 2.817841880341880323e-01 1.068376068376068397e-02 9.081196581196581893e-03
0.000000000000000000e+00 7.529380341880341776e-01 3.135683760683760646e-01 9.793447293447292770e-03 9.081196581196581893e-03
0.000000000000000000e+00 7.581908831908832358e-01 3.301282051282051211e-01 1.282051282051282007e-02 1.121794871794871799e-02
0.000000000000000000e+00 7.594373219373219408e-01 3.384081196581196771e-01 9.615384615384615918e-03 1.175213675213675202e-02
0.000000000000000000e+00 7.657585470085470636e-01 3.461538461538461453e-01 1.406695156695156670e-02 1.228632478632478604e-02
0.000000000000000000e+00 8.528311965811965489e-01 6.434294871794872250e-01 1.121794871794871799e-02 2.029914529914529989e-02
0.000000000000000000e+00 8.725071225071224790e-01 6.407585470085470636e-01 9.615384615384615918e-03 1.816239316239316379e-02
0.000000000000000000e+00 8.100071225071224790e-01 7.077991452991452999e-03 8.547008547008547868e-03 1.362179487179487197e-02
0.000000000000000000e+00 7.433226495726495964e-01 5.675747863247863206e-02 7.656695156695156670e-03 1.308760683760683795e-02
0.000000000000000000e+00 7.545405982905982745e-01 9.321581196581196771e-02 6.588319088319088621e-03 1.121794871794871799e-02
0.000000000000000000e+00 8.890669515669515910e-01 1.204594017094017117e-01 1.673789173789173856e-02 1.228632478632478604e-02
0.000000000000000000e+00 7.729700854700854995e-01 1.594551282051281937e-01 8.547008547008547868e-03 1.709401709401709574e-02
0.000000000000000000e+00 7.776887464387464144e-01 1.768162393162393264e-01 8.012820512820512109e-03 1.282051282051282007e-02
0.000000000000000000e+00 7.856125356125356340e-01 2.012553418803418870e-01 8.190883190883190695e-03 1.201923076923076990e-02
0.000000000000000000e+00 8.773148148148147696e-01 3.522970085470085722e-01 1.673789173789173856e-02 1.014957264957264994e-02
0.000000000000000000e+00 9.673254985754985436e-01 3.396100427350427498e-01 1.477920227920227932e-02 1.041666666666666609e-02
0.000000000000000000e+00 9.837072649572649041e-01 3.354700854700854440e-01 1.228632478632478604e-02 7.478632478632478951e-03
0.000000000000000000e+00 9.564636752136752573e-01 5.514155982905982745e-01 9.793447293447292770e-03 1.522435897435897405e-02
0.000000000000000000e+00 9.639423076923077094e-01 5.490117521367521292e-01 1.050569800569800538e-02 1.682692307692307612e-02
0.000000000000000000e+00 9.716880341880341776e-01 5.475427350427350959e-01 1.175213675213675202e-02 1.923076923076923184e-02
0.000000000000000000e+00 9.818376068376067911e-01 5.466079059829059839e-01 1.103988603988603941e-02 1.949786324786324798e-02
