0.000000000000000000e+00 8.876424501424501345e-02 2.568108974358974117e-01 6.588319088319088621e-03 1.415598290598290600e-02
0.000000000000000000e+00 7.122507122507122646e-02 2.896634615384615641e-01 1.531339031339031334e-02 9.882478632478632063e-03
0.000000000000000000e+00 8.520299145299145560e-02 3.131677350427350404e-01 1.406695156695156670e-02 1.148504273504273587e-02
0.000000000000000000e+00 9.045584045584045829e-02 3.828792735042735318e-01 7.478632478632478951e-03 1.575854700854700807e-02
0.000000000000000000e+00 1.071937321937321969e-01 3.778044871794871695e-01 6.766381766381766340e-03 1.308760683760683795e-02
0.000000000000000000e+00 2.412749287749287735e-02 7.338408119658119677e-01 1.121794871794871799e-02 1.896367521367521222e-02
0.000000000000000000e+00 5.270655270655270896e-02 8.150373931623932089e-01 1.317663817663817724e-02 2.804487179487179585e-02
0.000000000000000000e+00 3.176638176638176825e-01 2.923344017094017255e-01 1.495726495726495790e-02 1.095085470085470011e-02
0.000000000000000000e+00 4.124821937321937471e-01 2.222222222222222099e-01 6.588319088319088621e-03 1.282051282051282007e-02
0.000000000000000000e+00 4.204059829059829112e-01 2.202190170940170888e-01 7.122507122507122646e-03 1.522435897435897405e-02
0.000000000000000000e+00 4.359864672364672233e-01 2.184829059829059839e-01 5.163817663817663398e-03 1.388888888888888812e-02
0.000000000000000000e+00 4.428418803418803229e-01 2.171474358974359031e-01 6.054131054131053728e-03 1.388888888888888812e-02
0.000000000000000000e+00 5.175391737891738009e-01 4.981303418803419147e-02 1.299857549857549865e-02 1.041666666666666609e-02
0.000000000000000000e+00 5.598290598290598385e-01 6.383547008547008073e-02 8.903133903133903307e-03 7.478632478632478951e-03
0.000000000000000000e+00 5.594729344729344467e-01 7.131410256410256054e-02 1.032763532763532680e-02 1.068376068376068397e-02
0.000000000000000000e+00 5.554665242165242045e-01 8.466880341880342331e-02 1.513532763532763475e-02 1.442307692307692388e-02
0.000000000000000000e+00 5.873397435897436125e-01 9.041132478632478431e-02 6.944444444444444059e-03 1.362179487179487197e-02
0.000000000000000000e+00 6.197471509971509418e-01 3.659188034188034372e-02 6.944444444444444059e-03 1.335470085470085409e-02
0.000000000000000000e+00 6.416488603988603767e-01 3.205128205128204844e-02 1.157407407407407343e-02 1.068376068376068397e-02
0.000000000000000000e+00 2.510683760683760646e-01 4.961271367521367659e-01 6.766381766381766340e-03 1.415598290598290600e-02
0.000000000000000000e+00 3.393874643874643660e-01 4.899839743589743390e-01 8.903133903133903307e-03 1.789529914529914417e-02
0.000000000000000000e+00 4.156873219373219408e-01 4.736912393162392987e-01 9.437321937321937332e-03 2.003205128205128374e-02
0.000000000000000000e+00 3.779380341880341776e-01 5.229700854700854995e-01 7.300569800569800365e-03 1.335470085470085409e-02
0.000000000000000000e+00 3.871082621082621023e-01 5.200320512820513219e-01 7.122507122507122646e-03 9.081196581196581893e-03
0.000000000000000000e+00 3.959223646723646906e-01 5.178952991452991927e-01 7.300569800569800365e-03 7.478632478632478951e-03
0.000000000000000000e+00 4.162215099715099731e-01 5.109508547008546619e-01 7.300569800569800365e-03 1.014957264957264994e-02
0.000000000000000000e+00 4.245014245014245291e-01 5.108173076923077094e-01 6.054131054131053728e-03 7.211538461538461939e-03
0.000000000000000000e+00 2.308582621082621023e-01 5.902777777777777901e-01 1.620370370370370280e-02 1.388888888888888812e-02
0.000000000000000000e+00 3.154380341880341776e-01 6.485042735042735318e-01 1.477920227920227932e-02 7.478632478632478951e-03
0.000000000000000000e+00 3.491809116809116986e-01 6.423611111111111605e-01 1.673789173789173856e-02 6.410256410256410034e-03
0.000000000000000000e+00 3.729522792022791911e-01 6.368856837606837740e-01 1.513532763532763475e-02 7.745726495726495964e-03
0.000000000000000000e+00 4.001068376068376287e-01 6.080395299145299193e-01 1.353276353276353268e-02 1.201923076923076990e-02
0.000000000000000000e+00 4.400819088319088412e-01 5.980235042735042583e-01 1.477920227920227932e-02 1.442307692307692388e-02
0.000000000000000000e+00 2.609508547008547175e-01 7.087339743589743390e-01 1.549145299145299193e-02 1.255341880341880392e-02
0.000000000000000000e+00 2.617521367521367659e-01 7.614850427350426942e-01 1.424501424501424529e-02 9.081196581196581893e-03
0.000000000000000000e+00 4.031339031339031265e-01 7.478632478632478708e-01 1.460113960113960073e-02 1.282051282051282007e-02
0.000000000000000000e+00 2.558760683760683552e-01 8.928952991452991927e-01 7.122507122507122646e-03 2.136752136752136794e-02
0.000000000000000000e+00 2.564102564102563875e-01 9.194711538461538547e-01 8.190883190883190695e-03 2.163461538461538408e-02
0.000000000000000000e+00 2.579237891737891641e-01 9.507211538461538547e-01 8.012820512820512109e-03 1.949786324786324798e-02
0.000000000000000000e+00 4.226317663817663606e-01 8.864850427350426942e-01 1.228632478632478604e-02 1.655982905982905998e-02
0.000000000000000000e+00 3.485576923076922906e-01 9.870459401709401615e-01 7.656695156695156670e-03 1.308760683760683795e-02
0.000000000000000000e+00 3.592414529914529919e-01 9.846420940170940161e-01 8.725071225071224720e-03 1.362179487179487197e-02
0.000000000000000000e+00 3.921830484330484090e-01 9.768963675213675479e-01 7.656695156695156670e-03 1.201923076923076990e-02
0.000000000000000000e+00 4.003739316239316448e-01 9.760950854700854995e-01 5.876068376068376009e-03 1.041666666666666609e-02
0.000000000000000000e+00 4.997329059829059839e-01 7.512019230769231282e-01 1.762820512820512803e-02 1.362179487179487197e-02
0.000000000000000000e+00 5.339209401709401615e-01 7.585470085470085166e-01 1.655982905982905998e-02 1.602564102564102422e-02
0.000000000000000000e+00 4.991987179487179516e-01 7.656250000000000000e-01 1.584757834757834910e-02 1.415598290598290600e-02
0.000000000000000000e+00 4.992877492877492718e-01 7.788461538461538547e-01 1.602564102564102422e-02 1.549145299145299193e-02
0.000000000000000000e+00 5.057870370370370905e-01 8.134348290598291120e-01 1.620370370370370280e-02 1.469017094017094002e-02
0.000000000000000000e+00 5.060541310541311066e-01 8.259882478632478708e-01 1.851851851851851749e-02 1.629273504273504383e-02
0.000000000000000000e+00 5.082799145299145005e-01 8.388087606837606458e-01 1.549145299145299193e-02 1.362179487179487197e-02
0.000000000000000000e+00 5.058760683760683552e-01 8.520299145299145005e-01 9.971509971509971357e-03 1.175213675213675202e-02
0.000000000000000000e+00 5.227029914529914834e-01 9.736912393162393542e-01 9.437321937321937332e-03 2.430555555555555594e-02
0.000000000000000000e+00 5.335648148148147696e-01 9.727564102564102422e-01 9.437321937321937332e-03 2.083333333333333218e-02
0.000000000000000000e+00 5.915242165242164951e-01 4.886485042735042583e-01 9.615384615384615918e-03 1.789529914529914417e-02
0.000000000000000000e+00 5.981125356125356340e-01 4.869123931623931534e-01 8.903133903133903307e-03 1.762820512820512803e-02
0.000000000000000000e+00 5.294693732193732627e-01 5.531517094017094349e-01 1.406695156695156670e-02 1.388888888888888812e-02
0.000000000000000000e+00 5.575142450142450690e-01 5.357905982905982745e-01 9.971509971509971357e-03 1.869658119658119608e-02
0.000000000000000000e+00 5.659722222222222099e-01 5.332532051282051766e-01 8.725071225071224720e-03 1.682692307692307612e-02
0.000000000000000000e+00 5.833333333333333703e-01 5.312500000000000000e-01 1.103988603988603941e-02 1.923076923076923184e-02
0.000000000000000000e+00 6.408475783475783283e-01 6.219284188034187588e-01 1.388888888888888812e-02 1.255341880341880392e-02
0.000000000000000000e+00 6.436075498575498655e-01 6.320779914529914834e-01 1.299857549857549865e-02 1.415598290598290600e-02
0.000000000000000000e+00 6.565170940170940161e-01 6.575854700854700807e-01 1.673789173789173856e-02 1.388888888888888812e-02
0.000000000000000000e+00 6.799323361823361722e-01 7.732371794871795156e-01 1.834045584045583890e-02 1.549145299145299193e-02
0.000000000000000000e+00 6.834045584045583821e-01 7.861912393162393542e-01 1.638176638176638139e-02 1.255341880341880392e-02
0.000000000000000000e+00 6.915064102564102422e-01 8.187767094017094349e-01 1.477920227920227932e-02 1.415598290598290600e-02
0.000000000000000000e+00 6.950676638176638278e-01 8.331997863247863068e-01 1.691595441595441715e-02 1.736111111111111188e-02
0.000000000000000000e+00 6.999643874643874941e-01 8.514957264957264682e-01 1.673789173789173856e-02 1.602564102564102422e-02
0.000000000000000000e+00 7.066417378917378977e-01 8.679220085470085166e-01 1.762820512820512803e-02 1.736111111111111188e-02
0.000000000000000000e+00 6.548254985754985436e-01 8.707264957264957417e-01 1.406695156695156670e-02 2.510683760683760785e-02
0.000000000000000000e+00 6.720085470085470636e-01 8.664529914529914834e-01 1.210826210826210746e-02 2.510683760683760785e-02
0.000000000000000000e+00 6.551816239316239354e-01 9.238782051282051766e-01 1.157407407407407343e-02 2.243589743589743599e-02
0.000000000000000000e+00 6.641737891737892197e-01 9.198717948717948234e-01 1.139601139601139658e-02 2.243589743589743599e-02
0.000000000000000000e+00 6.739672364672364413e-01 9.169337606837606458e-01 1.139601139601139658e-02 2.457264957264957209e-02
0.000000000000000000e+00 6.834935897435897578e-01 9.118589743589743390e-01 1.121794871794871799e-02 2.190170940170940023e-02
0.000000000000000000e+00 7.167022792022792466e-01 9.210737179487179516e-01 1.923076923076923184e-02 1.789529914529914417e-02
0.000000000000000000e+00 6.718304843304843121e-01 9.424412393162393542e-01 1.282051282051282007e-02 2.377136752136752018e-02
0.000000000000000000e+00 6.812678062678062529e-01 9.405715811965812412e-01 1.317663817663817724e-02 2.483974358974358823e-02
0.000000000000000000e+00 7.034366096866097040e-01 9.893162393162393542e-01 1.050569800569800538e-02 1.655982905982905998e-02
0.000000000000000000e+00 7.167913105413105113e-01 4.755608974358974117e-01 1.335470085470085409e-02 1.629273504273504383e-02
0.000000000000000000e+00 7.277421652421652842e-01 6.362179487179486781e-01 1.424501424501424529e-02 1.388888888888888812e-02
0.000000000000000000e+00 8.073361823361823175e-01 6.469017094017094349e-01 8.903133903133903307e-03 1.816239316239316379e-02
0.000000000000000000e+00 8.517628205128204844e-01 8.323985042735042583e-01 1.264245014245014322e-02 2.590811965811965975e-02
0.000000000000000000e+00 8.712606837606837740e-01 9.073183760683760646e-01 1.103988603988603941e-02 2.029914529914529989e-02
0.000000000000000000e+00 9.422186609686609149e-01 7.329059829059828557e-01 1.335470085470085409e-02 3.205128205128204844e-02
0.000000000000000000e+00 9.128383190883191389e-01 6.320779914529914834e-01 9.793447293447292770e-03 1.842948717948717993e-02
0.000000000000000000e+00 9.053596866096865758e-01 6.887019230769231282e-01 8.368945868945869282e-03 1.736111111111111188e-02
0.000000000000000000e+00 9.222756410256410797e-01 6.853632478632478708e-01 8.725071225071224720e-03 1.282051282051282007e-02
0.000000000000000000e+00 8.447293447293446889e-01 5.176282051282051766e-01 1.210826210826210746e-02 1.121794871794871799e-02
0.000000000000000000e+00 8.628917378917378977e-01 5.194978632478632896e-01 1.388888888888888812e-02 1.068376068376068397e-02
0.000000000000000000e+00 8.964565527065526673e-01 5.232371794871795156e-01 1.335470085470085409e-02 1.014957264957264994e-02
0.000000000000000000e+00 9.318019943019942852e-01 5.255074786324785974e-01 1.353276353276353268e-02 1.095085470085470011e-02
0.000000000000000000e+00 9.569088319088319139e-01 5.287126068376067911e-01 1.709401709401709574e-02 1.201923076923076990e-02
0.000000000000000000e+00 9.952813390313390851e-01 5.392628205128204844e-01 9.081196581196581893e-03 1.228632478632478604e-02
0.000000000000000000e+00 7.407407407407406996e-01 3.688568376068376287e-01 1.175213675213675202e-02 2.136752136752136794e-02
0.000000000000000000e+00 7.706552706552706189e-01 3.271901709401709435e-01 1.531339031339031334e-02 2.403846153846153980e-02
0.000000000000000000e+00 7.909544159544159569e-01 3.054220085470085722e-01 8.547008547008547868e-03 1.415598290598290600e-02
0.000000000000000000e+00 7.980769230769231282e-01 3.035523504273504036e-01 9.615384615384615918e-03 1.469017094017094002e-02
0.000000000000000000e+00 7.665598290598291120e-01 2.768429487179487336e-01 9.259259259259258745e-03 1.362179487179487197e-02
0.000000000000000000e+00 7.841880341880341776e-01 2.729700854700854440e-01 1.068376068376068397e-02 1.816239316239316379e-02
0.000000000000000000e+00 7.929131054131054457e-01 2.716346153846153633e-01 8.190883190883190695e-03 1.335470085470085409e-02
0.000000000000000000e+00 7.957621082621082476e-01 2.537393162393162260e-01 8.547008547008547868e-03 1.549145299145299193e-02
0.000000000000000000e+00 7.888176638176638278e-01 2.552083333333333148e-01 7.478632478632478951e-03 1.362179487179487197e-02
0.000000000000000000e+00 7.818732193732194080e-01 2.569444444444444198e-01 8.547008547008547868e-03 1.442307692307692388e-02
0.000000000000000000e+00 7.752849002849002691e-01 2.582799145299145560e-01 6.766381766381766340e-03 1.282051282051282007e-02
0.000000000000000000e+00 7.784900284900284628e-01 2.238247863247863345e-01 9.259259259259258745e-03 1.762820512820512803e-02
0.000000000000000000e+00 7.704772079772079785e-01 2.246260683760683829e-01 7.834757834757835257e-03 1.228632478632478604e-02
0.000000000000000000e+00 7.631766381766381668e-01 2.268963675213675202e-01 7.478632478632478951e-03 1.201923076923076990e-02
0.000000000000000000e+00 7.569444444444444198e-01 2.286324786324786251e-01 6.410256410256410034e-03 1.335470085470085409e-02
0.000000000000000000e+00 7.373575498575498655e-01 1.538461538461538547e-01 8.190883190883190695e-03 1.228632478632478604e-02
0.000000000000000000e+00 7.469729344729344467e-01 1.503739316239316171e-01 7.834757834757835257e-03 9.081196581196581893e-03
0.000000000000000000e+00 7.735042735042735318e-01 1.610576923076923184e-01 1.139601139601139658e-02 1.014957264957264994e-02
0.000000000000000000e+00 7.783119658119658224e-01 1.764155982905983022e-01 1.353276353276353268e-02 9.348290598290598039e-03
0.000000000000000000e+00 7.967414529914529364e-01 1.227297008547008489e-01 7.656695156695156670e-03 1.201923076923076990e-02
0.000000000000000000e+00 8.252314814814815103e-01 1.168536324786324798e-01 6.944444444444444059e-03 1.415598290598290600e-02
0.000000000000000000e+00 7.635327635327635587e-01 9.975961538461539102e-02 8.547008547008547868e-03 1.308760683760683795e-02
0.000000000000000000e+00 7.459045584045583821e-01 8.079594017094017533e-02 7.478632478632478951e-03 1.255341880341880392e-02
0.000000000000000000e+00 7.406517094017094349e-01 8.920940170940171166e-02 9.081196581196581893e-03 1.495726495726495790e-02
0.000000000000000000e+00 7.343304843304843121e-01 9.107905982905982467e-02 8.190883190883190695e-03 1.388888888888888812e-02
0.000000000000000000e+00 7.280982905982905651e-01 9.281517094017094349e-02 7.834757834757835257e-03 1.201923076923076990e-02
0.000000000000000000e+00 7.208867521367521292e-01 9.254807692307692735e-02 9.081196581196581893e-03 1.629273504273504383e-02
0.000000000000000000e+00 7.128739316239316448e-01 9.495192307692307265e-02 6.944444444444444059e-03 1.201923076923076990e-02
0.000000000000000000e+00 7.647792022792022637e-01 3.886217948717948789e-02 1.780626780626780661e-02 1.575854700854700807e-02
0.000000000000000000e+00 7.971866096866097040e-01 3.125000000000000000e-02 9.259259259259258745e-03 1.282051282051282007e-02
0.000000000000000000e+00 8.187321937321937471e-01 3.378739316239316032e-02 7.834757834757835257e-03 1.308760683760683795e-02
0.000000000000000000e+00 8.332443019943019946e-01 2.270299145299145213e-02 7.300569800569800365e-03 1.121794871794871799e-02
0.000000000000000000e+00 8.402777777777777901e-01 2.270299145299145213e-02 7.834757834757835257e-03 1.388888888888888812e-02
0.000000000000000000e+00 8.608440170940171443e-01 1.241987179487179412e-02 1.157407407407407343e-02 1.041666666666666609e-02
0.000000000000000000e+00 8.628917378917378977e-01 1.736111111111111188e-02 1.139601139601139658e-02 1.068376068376068397e-02
0.000000000000000000e+00 8.657407407407406996e-01 2.256944444444444406e-02 1.246438746438746463e-02 1.095085470085470011e-02
0.000000000000000000e+00 8.688568376068376287e-01 2.737713675213675202e-02 1.264245014245014322e-02 9.882478632478632063e-03
0.000000000000000000e+00 8.710826210826211335e-01 3.298611111111111188e-02 1.175213675213675202e-02 1.095085470085470011e-02
0.000000000000000000e+00 8.826566951566952035e-01 2.016559829059829181e-02 7.834757834757835257e-03 1.201923076923076990e-02
0.000000000000000000e+00 8.908475783475783283e-01 6.143162393162393022e-03 8.190883190883190695e-03 1.121794871794871799e-02
0.000000000000000000e+00 8.977029914529914834e-01 1.602564102564102422e-02 7.300569800569800365e-03 1.175213675213675202e-02
0.000000000000000000e+00 9.043803418803418870e-01 2.844551282051282007e-02 9.615384615384615918e-03 1.362179487179487197e-02
0.000000000000000000e+00 9.187143874643874941e-01 5.061431623931623991e-02 9.793447293447292770e-03 1.362179487179487197e-02
0.000000000000000000e+00 9.090099715099715372e-01 6.103098290598290426e-02 7.834757834757835257e-03 1.201923076923076990e-02
0.000000000000000000e+00 9.167556980056980054e-01 7.305021367521367937e-02 7.656695156695156670e-03 1.308760683760683795e-02
0.000000000000000000e+00 9.248575498575498655e-01 8.627136752136752018e-02 7.122507122507122646e-03 1.121794871794871799e-02
0.000000000000000000e+00 9.327813390313390851e-01 7.438568376068376009e-02 1.014957264957264994e-02 1.469017094017094002e-02
0.000000000000000000e+00 9.424857549857549310e-01 8.907585470085470358e-02 9.259259259259258745e-03 1.308760683760683795e-02
0.000000000000000000e+00 9.508547008547008073e-01 1.022970085470085444e-01 1.175213675213675202e-02 1.816239316239316379e-02
0.000000000000000000e+00 9.596688034188034511e-01 1.176549145299145283e-01 9.081196581196581893e-03 1.308760683760683795e-02
0.000000000000000000e+00 9.678596866096865758e-01 1.290064102564102699e-01 9.793447293447292770e-03 1.335470085470085409e-02
0.000000000000000000e+00 9.923433048433047965e-01 1.666666666666666574e-01 1.175213675213675202e-02 1.495726495726495790e-02
