0.000000000000000000e+00 3.276353276353276278e-02 8.520299145299145560e-02 6.410256410256410034e-03 8.012820512820512109e-03
0.000000000000000000e+00 1.264245014245014287e-01 7.558760683760683274e-02 9.259259259259258745e-03 1.228632478632478604e-02
0.000000000000000000e+00 1.143162393162393126e-01 9.949252136752136100e-02 6.766381766381766340e-03 1.201923076923076990e-02
0.000000000000000000e+00 1.852742165242165229e-01 1.020299145299145283e-01 9.437321937321937332e-03 8.547008547008547868e-03
0.000000000000000000e+00 1.790420227920228036e-01 1.165865384615384637e-01 8.368945868945869282e-03 7.745726495726495964e-03
0.000000000000000000e+00 7.808048433048432602e-02 1.869658119658119677e-01 5.876068376068376009e-03 8.547008547008547868e-03
0.000000000000000000e+00 5.261752136752136794e-02 2.446581196581196493e-01 6.232193732193732315e-03 1.014957264957264994e-02
0.000000000000000000e+00 2.822293447293447444e-01 1.340811965811965767e-01 9.259259259259258745e-03 8.547008547008547868e-03
0.000000000000000000e+00 2.731481481481481399e-01 1.573183760683760646e-01 9.971509971509971357e-03 8.547008547008547868e-03
0.000000000000000000e+00 2.675391737891738009e-01 1.742788461538461453e-01 9.793447293447292770e-03 9.348290598290598039e-03
0.000000000000000000e+00 2.930911680911680861e-01 1.921741452991453103e-01 9.971509971509971357e-03 7.745726495726495964e-03
0.000000000000000000e+00 3.071581196581196771e-01 1.937767094017094072e-01 1.068376068376068397e-02 8.279914529914529989e-03
0.000000000000000000e+00 2.905092592592592449e-01 2.186164529914529919e-01 8.725071225071224720e-03 8.279914529914529989e-03
0.000000000000000000e+00 3.471331908831908897e-01 1.546474358974359031e-01 1.157407407407407343e-02 9.081196581196581893e-03
0.000000000000000000e+00 3.457977207977208089e-01 1.708066239316239354e-01 1.282051282051282007e-02 1.041666666666666609e-02
0.000000000000000000e+00 3.446403133903133686e-01 1.957799145299145283e-01 1.050569800569800538e-02 8.547008547008547868e-03
0.000000000000000000e+00 3.443732193732193525e-01 2.027243589743589758e-01 1.317663817663817724e-02 9.081196581196581893e-03
0.000000000000000000e+00 1.116452991452991511e-01 6.306089743589743390e-01 7.834757834757835257e-03 1.816239316239316379e-02
0.000000000000000000e+00 1.207264957264957278e-01 6.286057692307692735e-01 8.190883190883190695e-03 1.575854700854700807e-02
0.000000000000000000e+00 8.057336182336181929e-02 6.961805555555555802e-01 1.513532763532763475e-02 1.201923076923076990e-02
0.000000000000000000e+00 1.454772079772079785e-01 7.083333333333333703e-01 9.615384615384615918e-03 2.136752136752136794e-02
0.000000000000000000e+00 1.619480056980056870e-01 7.142094017094017255e-01 8.368945868945869282e-03 1.709401709401709574e-02
0.000000000000000000e+00 1.274038461538461453e-01 7.382478632478632896e-01 1.513532763532763475e-02 1.121794871794871799e-02
0.000000000000000000e+00 1.010505698005697978e-01 7.557425213675214026e-01 1.299857549857549865e-02 1.095085470085470011e-02
0.000000000000000000e+00 1.241987179487179516e-01 7.589476495726495964e-01 1.086182336182336255e-02 1.041666666666666609e-02
0.000000000000000000e+00 1.542913105413105390e-01 7.632211538461538547e-01 1.727207977207977085e-02 1.255341880341880392e-02
0.000000000000000000e+00 9.873575498575498655e-02 7.668269230769231282e-01 1.193019943019943060e-02 9.081196581196581893e-03
0.000000000000000000e+00 1.177884615384615363e-01 7.783119658119658224e-01 1.371082621082621127e-02 1.175213675213675202e-02
0.000000000000000000e+00 1.477029914529914556e-01 7.880608974358974672e-01 1.228632478632478604e-02 1.095085470085470011e-02
0.000000000000000000e+00 1.127136752136752157e-01 8.125000000000000000e-01 1.673789173789173856e-02 1.282051282051282007e-02
0.000000000000000000e+00 8.600427350427350404e-02 8.198450854700854995e-01 1.282051282051282007e-02 9.882478632478632063e-03
0.000000000000000000e+00 1.050569800569800538e-01 8.317307692307692735e-01 1.673789173789173856e-02 1.228632478632478604e-02
0.000000000000000000e+00 1.361289173789173856e-01 8.453525641025640969e-01 1.549145299145299193e-02 1.228632478632478604e-02
0.000000000000000000e+00 1.013176638176638139e-01 8.533653846153845812e-01 1.282051282051282007e-02 1.175213675213675202e-02
0.000000000000000000e+00 7.443019943019943407e-02 8.748664529914529364e-01 1.246438746438746463e-02 1.041666666666666609e-02
0.000000000000000000e+00 9.829059829059828834e-02 8.752670940170940161e-01 1.210826210826210746e-02 1.282051282051282007e-02
0.000000000000000000e+00 7.167022792022792466e-02 8.866185897435897578e-01 1.513532763532763475e-02 1.255341880341880392e-02
0.000000000000000000e+00 9.116809116809117264e-02 8.997061965811965489e-01 1.495726495726495790e-02 1.308760683760683795e-02
0.000000000000000000e+00 1.202813390313390296e-01 9.119925213675214026e-01 1.477920227920227932e-02 1.201923076923076990e-02
0.000000000000000000e+00 6.855413105413105113e-02 8.970352564102563875e-01 1.246438746438746463e-02 1.201923076923076990e-02
0.000000000000000000e+00 6.739672364672365246e-02 9.077190170940171443e-01 1.014957264957264994e-02 1.041666666666666609e-02
0.000000000000000000e+00 1.339031339031339085e-01 8.561698717948718063e-01 1.353276353276353268e-02 1.201923076923076990e-02
0.000000000000000000e+00 5.511039886039886121e-02 9.509882478632478708e-01 1.655982905982905998e-02 1.575854700854700807e-02
0.000000000000000000e+00 4.976851851851851749e-02 9.885149572649573058e-01 1.371082621082621127e-02 1.282051282051282007e-02
0.000000000000000000e+00 1.397792022792022915e-01 9.873130341880341776e-01 1.923076923076923184e-02 1.896367521367521222e-02
0.000000000000000000e+00 3.091168091168091103e-01 4.612713675213675479e-01 1.175213675213675202e-02 1.014957264957264994e-02
0.000000000000000000e+00 3.468660968660968735e-01 4.595352564102563875e-01 1.460113960113960073e-02 1.041666666666666609e-02
0.000000000000000000e+00 4.521011396011396233e-01 4.572649572649572502e-01 1.246438746438746463e-02 9.615384615384615918e-03
0.000000000000000000e+00 4.706196581196581130e-01 4.556623931623931534e-01 1.531339031339031334e-02 1.175213675213675202e-02
0.000000000000000000e+00 5.086360398860398924e-01 4.555288461538461453e-01 1.228632478632478604e-02 9.348290598290598039e-03
0.000000000000000000e+00 6.531339031339031820e-01 4.528579059829059839e-01 1.424501424501424529e-02 9.882478632478632063e-03
0.000000000000000000e+00 6.749465811965812412e-01 4.520566239316239354e-01 1.477920227920227932e-02 1.095085470085470011e-02
0.000000000000000000e+00 8.011039886039885705e-01 4.504540598290598385e-01 1.353276353276353268e-02 9.882478632478632063e-03
0.000000000000000000e+00 8.158831908831908342e-01 4.495192307692307820e-01 1.210826210826210746e-02 9.081196581196581893e-03
0.000000000000000000e+00 3.297720797720797847e-01 7.016559829059828557e-01 6.410256410256410034e-03 1.655982905982905998e-02
0.000000000000000000e+00 4.770299145299145560e-01 6.969818376068376287e-01 7.122507122507122646e-03 2.056623931623931603e-02
0.000000000000000000e+00 4.891381766381766583e-01 6.969818376068376287e-01 7.122507122507122646e-03 1.949786324786324798e-02
0.000000000000000000e+00 5.063212250712251228e-01 7.015224358974359031e-01 6.944444444444444059e-03 1.308760683760683795e-02
0.000000000000000000e+00 5.159366096866097040e-01 6.960470085470085166e-01 6.232193732193732315e-03 1.602564102564102422e-02
0.000000000000000000e+00 5.243945868945868449e-01 6.959134615384615641e-01 6.410256410256410034e-03 1.575854700854700807e-02
0.000000000000000000e+00 5.329415954415954726e-01 6.961805555555555802e-01 7.122507122507122646e-03 1.789529914529914417e-02
0.000000000000000000e+00 5.415776353276353650e-01 6.977831196581196771e-01 6.588319088319088621e-03 1.575854700854700807e-02
0.000000000000000000e+00 2.970085470085470081e-01 8.281250000000000000e-01 1.745014245014244944e-02 1.629273504273504383e-02
0.000000000000000000e+00 3.525641025641025883e-01 8.291933760683760646e-01 1.388888888888888812e-02 1.148504273504273587e-02
0.000000000000000000e+00 3.709935897435897578e-01 8.914262820512820484e-01 8.368945868945869282e-03 1.842948717948717993e-02
0.000000000000000000e+00 3.879095441595441507e-01 8.911591880341880323e-01 8.368945868945869282e-03 2.003205128205128374e-02
0.000000000000000000e+00 6.055021367521367104e-01 7.656250000000000000e-01 1.584757834757834910e-02 1.148504273504273587e-02
0.000000000000000000e+00 6.056801994301994618e-01 7.757745726495726135e-01 1.371082621082621127e-02 1.095085470085470011e-02
0.000000000000000000e+00 6.346153846153845812e-01 7.760416666666666297e-01 1.317663817663817724e-02 9.348290598290598039e-03
0.000000000000000000e+00 6.363960113960114295e-01 7.857905982905982745e-01 8.903133903133903307e-03 1.175213675213675202e-02
0.000000000000000000e+00 6.394230769230768718e-01 7.976762820512820484e-01 9.615384615384615918e-03 1.255341880341880392e-02
0.000000000000000000e+00 6.042556980056980054e-01 7.852564102564102422e-01 1.406695156695156670e-02 1.121794871794871799e-02
0.000000000000000000e+00 6.054131054131054457e-01 7.954059829059828557e-01 1.602564102564102422e-02 1.762820512820512803e-02
0.000000000000000000e+00 6.086182336182336394e-01 8.194444444444444198e-01 1.388888888888888812e-02 1.121794871794871799e-02
0.000000000000000000e+00 6.371972934472934780e-01 8.185096153846154188e-01 1.371082621082621127e-02 1.201923076923076990e-02
0.000000000000000000e+00 6.086182336182336394e-01 8.294604700854700807e-01 1.388888888888888812e-02 1.255341880341880392e-02
0.000000000000000000e+00 6.378205128205127750e-01 8.290598290598291120e-01 1.353276353276353268e-02 1.175213675213675202e-02
0.000000000000000000e+00 6.402243589743589203e-01 8.412126068376067911e-01 1.584757834757834910e-02 1.308760683760683795e-02
0.000000000000000000e+00 6.087962962962962798e-01 8.401442307692307265e-01 1.388888888888888812e-02 1.201923076923076990e-02
0.000000000000000000e+00 6.419159544159543929e-01 8.649839743589743390e-01 1.602564102564102422e-02 1.255341880341880392e-02
0.000000000000000000e+00 6.109330484330484090e-01 8.751335470085470636e-01 1.460113960113960073e-02 1.201923076923076990e-02
0.000000000000000000e+00 6.108440170940171443e-01 8.867521367521367104e-01 9.793447293447292770e-03 1.228632478632478604e-02
0.000000000000000000e+00 6.449430199430199462e-01 8.874198717948718063e-01 7.478632478632478951e-03 1.148504273504273587e-02
0.000000000000000000e+00 6.152065527065526673e-01 8.990384615384615641e-01 1.353276353276353268e-02 1.175213675213675202e-02
0.000000000000000000e+00 6.435185185185184897e-01 8.991720085470085166e-01 1.139601139601139658e-02 1.201923076923076990e-02
0.000000000000000000e+00 6.440527065527065220e-01 9.109241452991453381e-01 1.139601139601139658e-02 1.148504273504273587e-02
0.000000000000000000e+00 6.140491452991453381e-01 9.106570512820513219e-01 1.406695156695156670e-02 1.255341880341880392e-02
0.000000000000000000e+00 6.138710826210825866e-01 9.206730769230768718e-01 9.437321937321937332e-03 1.228632478632478604e-02
0.000000000000000000e+00 6.133368945868945543e-01 9.341613247863247427e-01 9.437321937321937332e-03 1.255341880341880392e-02
0.000000000000000000e+00 6.469907407407406996e-01 9.338942307692307265e-01 8.368945868945869282e-03 1.095085470085470011e-02
0.000000000000000000e+00 6.443198005698005382e-01 9.452457264957264682e-01 1.477920227920227932e-02 1.175213675213675202e-02
0.000000000000000000e+00 6.155626780626780592e-01 9.460470085470085166e-01 1.460113960113960073e-02 1.282051282051282007e-02
0.000000000000000000e+00 6.456552706552706189e-01 9.569978632478632896e-01 1.246438746438746463e-02 1.121794871794871799e-02
0.000000000000000000e+00 6.419159544159543929e-01 9.676816239316239354e-01 6.410256410256410034e-03 1.014957264957264994e-02
0.000000000000000000e+00 6.394230769230768718e-01 9.830395299145299193e-01 6.054131054131053728e-03 1.041666666666666609e-02
0.000000000000000000e+00 6.236645299145299193e-01 9.703525641025640969e-01 5.519943019943019703e-03 1.068376068376068397e-02
0.000000000000000000e+00 6.245548433048433434e-01 9.830395299145299193e-01 4.095441595441595348e-03 9.882478632478632063e-03
0.000000000000000000e+00 6.878561253561253919e-01 6.947115384615384359e-01 6.766381766381766340e-03 1.602564102564102422e-02
0.000000000000000000e+00 6.980947293447293811e-01 6.940438034188034511e-01 6.588319088319088621e-03 1.629273504273504383e-02
0.000000000000000000e+00 7.071759259259259300e-01 6.943108974358974672e-01 6.944444444444444059e-03 1.575854700854700807e-02
0.000000000000000000e+00 7.263176638176638278e-01 6.943108974358974672e-01 7.834757834757835257e-03 1.629273504273504383e-02
0.000000000000000000e+00 7.439458689458688934e-01 6.949786324786324521e-01 8.547008547008547868e-03 1.709401709401709574e-02
0.000000000000000000e+00 7.633547008547008073e-01 6.931089743589743390e-01 8.190883190883190695e-03 1.816239316239316379e-02
0.000000000000000000e+00 7.818732193732194080e-01 6.937767094017094349e-01 8.190883190883190695e-03 1.896367521367521222e-02
0.000000000000000000e+00 7.861467236467236663e-01 7.371794871794872250e-01 6.410256410256410034e-03 1.549145299145299193e-02
0.000000000000000000e+00 8.461538461538461453e-01 6.896367521367521292e-01 7.122507122507122646e-03 1.655982905982905998e-02
0.000000000000000000e+00 8.571937321937321830e-01 6.907051282051281937e-01 7.122507122507122646e-03 1.282051282051282007e-02
0.000000000000000000e+00 8.814992877492877632e-01 6.868322649572649041e-01 8.368945868945869282e-03 1.629273504273504383e-02
0.000000000000000000e+00 8.941417378917378977e-01 6.915064102564102422e-01 6.944444444444444059e-03 1.228632478632478604e-02
0.000000000000000000e+00 9.011752136752136932e-01 6.879006410256410797e-01 8.190883190883190695e-03 1.789529914529914417e-02
0.000000000000000000e+00 9.253027065527065220e-01 6.853632478632478708e-01 8.012820512820512109e-03 1.549145299145299193e-02
0.000000000000000000e+00 9.468482905982905651e-01 6.884348290598291120e-01 8.368945868945869282e-03 2.003205128205128374e-02
0.000000000000000000e+00 9.626958689458688934e-01 6.848290598290598385e-01 9.437321937321937332e-03 1.816239316239316379e-02
0.000000000000000000e+00 9.496972934472934780e-01 2.150106837606837601e-02 9.793447293447292770e-03 9.882478632478632063e-03
0.000000000000000000e+00 5.834223646723646350e-01 8.627136752136752018e-02 8.725071225071224720e-03 8.547008547008547868e-03
0.000000000000000000e+00 5.381054131054131551e-01 1.415598290598290565e-01 1.317663817663817724e-02 7.478632478632478951e-03
0.000000000000000000e+00 6.375534188034187588e-01 1.674679487179487059e-01 8.368945868945869282e-03 6.944444444444444059e-03
0.000000000000000000e+00 6.372863247863247427e-01 1.734775641025640969e-01 8.190883190883190695e-03 6.677350427350427046e-03
0.000000000000000000e+00 8.217592592592593004e-01 1.567841880341880323e-01 1.282051282051282007e-02 8.547008547008547868e-03
0.000000000000000000e+00 8.762464387464387050e-01 1.989850427350427220e-01 8.903133903133903307e-03 9.615384615384615918e-03
0.000000000000000000e+00 8.775819088319087857e-01 2.064636752136752018e-01 7.656695156695156670e-03 1.014957264957264994e-02
0.000000000000000000e+00 8.980591168091167642e-01 2.377136752136752018e-01 1.264245014245014322e-02 1.175213675213675202e-02
0.000000000000000000e+00 8.801638176638176825e-01 2.500000000000000000e-01 6.054131054131053728e-03 9.615384615384615918e-03
0.000000000000000000e+00 9.343839031339031820e-01 1.745459401709401615e-01 4.807692307692307959e-03 7.745726495726495964e-03
0.000000000000000000e+00 9.411502849002848503e-01 1.848290598290598385e-01 6.944444444444444059e-03 8.547008547008547868e-03
0.000000000000000000e+00 9.481837606837606458e-01 1.957799145299145283e-01 5.341880341880341984e-03 7.478632478632478951e-03
0.000000000000000000e+00 9.564636752136752573e-01 2.084668803418803507e-01 4.807692307692307959e-03 6.677350427350427046e-03
0.000000000000000000e+00 9.629629629629629095e-01 2.188835470085470081e-01 4.629629629629629373e-03 6.677350427350427046e-03
0.000000000000000000e+00 9.714209401709401615e-01 2.302350427350427220e-01 5.163817663817663398e-03 6.410256410256410034e-03
0.000000000000000000e+00 9.748041310541311066e-01 2.358440170940170888e-01 5.163817663817663398e-03 6.410256410256410034e-03
