0.000000000000000000e+00 2.964743589743589619e-02 1.159188034188034233e-01 1.406695156695156670e-02 9.615384615384615918e-03
0.000000000000000000e+00 5.137108262108262130e-02 9.268162393162393542e-02 6.588319088319088621e-03 1.121794871794871799e-02
0.000000000000000000e+00 4.914529914529914417e-02 1.057692307692307682e-01 9.615384615384615918e-03 1.549145299145299193e-02
0.000000000000000000e+00 8.929843304843304574e-02 1.237980769230769273e-01 1.335470085470085409e-02 1.041666666666666609e-02
0.000000000000000000e+00 1.833155270655270619e-01 1.378205128205128305e-01 1.549145299145299193e-02 1.442307692307692388e-02
0.000000000000000000e+00 1.991631054131054179e-01 1.424946581196581130e-01 1.299857549857549865e-02 9.348290598290598039e-03
0.000000000000000000e+00 2.414529914529914556e-01 2.657585470085470011e-02 5.698005698005698290e-03 1.896367521367521222e-02
0.000000000000000000e+00 2.427884615384615363e-01 4.393696581196580853e-02 5.876068376068376009e-03 1.522435897435897405e-02
0.000000000000000000e+00 2.464387464387464421e-01 7.879273504273504036e-02 6.054131054131053728e-03 1.175213675213675202e-02
0.000000000000000000e+00 2.480413105413105390e-01 9.495192307692307265e-02 6.054131054131053728e-03 1.308760683760683795e-02
0.000000000000000000e+00 2.490206552706552834e-01 1.091079059829059839e-01 6.232193732193732315e-03 1.308760683760683795e-02
0.000000000000000000e+00 2.323717948717948789e-01 2.011217948717948789e-01 9.259259259259258745e-03 9.615384615384615918e-03
0.000000000000000000e+00 2.379807692307692180e-01 2.094017094017094072e-01 1.157407407407407343e-02 1.068376068376068397e-02
0.000000000000000000e+00 1.682692307692307612e-02 3.345352564102563875e-01 8.368945868945869282e-03 1.682692307692307612e-02
0.000000000000000000e+00 4.941239316239316032e-02 3.352029914529914278e-01 8.725071225071224720e-03 1.709401709401709574e-02
0.000000000000000000e+00 1.250890313390313480e-01 3.644497863247863068e-01 1.477920227920227932e-02 1.362179487179487197e-02
0.000000000000000000e+00 1.522435897435897405e-02 5.116185897435897578e-01 8.012820512820512109e-03 1.629273504273504383e-02
0.000000000000000000e+00 2.457264957264957209e-02 5.105502136752136932e-01 7.834757834757835257e-03 1.201923076923076990e-02
0.000000000000000000e+00 9.099002849002849058e-02 5.088141025641025328e-01 7.834757834757835257e-03 1.816239316239316379e-02
0.000000000000000000e+00 1.079950142450142453e-01 5.268429487179486781e-01 1.299857549857549865e-02 1.095085470085470011e-02
0.000000000000000000e+00 1.026531339031339085e-01 5.924145299145299193e-01 8.012820512820512109e-03 1.869658119658119608e-02
0.000000000000000000e+00 2.557870370370370350e-01 5.663728632478632896e-01 1.655982905982905998e-02 1.308760683760683795e-02
0.000000000000000000e+00 2.402065527065526951e-01 6.060363247863247427e-01 9.615384615384615918e-03 1.762820512820512803e-02
0.000000000000000000e+00 2.579237891737891641e-01 6.081730769230768718e-01 7.300569800569800365e-03 1.923076923076923184e-02
0.000000000000000000e+00 2.673611111111111049e-01 6.091079059829059839e-01 7.656695156695156670e-03 2.003205128205128374e-02
0.000000000000000000e+00 2.012108262108262130e-02 8.104967948717948234e-01 1.175213675213675202e-02 2.323717948717948789e-02
0.000000000000000000e+00 3.782051282051281937e-01 4.059829059829059977e-02 6.410256410256410034e-03 1.068376068376068397e-02
0.000000000000000000e+00 3.788283475783476018e-01 5.088141025641025605e-02 5.163817663817663398e-03 9.882478632478632063e-03
0.000000000000000000e+00 3.547008547008547175e-01 4.594017094017094349e-02 1.032763532763532680e-02 9.615384615384615918e-03
0.000000000000000000e+00 3.551460113960113740e-01 5.755876068376068050e-02 1.228632478632478604e-02 9.348290598290598039e-03
0.000000000000000000e+00 3.559472934472934225e-01 6.343482905982905651e-02 1.139601139601139658e-02 8.814102564102564014e-03
0.000000000000000000e+00 7.122507122507122368e-01 7.345085470085470011e-03 1.032763532763532680e-02 8.814102564102564014e-03
0.000000000000000000e+00 7.162571225071224790e-01 1.255341880341880392e-02 1.299857549857549865e-02 9.081196581196581893e-03
0.000000000000000000e+00 7.174145299145299193e-01 1.883012820512820415e-02 9.615384615384615918e-03 1.041666666666666609e-02
0.000000000000000000e+00 5.213675213675214026e-01 2.879273504273504036e-01 7.478632478632478951e-03 1.923076923076923184e-02
0.000000000000000000e+00 5.349893162393162260e-01 2.877938034188033956e-01 8.012820512820512109e-03 1.415598290598290600e-02
0.000000000000000000e+00 7.864138176638176825e-01 2.267628205128205121e-01 9.081196581196581893e-03 1.442307692307692388e-02
0.000000000000000000e+00 8.028846153846154188e-01 2.239583333333333426e-01 7.834757834757835257e-03 1.415598290598290600e-02
0.000000000000000000e+00 8.871082621082621023e-01 1.268696581196581200e-02 7.122507122507122646e-03 8.814102564102564014e-03
0.000000000000000000e+00 8.750890313390313757e-01 1.618589743589743668e-01 7.656695156695156670e-03 1.121794871794871799e-02
0.000000000000000000e+00 8.812321937321937471e-01 1.601228632478632341e-01 8.190883190883190695e-03 1.201923076923076990e-02
0.000000000000000000e+00 8.875534188034187588e-01 1.586538461538461453e-01 9.081196581196581893e-03 1.442307692307692388e-02
0.000000000000000000e+00 8.962784900284900269e-01 1.582532051282051211e-01 9.081196581196581893e-03 1.415598290598290600e-02
0.000000000000000000e+00 9.196937321937321830e-01 1.647970085470085444e-01 1.246438746438746463e-02 1.068376068376068397e-02
0.000000000000000000e+00 9.263710826210825866e-01 1.814903846153846090e-01 1.299857549857549865e-02 9.348290598290598039e-03
0.000000000000000000e+00 9.390135327635327211e-01 1.606570512820512941e-01 1.299857549857549865e-02 1.041666666666666609e-02
0.000000000000000000e+00 9.780092592592593004e-01 1.551816239316239354e-01 1.477920227920227932e-02 1.282051282051282007e-02
0.000000000000000000e+00 9.936787749287748772e-01 2.649572649572649596e-01 1.228632478632478604e-02 1.068376068376068397e-02
0.000000000000000000e+00 9.695512820512820484e-01 2.760416666666666852e-01 1.068376068376068397e-02 8.814102564102564014e-03
0.000000000000000000e+00 9.732015669515668987e-01 2.837873931623931534e-01 1.193019943019943060e-02 8.814102564102564014e-03
0.000000000000000000e+00 9.764066951566952035e-01 2.923344017094017255e-01 1.121794871794871799e-02 1.041666666666666609e-02
0.000000000000000000e+00 9.832621082621082476e-01 3.059561965811966044e-01 1.495726495726495790e-02 1.095085470085470011e-02
0.000000000000000000e+00 9.871794871794872250e-01 3.155715811965811857e-01 6.410256410256410034e-03 8.279914529914529989e-03
0.000000000000000000e+00 9.183582621082621023e-01 4.023771367521367659e-01 1.014957264957264994e-02 1.896367521367521222e-02
0.000000000000000000e+00 9.253027065527065220e-01 4.237446581196581130e-01 9.437321937321937332e-03 1.522435897435897405e-02
0.000000000000000000e+00 9.441773504273504036e-01 4.910523504273504036e-01 1.014957264957264994e-02 1.842948717948717993e-02
0.000000000000000000e+00 9.732015669515668987e-01 6.595886752136752573e-01 1.014957264957264994e-02 2.003205128205128374e-02
0.000000000000000000e+00 9.872685185185184897e-01 7.159455128205127750e-01 1.193019943019943060e-02 2.590811965811965975e-02
