0.000000000000000000e+00 4.522792022792022915e-02 3.432158119658119955e-02 9.971509971509971357e-03 8.279914529914529989e-03
0.000000000000000000e+00 7.380698005698005382e-02 2.871260683760683621e-02 1.050569800569800538e-02 9.882478632478632063e-03
0.000000000000000000e+00 3.365384615384615224e-02 1.064369658119658085e-01 1.068376068376068397e-02 8.279914529914529989e-03
0.000000000000000000e+00 9.926994301994301884e-02 1.065705128205128166e-01 1.157407407407407343e-02 8.547008547008547868e-03
0.000000000000000000e+00 9.740028490028490582e-02 1.132478632478632480e-01 1.103988603988603941e-02 7.478632478632478951e-03
0.000000000000000000e+00 9.633190883190882736e-02 1.207264957264957278e-01 1.103988603988603941e-02 8.547008547008547868e-03
0.000000000000000000e+00 9.686609686609685965e-02 1.372863247863247982e-01 1.103988603988603941e-02 8.547008547008547868e-03
0.000000000000000000e+00 9.820156695156695426e-02 1.420940170940170888e-01 7.656695156695156670e-03 7.478632478632478951e-03
0.000000000000000000e+00 3.454415954415954171e-02 1.717414529914529919e-01 8.190883190883190695e-03 3.739316239316239476e-03
0.000000000000000000e+00 9.205840455840455516e-02 2.155448717948718063e-01 6.054131054131053728e-03 1.282051282051282007e-02
0.000000000000000000e+00 9.953703703703703498e-02 2.143429487179487059e-01 5.341880341880341984e-03 1.095085470085470011e-02
0.000000000000000000e+00 1.070156695156695148e-01 2.542735042735042583e-01 9.971509971509971357e-03 1.068376068376068397e-02
0.000000000000000000e+00 1.079059829059829112e-01 2.608173076923077094e-01 9.615384615384615918e-03 8.814102564102564014e-03
0.000000000000000000e+00 1.085292022792022776e-01 2.685630341880341776e-01 1.086182336182336255e-02 9.348290598290598039e-03
0.000000000000000000e+00 3.294159544159544310e-03 3.624465811965811857e-01 5.519943019943019703e-03 1.175213675213675202e-02
0.000000000000000000e+00 1.406695156695156601e-01 4.006410256410256054e-03 1.032763532763532680e-02 7.478632478632478951e-03
0.000000000000000000e+00 2.101139601139601076e-01 3.846153846153846367e-02 9.259259259259258745e-03 7.478632478632478951e-03
0.000000000000000000e+00 2.098468660968660915e-01 4.340277777777777624e-02 6.944444444444444059e-03 7.745726495726495964e-03
0.000000000000000000e+00 2.182158119658119677e-01 1.152510683760683829e-01 1.121794871794871799e-02 7.745726495726495964e-03
0.000000000000000000e+00 2.194622507122507005e-01 1.212606837606837601e-01 1.050569800569800538e-02 8.012820512820512109e-03
0.000000000000000000e+00 2.210648148148148251e-01 1.378205128205128305e-01 1.014957264957264994e-02 8.547008547008547868e-03
0.000000000000000000e+00 2.213319088319088412e-01 1.448985042735042861e-01 1.068376068376068397e-02 8.814102564102564014e-03
0.000000000000000000e+00 2.232905982905983022e-01 1.537126068376068466e-01 1.210826210826210746e-02 9.882478632478632063e-03
0.000000000000000000e+00 2.251602564102564152e-01 1.613247863247863345e-01 1.086182336182336255e-02 9.615384615384615918e-03
0.000000000000000000e+00 2.030804843304843399e-01 1.619925213675213749e-01 6.588319088319088621e-03 1.308760683760683795e-02
0.000000000000000000e+00 1.912393162393162260e-01 1.643963675213675202e-01 7.834757834757835257e-03 1.308760683760683795e-02
0.000000000000000000e+00 1.852742165242165229e-01 1.900373931623931534e-01 6.232193732193732315e-03 1.148504273504273587e-02
0.000000000000000000e+00 1.916844729344729381e-01 1.880341880341880323e-01 6.232193732193732315e-03 1.175213675213675202e-02
0.000000000000000000e+00 1.984508547008546897e-01 1.866987179487179516e-01 6.232193732193732315e-03 1.282051282051282007e-02
0.000000000000000000e+00 2.048611111111111049e-01 1.836271367521367659e-01 7.300569800569800365e-03 1.148504273504273587e-02
0.000000000000000000e+00 1.938212250712250673e-01 1.955128205128205121e-01 5.519943019943019703e-03 6.410256410256410034e-03
0.000000000000000000e+00 2.004095441595441507e-01 1.972489316239316171e-01 7.300569800569800365e-03 1.201923076923076990e-02
0.000000000000000000e+00 2.066417378917378977e-01 2.199519230769230727e-01 1.264245014245014322e-02 1.095085470085470011e-02
0.000000000000000000e+00 2.087784900284900269e-01 2.293002136752136655e-01 1.121794871794871799e-02 1.041666666666666609e-02
0.000000000000000000e+00 2.094907407407407274e-01 2.398504273504273587e-01 1.050569800569800538e-02 8.012820512820512109e-03
0.000000000000000000e+00 2.868589743589743390e-01 2.377136752136752018e-01 6.410256410256410034e-03 1.335470085470085409e-02
0.000000000000000000e+00 2.571225071225071157e-01 2.720352564102563875e-01 4.629629629629629373e-03 9.882478632478632063e-03
0.000000000000000000e+00 2.630876068376068466e-01 2.700320512820512664e-01 5.163817663817663398e-03 1.014957264957264994e-02
0.000000000000000000e+00 2.878383190883190834e-01 4.300213675213675479e-01 1.371082621082621127e-02 1.068376068376068397e-02
0.000000000000000000e+00 1.107549857549857547e-01 8.157051282051281937e-01 7.478632478632478951e-03 1.388888888888888812e-02
0.000000000000000000e+00 1.530448717948718063e-01 8.027510683760683552e-01 8.368945868945869282e-03 1.896367521367521222e-02
0.000000000000000000e+00 3.085826210826210780e-01 7.212873931623932089e-01 8.903133903133903307e-03 1.842948717948717993e-02
0.000000000000000000e+00 3.270121082621082476e-01 7.182158119658119677e-01 7.656695156695156670e-03 1.655982905982905998e-02
0.000000000000000000e+00 3.211360398860398924e-01 4.887820512820512803e-02 5.163817663817663398e-03 1.121794871794871799e-02
0.000000000000000000e+00 3.268340455840456071e-01 1.424946581196581130e-01 5.876068376068376009e-03 1.362179487179487197e-02
0.000000000000000000e+00 3.295940170940170888e-01 1.788194444444444475e-01 6.054131054131053728e-03 1.095085470085470011e-02
0.000000000000000000e+00 3.142806267806267928e-01 1.877670940170940161e-01 6.410256410256410034e-03 1.495726495726495790e-02
0.000000000000000000e+00 3.332443019943019946e-01 2.451923076923076816e-01 6.588319088319088621e-03 1.655982905982905998e-02
0.000000000000000000e+00 3.344907407407407551e-01 2.626869658119658224e-01 5.876068376068376009e-03 1.201923076923076990e-02
0.000000000000000000e+00 3.367165242165242045e-01 2.867254273504273310e-01 6.410256410256410034e-03 1.201923076923076990e-02
0.000000000000000000e+00 3.400997150997150942e-01 4.560630341880341776e-01 7.478632478632478951e-03 1.789529914529914417e-02
0.000000000000000000e+00 3.615562678062678170e-01 5.556891025641025328e-01 7.656695156695156670e-03 1.362179487179487197e-02
0.000000000000000000e+00 4.100783475783476018e-01 9.738247863247863068e-01 8.903133903133903307e-03 2.564102564102564014e-02
0.000000000000000000e+00 3.952101139601139623e-01 3.966346153846153633e-02 5.163817663817663398e-03 9.882478632478632063e-03
0.000000000000000000e+00 3.811431623931623713e-01 4.887820512820512803e-02 1.050569800569800538e-02 8.012820512820512109e-03
0.000000000000000000e+00 3.814102564102563875e-01 6.704059829059828834e-02 5.341880341880341984e-03 7.478632478632478951e-03
0.000000000000000000e+00 4.002849002849002691e-01 8.947649572649572780e-02 6.410256410256410034e-03 1.923076923076923184e-02
0.000000000000000000e+00 4.505876068376068466e-01 2.057959401709401615e-01 1.655982905982905998e-02 1.148504273504273587e-02
0.000000000000000000e+00 5.596509971509971981e-01 1.738782051282051211e-01 1.388888888888888812e-02 9.081196581196581893e-03
0.000000000000000000e+00 6.515313390313390851e-01 8.587072649572649596e-02 1.282051282051282007e-02 6.677350427350427046e-03
0.000000000000000000e+00 6.972934472934473327e-01 4.273504273504273587e-02 1.175213675213675202e-02 1.709401709401709574e-02
0.000000000000000000e+00 7.060185185185184897e-01 4.366987179487179238e-02 8.903133903133903307e-03 1.308760683760683795e-02
0.000000000000000000e+00 7.191061253561253919e-01 5.862713675213675202e-02 1.193019943019943060e-02 1.629273504273504383e-02
0.000000000000000000e+00 8.381410256410256610e-01 5.074786324786324798e-02 6.410256410256410034e-03 1.442307692307692388e-02
0.000000000000000000e+00 8.527421652421652842e-01 2.911324786324786390e-02 1.139601139601139658e-02 9.081196581196581893e-03
0.000000000000000000e+00 9.065170940170940161e-01 5.755876068376068050e-02 9.615384615384615918e-03 9.882478632478632063e-03
0.000000000000000000e+00 8.178418803418803229e-01 1.766826923076923184e-01 8.903133903133903307e-03 1.201923076923076990e-02
0.000000000000000000e+00 8.266559829059828557e-01 1.900373931623931534e-01 1.014957264957264994e-02 1.308760683760683795e-02
0.000000000000000000e+00 8.467770655270655533e-01 2.208867521367521292e-01 1.050569800569800538e-02 1.282051282051282007e-02
0.000000000000000000e+00 8.581730769230768718e-01 2.366452991452991372e-01 9.793447293447292770e-03 1.495726495726495790e-02
0.000000000000000000e+00 8.690349002849002691e-01 2.542735042735042583e-01 1.050569800569800538e-02 1.495726495726495790e-02
0.000000000000000000e+00 9.017094017094017255e-01 3.040865384615384359e-01 1.068376068376068397e-02 1.255341880341880392e-02
0.000000000000000000e+00 9.008190883190883014e-01 3.150373931623931534e-01 6.054131054131053728e-03 1.148504273504273587e-02
0.000000000000000000e+00 9.171118233618233972e-01 3.266559829059829112e-01 1.050569800569800538e-02 1.495726495726495790e-02
0.000000000000000000e+00 9.632300569800569257e-01 3.537660256410256610e-01 1.086182336182336255e-02 1.308760683760683795e-02
0.000000000000000000e+00 9.788105413105413488e-01 3.504273504273504036e-01 9.615384615384615918e-03 1.335470085470085409e-02
0.000000000000000000e+00 9.858440170940171443e-01 3.478899572649572502e-01 1.086182336182336255e-02 1.522435897435897405e-02
0.000000000000000000e+00 9.770299145299145005e-01 3.884882478632478708e-01 1.103988603988603941e-02 1.469017094017094002e-02
0.000000000000000000e+00 9.833511396011396233e-01 3.854166666666666852e-01 1.157407407407407343e-02 1.602564102564102422e-02
0.000000000000000000e+00 9.918091168091167642e-01 3.832799145299145560e-01 9.971509971509971357e-03 1.655982905982905998e-02
0.000000000000000000e+00 9.080306267806267373e-01 9.388354700854700807e-02 6.232193732193732315e-03 1.148504273504273587e-02
0.000000000000000000e+00 9.126602564102563875e-01 1.056356837606837601e-01 5.519943019943019703e-03 9.882478632478632063e-03
0.000000000000000000e+00 9.174679487179486781e-01 1.180555555555555525e-01 5.876068376068376009e-03 1.014957264957264994e-02
0.000000000000000000e+00 9.287749287749287319e-01 1.474358974358974395e-01 5.341880341880341984e-03 1.121794871794871799e-02
0.000000000000000000e+00 9.452457264957264682e-01 1.895032051282051211e-01 6.232193732193732315e-03 1.095085470085470011e-02
0.000000000000000000e+00 9.963497150997151497e-01 3.342681623931623713e-01 6.944444444444444059e-03 1.255341880341880392e-02
0.000000000000000000e+00 3.912037037037037202e-01 4.368322649572649596e-01 1.531339031339031334e-02 1.201923076923076990e-02
0.000000000000000000e+00 4.791666666666666852e-01 4.216079059829059839e-01 1.317663817663817724e-02 7.211538461538461939e-03
0.000000000000000000e+00 4.950142450142450135e-01 4.185363247863247982e-01 1.068376068376068397e-02 7.478632478632478951e-03
0.000000000000000000e+00 5.506588319088319139e-01 4.097222222222222099e-01 1.193019943019943060e-02 1.068376068376068397e-02
0.000000000000000000e+00 6.452991452991453381e-01 3.936965811965811857e-01 1.353276353276353268e-02 9.615384615384615918e-03
0.000000000000000000e+00 6.720085470085470636e-01 3.892895299145299193e-01 1.495726495726495790e-02 1.095085470085470011e-02
0.000000000000000000e+00 6.872329059829059839e-01 3.863514957264957417e-01 1.371082621082621127e-02 1.041666666666666609e-02
0.000000000000000000e+00 6.812678062678062529e-01 4.033119658119658224e-01 1.175213675213675202e-02 9.615384615384615918e-03
0.000000000000000000e+00 6.801103988603988126e-01 4.250801282051281937e-01 1.371082621082621127e-02 1.148504273504273587e-02
0.000000000000000000e+00 6.842058404558404305e-01 4.389690170940170888e-01 1.620370370370370280e-02 1.575854700854700807e-02
0.000000000000000000e+00 6.862535612535612950e-01 4.556623931623931534e-01 1.282051282051282007e-02 1.014957264957264994e-02
0.000000000000000000e+00 6.895477207977207534e-01 4.627403846153846367e-01 1.121794871794871799e-02 1.041666666666666609e-02
0.000000000000000000e+00 7.247150997150997309e-01 3.804754273504273310e-01 1.424501424501424529e-02 1.041666666666666609e-02
0.000000000000000000e+00 7.526709401709401615e-01 3.754006410256410242e-01 8.903133903133903307e-03 8.814102564102564014e-03
0.000000000000000000e+00 7.654024216524216717e-01 3.723290598290598385e-01 1.406695156695156670e-02 1.068376068376068397e-02
0.000000000000000000e+00 7.835648148148147696e-01 3.692574786324786529e-01 9.437321937321937332e-03 7.745726495726495964e-03
0.000000000000000000e+00 7.976317663817663606e-01 3.664529914529914278e-01 1.549145299145299193e-02 1.068376068376068397e-02
0.000000000000000000e+00 8.642272079772079785e-01 3.569711538461538547e-01 1.442307692307692388e-02 9.882478632478632063e-03
0.000000000000000000e+00 4.238782051282051211e-01 6.307425213675214026e-01 7.300569800569800365e-03 1.469017094017094002e-02
0.000000000000000000e+00 4.311787749287749327e-01 6.284722222222222099e-01 7.656695156695156670e-03 1.602564102564102422e-02
0.000000000000000000e+00 4.388354700854700807e-01 6.270032051282051766e-01 8.368945868945869282e-03 1.842948717948717993e-02
0.000000000000000000e+00 4.487179487179487336e-01 6.259348290598291120e-01 7.834757834757835257e-03 1.842948717948717993e-02
0.000000000000000000e+00 4.481837606837607013e-01 6.822916666666666297e-01 6.766381766381766340e-03 1.842948717948717993e-02
0.000000000000000000e+00 4.568198005698005937e-01 6.804220085470085166e-01 6.944444444444444059e-03 1.469017094017094002e-02
0.000000000000000000e+00 4.737357549857549865e-01 6.609241452991453381e-01 1.050569800569800538e-02 1.201923076923076990e-02
0.000000000000000000e+00 4.725783475783476018e-01 6.358173076923077094e-01 1.317663817663817724e-02 1.201923076923076990e-02
0.000000000000000000e+00 4.958155270655270619e-01 6.307425213675214026e-01 1.442307692307692388e-02 1.201923076923076990e-02
0.000000000000000000e+00 5.195868945868945543e-01 6.267361111111111605e-01 1.531339031339031334e-02 1.201923076923076990e-02
0.000000000000000000e+00 5.405092592592593004e-01 6.221955128205127750e-01 1.549145299145299193e-02 1.362179487179487197e-02
0.000000000000000000e+00 6.047898860398860377e-01 6.364850427350426942e-01 1.620370370370370280e-02 1.282051282051282007e-02
0.000000000000000000e+00 6.217058404558404305e-01 6.071047008547008073e-01 1.299857549857549865e-02 1.175213675213675202e-02
0.000000000000000000e+00 6.224180911680912143e-01 6.323450854700854995e-01 8.012820512820512109e-03 9.882478632478632063e-03
0.000000000000000000e+00 6.862535612535612950e-01 5.990918803418803229e-01 8.190883190883190695e-03 1.549145299145299193e-02
0.000000000000000000e+00 6.934650997150997309e-01 5.974893162393162260e-01 9.437321937321937332e-03 1.602564102564102422e-02
0.000000000000000000e+00 7.183938746438746081e-01 5.949519230769231282e-01 8.725071225071224720e-03 1.522435897435897405e-02
0.000000000000000000e+00 7.416310541310541238e-01 6.125801282051281937e-01 1.566951566951567051e-02 1.148504273504273587e-02
0.000000000000000000e+00 7.699430199430199462e-01 6.065705128205127750e-01 1.531339031339031334e-02 1.121794871794871799e-02
0.000000000000000000e+00 7.892628205128204844e-01 6.033653846153845812e-01 8.725071225071224720e-03 7.478632478632478951e-03
0.000000000000000000e+00 8.868411680911680861e-01 5.850694444444444198e-01 1.584757834757834910e-02 1.308760683760683795e-02
0.000000000000000000e+00 9.731125356125356340e-01 5.653044871794872250e-01 1.673789173789173856e-02 1.362179487179487197e-02
0.000000000000000000e+00 5.323183760683760646e-01 7.767094017094017255e-01 1.549145299145299193e-02 1.282051282051282007e-02
0.000000000000000000e+00 4.992877492877492718e-01 7.943376068376067911e-01 1.424501424501424529e-02 1.335470085470085409e-02
0.000000000000000000e+00 5.010683760683760646e-01 8.056891025641025328e-01 1.566951566951567051e-02 1.255341880341880392e-02
0.000000000000000000e+00 5.024928774928775210e-01 8.171741452991453381e-01 1.602564102564102422e-02 1.415598290598290600e-02
0.000000000000000000e+00 5.162927350427350959e-01 8.357371794871795156e-01 1.869658119658119608e-02 1.655982905982905998e-02
0.000000000000000000e+00 5.064102564102563875e-01 8.498931623931623713e-01 1.495726495726495790e-02 1.282051282051282007e-02
0.000000000000000000e+00 5.430021367521367104e-01 8.512286324786324521e-01 1.798433048433048520e-02 1.495726495726495790e-02
0.000000000000000000e+00 5.729166666666666297e-01 9.467147435897436125e-01 1.834045584045583890e-02 1.469017094017094002e-02
0.000000000000000000e+00 6.075498575498575748e-01 8.788728632478632896e-01 1.638176638176638139e-02 1.629273504273504383e-02
0.000000000000000000e+00 6.818910256410256610e-01 6.789529914529914834e-01 1.014957264957264994e-02 2.136752136752136794e-02
0.000000000000000000e+00 6.932870370370370905e-01 7.326388888888888395e-01 1.014957264957264994e-02 1.923076923076923184e-02
0.000000000000000000e+00 6.985398860398860377e-01 7.592147435897436125e-01 8.190883190883190695e-03 2.163461538461538408e-02
0.000000000000000000e+00 7.072649572649573058e-01 8.024839743589743390e-01 1.068376068376068397e-02 2.110042735042735179e-02
0.000000000000000000e+00 6.518874643874643660e-01 8.147702991452991927e-01 8.903133903133903307e-03 2.003205128205128374e-02
0.000000000000000000e+00 6.599893162393162260e-01 8.123664529914529364e-01 8.368945868945869282e-03 1.896367521367521222e-02
0.000000000000000000e+00 6.703169515669515910e-01 8.116987179487179516e-01 1.157407407407407343e-02 2.564102564102564014e-02
0.000000000000000000e+00 6.518874643874643660e-01 8.609775641025640969e-01 9.615384615384615918e-03 1.949786324786324798e-02
0.000000000000000000e+00 6.606125356125356340e-01 8.599091880341880323e-01 8.903133903133903307e-03 1.842948717948717993e-02
0.000000000000000000e+00 6.698717948717948234e-01 8.569711538461538547e-01 1.068376068376068397e-02 2.056623931623931603e-02
0.000000000000000000e+00 6.787749287749287319e-01 8.567040598290598385e-01 8.903133903133903307e-03 1.575854700854700807e-02
0.000000000000000000e+00 6.889245014245014564e-01 8.533653846153845812e-01 1.032763532763532680e-02 2.083333333333333218e-02
0.000000000000000000e+00 7.231125356125356340e-01 8.577724358974359031e-01 9.615384615384615918e-03 1.842948717948717993e-02
0.000000000000000000e+00 7.170584045584045274e-01 9.176014957264957417e-01 8.547008547008547868e-03 2.216880341880341984e-02
