0.000000000000000000e+00 4.181801994301994063e-01 7.405181623931623713e-01 1.442307692307692388e-02 1.255341880341880392e-02
0.000000000000000000e+00 4.366987179487179516e-01 7.473290598290598385e-01 1.335470085470085409e-02 1.175213675213675202e-02
0.000000000000000000e+00 3.784722222222222099e-01 8.489583333333333703e-01 9.437321937321937332e-03 2.323717948717948789e-02
0.000000000000000000e+00 3.960113960113960108e-01 8.462873931623932089e-01 8.547008547008547868e-03 1.736111111111111188e-02
0.000000000000000000e+00 4.127492877492877632e-01 8.373397435897436125e-01 9.259259259259258745e-03 1.816239316239316379e-02
0.000000000000000000e+00 4.465811965811966044e-01 8.282585470085470636e-01 8.547008547008547868e-03 2.029914529914529989e-02
0.000000000000000000e+00 5.168269230769231282e-01 7.899305555555555802e-01 7.656695156695156670e-03 1.949786324786324798e-02
0.000000000000000000e+00 3.862179487179487336e-01 9.857104700854700807e-01 1.709401709401709574e-02 1.522435897435897405e-02
0.000000000000000000e+00 4.065170940170940161e-01 9.787660256410256610e-01 1.531339031339031334e-02 1.415598290598290600e-02
0.000000000000000000e+00 4.268162393162392987e-01 9.719551282051281937e-01 1.816239316239316379e-02 1.495726495726495790e-02
0.000000000000000000e+00 4.480947293447293256e-01 9.639423076923077094e-01 1.691595441595441715e-02 1.442307692307692388e-02
0.000000000000000000e+00 4.670584045584045829e-01 9.590010683760683552e-01 1.780626780626780661e-02 1.469017094017094002e-02
0.000000000000000000e+00 4.737357549857549865e-01 9.288194444444444198e-01 1.549145299145299193e-02 1.308760683760683795e-02
0.000000000000000000e+00 6.435185185185184897e-01 9.536591880341880323e-01 1.566951566951567051e-02 1.469017094017094002e-02
0.000000000000000000e+00 8.337784900284900269e-01 8.178418803418803229e-01 1.264245014245014322e-02 8.547008547008547868e-03
0.000000000000000000e+00 8.534544159544159569e-01 8.102297008547008073e-01 1.103988603988603941e-02 7.745726495726495964e-03
0.000000000000000000e+00 8.722400284900284628e-01 8.066239316239316448e-01 1.584757834757834910e-02 1.228632478632478604e-02
0.000000000000000000e+00 8.919159544159543929e-01 8.023504273504273865e-01 1.638176638176638139e-02 1.228632478632478604e-02
0.000000000000000000e+00 4.593126780626780592e-01 2.083333333333333218e-02 5.163817663817663398e-03 1.121794871794871799e-02
0.000000000000000000e+00 4.609152421652421561e-01 3.285256410256410381e-02 5.163817663817663398e-03 9.081196581196581893e-03
0.000000000000000000e+00 4.642094017094017255e-01 6.917735042735043138e-02 5.341880341880341984e-03 1.014957264957264994e-02
0.000000000000000000e+00 5.578703703703703498e-01 6.276709401709401961e-03 1.032763532763532680e-02 7.745726495726495964e-03
0.000000000000000000e+00 7.810719373219373596e-01 3.151709401709401615e-02 6.944444444444444059e-03 1.388888888888888812e-02
0.000000000000000000e+00 9.641203703703703498e-01 8.547008547008547868e-03 9.793447293447292770e-03 9.615384615384615918e-03
0.000000000000000000e+00 6.362179487179486781e-01 1.103098290598290565e-01 4.985754985754985678e-03 6.944444444444444059e-03
0.000000000000000000e+00 6.423611111111111605e-01 1.087072649572649596e-01 5.519943019943019703e-03 8.547008547008547868e-03
0.000000000000000000e+00 6.489494301994301884e-01 1.072382478632478570e-01 6.588319088319088621e-03 9.882478632478632063e-03
0.000000000000000000e+00 6.608796296296296502e-01 1.076388888888888951e-01 5.876068376068376009e-03 1.228632478632478604e-02
0.000000000000000000e+00 6.672008547008546619e-01 1.064369658119658085e-01 5.698005698005698290e-03 1.201923076923076990e-02
0.000000000000000000e+00 6.728988603988603767e-01 1.052350427350427359e-01 6.766381766381766340e-03 1.175213675213675202e-02
0.000000000000000000e+00 7.264957264957264682e-01 7.652243589743590313e-02 1.210826210826210746e-02 8.279914529914529989e-03
0.000000000000000000e+00 7.494658119658119677e-01 9.308226495726495964e-02 6.054131054131053728e-03 1.041666666666666609e-02
0.000000000000000000e+00 9.074074074074074403e-01 5.381944444444444753e-02 1.566951566951567051e-02 1.148504273504273587e-02
0.000000000000000000e+00 5.096153846153845812e-01 3.927617521367521292e-01 6.054131054131053728e-03 1.308760683760683795e-02
0.000000000000000000e+00 5.171830484330484090e-01 3.886217948717948789e-01 6.232193732193732315e-03 7.478632478632478951e-03
0.000000000000000000e+00 5.307158119658119677e-01 3.907585470085470081e-01 5.876068376068376009e-03 1.282051282051282007e-02
0.000000000000000000e+00 5.591168091168091658e-01 3.947649572649572502e-01 6.410256410256410034e-03 1.335470085470085409e-02
0.000000000000000000e+00 5.660612535612535856e-01 3.942307692307692180e-01 6.054131054131053728e-03 1.335470085470085409e-02
0.000000000000000000e+00 5.731837606837606458e-01 3.928952991452991372e-01 6.766381766381766340e-03 1.495726495726495790e-02
0.000000000000000000e+00 5.801282051282051766e-01 3.923611111111111049e-01 6.054131054131053728e-03 1.388888888888888812e-02
0.000000000000000000e+00 5.259081196581196771e-01 5.271100427350426942e-01 6.944444444444444059e-03 1.362179487179487197e-02
0.000000000000000000e+00 5.329415954415954726e-01 5.256410256410256610e-01 7.122507122507122646e-03 1.816239316239316379e-02
0.000000000000000000e+00 5.399750712250712681e-01 5.217681623931623713e-01 7.656695156695156670e-03 1.148504273504273587e-02
0.000000000000000000e+00 5.852029914529914834e-01 3.130341880341880323e-01 5.519943019943019703e-03 1.175213675213675202e-02
0.000000000000000000e+00 6.613247863247863068e-01 2.108707264957264960e-01 5.698005698005698290e-03 9.882478632478632063e-03
0.000000000000000000e+00 6.674679487179486781e-01 2.099358974358974395e-01 5.876068376068376009e-03 1.228632478632478604e-02
0.000000000000000000e+00 6.739672364672364413e-01 2.095352564102564152e-01 6.766381766381766340e-03 1.148504273504273587e-02
0.000000000000000000e+00 6.798433048433047965e-01 2.094017094017094072e-01 7.122507122507122646e-03 1.175213675213675202e-02
0.000000000000000000e+00 6.862535612535612950e-01 2.080662393162393264e-01 6.054131054131053728e-03 1.175213675213675202e-02
0.000000000000000000e+00 6.924857549857549310e-01 2.090010683760683829e-01 5.341880341880341984e-03 8.279914529914529989e-03
0.000000000000000000e+00 7.231125356125356340e-01 3.040865384615384359e-01 1.317663817663817724e-02 8.814102564102564014e-03
0.000000000000000000e+00 7.255163817663817794e-01 3.108974358974359031e-01 1.157407407407407343e-02 9.081196581196581893e-03
0.000000000000000000e+00 7.272079772079772519e-01 3.311965811965811857e-01 1.210826210826210746e-02 8.547008547008547868e-03
0.000000000000000000e+00 7.613069800569800538e-01 3.465544871794871695e-01 4.807692307692307959e-03 1.308760683760683795e-02
0.000000000000000000e+00 7.521367521367521292e-01 2.576121794871794601e-01 6.766381766381766340e-03 1.148504273504273587e-02
0.000000000000000000e+00 7.585470085470085166e-01 2.574786324786324521e-01 6.410256410256410034e-03 1.335470085470085409e-02
0.000000000000000000e+00 7.655804843304843121e-01 2.557425213675213471e-01 6.588319088319088621e-03 1.255341880341880392e-02
0.000000000000000000e+00 7.786680911680912143e-01 2.550747863247863068e-01 7.478632478632478951e-03 1.282051282051282007e-02
0.000000000000000000e+00 7.852564102564102422e-01 2.536057692307692180e-01 7.122507122507122646e-03 1.201923076923076990e-02
0.000000000000000000e+00 8.315527065527065220e-01 1.809561965811965767e-01 6.410256410256410034e-03 9.882478632478632063e-03
0.000000000000000000e+00 8.352029914529914834e-01 1.908386752136752018e-01 5.519943019943019703e-03 9.882478632478632063e-03
0.000000000000000000e+00 8.519408831908832358e-01 2.000534188034188143e-01 7.656695156695156670e-03 1.335470085470085409e-02
0.000000000000000000e+00 8.563034188034187588e-01 2.144764957264957139e-01 7.122507122507122646e-03 1.335470085470085409e-02
0.000000000000000000e+00 8.439280626780626404e-01 2.206196581196581130e-01 6.588319088319088621e-03 1.228632478632478604e-02
0.000000000000000000e+00 8.491809116809116986e-01 2.397168803418803507e-01 5.698005698005698290e-03 1.201923076923076990e-02
0.000000000000000000e+00 8.208689458689458762e-01 2.536057692307692180e-01 6.766381766381766340e-03 1.095085470085470011e-02
0.000000000000000000e+00 8.273682336182336394e-01 2.532051282051281937e-01 5.876068376068376009e-03 1.014957264957264994e-02
0.000000000000000000e+00 8.368055555555555802e-01 2.533386752136752018e-01 8.725071225071224720e-03 1.469017094017094002e-02
0.000000000000000000e+00 8.433048433048433434e-01 2.514690170940170888e-01 6.054131054131053728e-03 1.041666666666666609e-02
0.000000000000000000e+00 8.384081196581196771e-01 2.867254273504273310e-01 6.944444444444444059e-03 1.362179487179487197e-02
0.000000000000000000e+00 8.538995726495726135e-01 2.844551282051281937e-01 6.588319088319088621e-03 1.335470085470085409e-02
0.000000000000000000e+00 8.603098290598291120e-01 2.824519230769230727e-01 8.368945868945869282e-03 1.415598290598290600e-02
0.000000000000000000e+00 8.668091168091167642e-01 2.800480769230769273e-01 6.766381766381766340e-03 1.255341880341880392e-02
0.000000000000000000e+00 8.731303418803418870e-01 2.789797008547008628e-01 7.656695156695156670e-03 1.415598290598290600e-02
0.000000000000000000e+00 8.601317663817663606e-01 3.108974358974359031e-01 7.300569800569800365e-03 1.282051282051282007e-02
0.000000000000000000e+00 8.538105413105413488e-01 3.824786324786324521e-01 1.103988603988603941e-02 9.081196581196581893e-03
0.000000000000000000e+00 8.561253561253561184e-01 3.969017094017093794e-01 1.246438746438746463e-02 9.615384615384615918e-03
0.000000000000000000e+00 6.476139601139601076e-01 5.925480769230768718e-01 1.246438746438746463e-02 9.882478632478632063e-03
0.000000000000000000e+00 6.508190883190883014e-01 6.017628205128204844e-01 1.460113960113960073e-02 1.068376068376068397e-02
0.000000000000000000e+00 6.794871794871795156e-01 6.167200854700854995e-01 6.410256410256410034e-03 1.068376068376068397e-02
0.000000000000000000e+00 6.940883190883191389e-01 6.148504273504273865e-01 7.834757834757835257e-03 1.442307692307692388e-02
0.000000000000000000e+00 7.029024216524216717e-01 6.112446581196581130e-01 7.656695156695156670e-03 1.095085470085470011e-02
0.000000000000000000e+00 7.597044159544159569e-01 6.116452991452991927e-01 7.656695156695156670e-03 1.068376068376068397e-02
0.000000000000000000e+00 8.110754985754985436e-01 6.024305555555555802e-01 7.834757834757835257e-03 9.882478632478632063e-03
0.000000000000000000e+00 8.277243589743589203e-01 5.797275641025640969e-01 6.232193732193732315e-03 1.522435897435897405e-02
0.000000000000000000e+00 8.108084045584045274e-01 4.292200854700854440e-01 9.437321937321937332e-03 1.709401709401709574e-02
0.000000000000000000e+00 8.649394586894586512e-01 4.209401709401709435e-01 8.012820512820512109e-03 1.602564102564102422e-02
0.000000000000000000e+00 9.181801994301994618e-01 5.817307692307692735e-01 6.588319088319088621e-03 8.547008547008547868e-03
0.000000000000000000e+00 9.140847578347578439e-01 4.197382478632478708e-01 8.368945868945869282e-03 1.415598290598290600e-02
0.000000000000000000e+00 9.220975783475783283e-01 4.182692307692307820e-01 8.012820512820512109e-03 1.228632478632478604e-02
0.000000000000000000e+00 9.048254985754985436e-01 4.475160256410256610e-01 1.299857549857549865e-02 9.882478632478632063e-03
0.000000000000000000e+00 9.084757834757835049e-01 4.549946581196581130e-01 1.353276353276353268e-02 9.882478632478632063e-03
0.000000000000000000e+00 9.103454415954416179e-01 4.627403846153846367e-01 1.371082621082621127e-02 9.882478632478632063e-03
0.000000000000000000e+00 9.127492877492877632e-01 4.699519230769230727e-01 1.460113960113960073e-02 9.882478632478632063e-03
0.000000000000000000e+00 9.138176638176638278e-01 4.771634615384615641e-01 1.388888888888888812e-02 9.882478632478632063e-03
0.000000000000000000e+00 9.169337606837606458e-01 4.846420940170940161e-01 1.193019943019943060e-02 9.348290598290598039e-03
0.000000000000000000e+00 9.188034188034187588e-01 4.918536324786324521e-01 1.317663817663817724e-02 1.041666666666666609e-02
0.000000000000000000e+00 9.202279202279202153e-01 5.012019230769231282e-01 1.139601139601139658e-02 9.882478632478632063e-03
0.000000000000000000e+00 9.237891737891738009e-01 5.088141025641025328e-01 1.495726495726495790e-02 1.014957264957264994e-02
0.000000000000000000e+00 9.262820512820513219e-01 5.162927350427350959e-01 1.210826210826210746e-02 1.014957264957264994e-02
0.000000000000000000e+00 9.284188034188034511e-01 5.248397435897436125e-01 1.353276353276353268e-02 1.014957264957264994e-02
0.000000000000000000e+00 9.318910256410256610e-01 5.327190170940171443e-01 1.655982905982905998e-02 1.095085470085470011e-02
0.000000000000000000e+00 9.504095441595441507e-01 5.134882478632478708e-01 9.081196581196581893e-03 1.469017094017094002e-02
0.000000000000000000e+00 9.692841880341880323e-01 4.465811965811966044e-01 8.368945868945869282e-03 1.388888888888888812e-02
0.000000000000000000e+00 9.765847578347578439e-01 5.479433760683760646e-01 8.725071225071224720e-03 1.629273504273504383e-02
0.000000000000000000e+00 9.923433048433047965e-01 5.442040598290598385e-01 9.615384615384615918e-03 1.789529914529914417e-02
0.000000000000000000e+00 9.827279202279202153e-01 5.104166666666666297e-01 9.259259259259258745e-03 1.709401709401709574e-02
0.000000000000000000e+00 9.926994301994301884e-01 4.910523504273504036e-01 7.834757834757835257e-03 1.415598290598290600e-02
0.000000000000000000e+00 9.981303418803418870e-01 4.877136752136752018e-01 3.739316239316239476e-03 1.655982905982905998e-02
0.000000000000000000e+00 9.710648148148147696e-01 1.511752136752136655e-01 6.944444444444444059e-03 1.175213675213675202e-02
0.000000000000000000e+00 9.900284900284900269e-01 1.522435897435897301e-01 7.122507122507122646e-03 1.121794871794871799e-02
0.000000000000000000e+00 9.977742165242164951e-01 1.786858974358974395e-01 4.095441595441595348e-03 1.175213675213675202e-02
0.000000000000000000e+00 9.908297720797720753e-01 2.337072649572649596e-01 6.232193732193732315e-03 1.282051282051282007e-02
