0.000000000000000000e+00 1.416488603988604045e-01 1.668002136752136655e-01 5.163817663817663398e-03 1.201923076923076990e-02
0.000000000000000000e+00 1.477920227920228036e-01 1.649305555555555525e-01 6.410256410256410034e-03 1.682692307692307612e-02
0.000000000000000000e+00 3.728632478632478708e-01 1.148504273504273449e-01 6.054131054131053728e-03 1.121794871794871799e-02
0.000000000000000000e+00 3.863069800569800538e-01 1.120459401709401753e-01 5.519943019943019703e-03 1.041666666666666609e-02
0.000000000000000000e+00 4.082977207977208089e-01 5.755876068376068050e-02 6.410256410256410034e-03 1.255341880341880392e-02
0.000000000000000000e+00 4.486289173789173579e-01 2.417200854700854717e-01 6.232193732193732315e-03 1.442307692307692388e-02
0.000000000000000000e+00 4.503205128205128305e-01 2.573450854700854440e-01 6.054131054131053728e-03 1.148504273504273587e-02
0.000000000000000000e+00 4.540598290598290565e-01 3.070245726495726690e-01 5.698005698005698290e-03 1.095085470085470011e-02
0.000000000000000000e+00 5.044515669515668987e-01 7.536057692307692735e-01 7.478632478632478951e-03 1.789529914529914417e-02
0.000000000000000000e+00 5.131766381766381668e-01 7.522702991452991927e-01 7.478632478632478951e-03 1.736111111111111188e-02
0.000000000000000000e+00 5.294693732193732627e-01 7.508012820512820484e-01 7.656695156695156670e-03 1.762820512820512803e-02
0.000000000000000000e+00 5.637464387464387050e-01 7.581463675213675479e-01 7.122507122507122646e-03 1.629273504273504383e-02
0.000000000000000000e+00 5.717592592592593004e-01 7.569444444444444198e-01 7.122507122507122646e-03 1.709401709401709574e-02
0.000000000000000000e+00 5.798611111111111605e-01 7.553418803418803229e-01 8.368945868945869282e-03 1.976495726495726413e-02
0.000000000000000000e+00 5.884971509971509418e-01 7.546741452991453381e-01 6.766381766381766340e-03 1.842948717948717993e-02
0.000000000000000000e+00 5.205662393162393542e-01 8.015491452991453381e-01 1.834045584045583890e-02 1.335470085470085409e-02
0.000000000000000000e+00 5.248397435897436125e-01 8.119658119658119677e-01 1.157407407407407343e-02 9.615384615384615918e-03
0.000000000000000000e+00 5.232371794871795156e-01 9.464476495726495964e-01 8.725071225071224720e-03 2.003205128205128374e-02
0.000000000000000000e+00 5.321403133903134242e-01 9.457799145299145005e-01 8.368945868945869282e-03 2.457264957264957209e-02
0.000000000000000000e+00 5.407763532763533165e-01 9.421741452991453381e-01 8.903133903133903307e-03 2.216880341880341984e-02
0.000000000000000000e+00 4.553062678062678170e-01 6.423611111111110494e-02 4.985754985754985678e-03 8.814102564102564014e-03
0.000000000000000000e+00 4.604700854700854440e-01 6.276709401709401615e-02 5.341880341880341984e-03 9.081196581196581893e-03
0.000000000000000000e+00 4.657229344729344467e-01 6.169871794871795156e-02 5.876068376068376009e-03 1.068376068376068397e-02
0.000000000000000000e+00 4.730235042735042583e-01 6.089743589743589619e-02 6.232193732193732315e-03 1.068376068376068397e-02
0.000000000000000000e+00 4.792556980056980054e-01 8.774038461538460898e-02 4.807692307692307959e-03 7.211538461538461939e-03
0.000000000000000000e+00 4.916310541310541238e-01 7.745726495726495964e-02 6.766381766381766340e-03 6.410256410256410034e-03
0.000000000000000000e+00 4.903846153846153633e-01 6.543803418803419147e-02 9.971509971509971357e-03 8.547008547008547868e-03
0.000000000000000000e+00 5.069444444444444198e-01 6.156517094017094349e-02 1.032763532763532680e-02 7.745726495726495964e-03
0.000000000000000000e+00 5.250178062678062529e-01 5.942841880341880045e-02 1.014957264957264994e-02 7.211538461538461939e-03
0.000000000000000000e+00 5.396189458689458762e-01 5.622329059829059977e-02 1.121794871794871799e-02 8.279914529914529989e-03
0.000000000000000000e+00 5.985576923076922906e-01 4.714209401709401615e-02 9.437321937321937332e-03 8.279914529914529989e-03
0.000000000000000000e+00 5.860042735042735318e-01 6.236645299145299193e-02 1.139601139601139658e-02 6.143162393162393022e-03
0.000000000000000000e+00 6.461894586894586512e-01 4.233440170940171166e-02 4.985754985754985678e-03 8.814102564102564014e-03
0.000000000000000000e+00 6.513532763532763337e-01 4.139957264957264821e-02 6.054131054131053728e-03 9.615384615384615918e-03
0.000000000000000000e+00 6.693376068376067911e-01 3.966346153846153633e-02 6.410256410256410034e-03 8.814102564102564014e-03
0.000000000000000000e+00 6.867877492877493273e-01 4.874465811965811995e-02 9.615384615384615918e-03 7.211538461538461939e-03
0.000000000000000000e+00 7.052172364672364413e-01 4.487179487179487197e-02 7.300569800569800365e-03 7.478632478632478951e-03
0.000000000000000000e+00 7.926460113960114295e-01 3.178418803418803229e-02 1.121794871794871799e-02 9.081196581196581893e-03
0.000000000000000000e+00 5.344551282051281937e-01 1.388888888888888951e-01 1.193019943019943060e-02 8.547008547008547868e-03
0.000000000000000000e+00 5.102386039886039892e-01 1.481036324786324798e-01 9.793447293447292770e-03 7.211538461538461939e-03
0.000000000000000000e+00 5.119301994301994618e-01 1.537126068376068466e-01 1.068376068376068397e-02 7.745726495726495964e-03
0.000000000000000000e+00 5.129985754985755264e-01 1.601228632478632341e-01 1.103988603988603941e-02 8.814102564102564014e-03
0.000000000000000000e+00 5.225249287749287319e-01 1.696047008547008628e-01 1.335470085470085409e-02 9.615384615384615918e-03
0.000000000000000000e+00 5.158475783475783283e-01 1.765491452991453103e-01 9.971509971509971357e-03 8.012820512820512109e-03
0.000000000000000000e+00 5.410434472934473327e-01 1.769497863247863345e-01 1.228632478632478604e-02 8.814102564102564014e-03
0.000000000000000000e+00 5.622329059829059839e-01 2.248931623931623991e-01 1.264245014245014322e-02 9.081196581196581893e-03
0.000000000000000000e+00 5.869836182336182206e-01 1.889690170940170888e-01 1.157407407407407343e-02 1.041666666666666609e-02
0.000000000000000000e+00 6.416488603988603767e-01 8.533653846153846367e-02 6.588319088319088621e-03 1.201923076923076990e-02
0.000000000000000000e+00 6.493055555555555802e-01 1.125801282051282076e-01 7.300569800569800365e-03 1.201923076923076990e-02
0.000000000000000000e+00 6.532229344729344467e-01 1.271367521367521292e-01 6.232193732193732315e-03 1.335470085470085409e-02
0.000000000000000000e+00 6.584757834757835049e-01 1.494391025641025605e-01 7.478632478632478951e-03 1.201923076923076990e-02
0.000000000000000000e+00 6.187678062678062529e-01 1.565170940170940161e-01 6.766381766381766340e-03 1.175213675213675202e-02
0.000000000000000000e+00 6.245548433048433434e-01 1.554487179487179516e-01 6.232193732193732315e-03 1.121794871794871799e-02
0.000000000000000000e+00 6.319444444444444198e-01 1.549145299145299193e-01 7.834757834757835257e-03 1.442307692307692388e-02
0.000000000000000000e+00 6.691595441595441507e-01 1.765491452991453103e-01 6.766381766381766340e-03 1.121794871794871799e-02
0.000000000000000000e+00 6.639957264957264682e-01 2.069978632478632341e-01 6.054131054131053728e-03 1.282051282051282007e-02
0.000000000000000000e+00 9.557514245014244736e-01 1.151175213675213610e-01 5.519943019943019703e-03 9.081196581196581893e-03
0.000000000000000000e+00 9.857549857549857686e-01 1.732104700854700807e-01 1.068376068376068397e-02 9.348290598290598039e-03
0.000000000000000000e+00 8.206018518518518601e-01 2.637553418803418870e-01 8.725071225071224720e-03 1.682692307692307612e-02
0.000000000000000000e+00 6.537571225071224790e-01 3.688568376068376287e-01 6.588319088319088621e-03 1.335470085470085409e-02
0.000000000000000000e+00 6.607015669515668987e-01 3.667200854700854440e-01 7.300569800569800365e-03 1.549145299145299193e-02
0.000000000000000000e+00 6.681801994301994618e-01 3.643162393162392987e-01 9.081196581196581893e-03 1.709401709401709574e-02
0.000000000000000000e+00 6.819800569800569257e-01 3.627136752136752018e-01 7.478632478632478951e-03 1.549145299145299193e-02
0.000000000000000000e+00 6.896367521367521292e-01 3.608440170940170888e-01 7.122507122507122646e-03 1.495726495726495790e-02
0.000000000000000000e+00 6.961360398860398924e-01 3.595085470085470081e-01 8.012820512820512109e-03 1.442307692307692388e-02
0.000000000000000000e+00 7.576566951566952035e-01 3.227831196581196771e-01 1.424501424501424529e-02 9.882478632478632063e-03
0.000000000000000000e+00 7.691417378917378977e-01 3.433493589743589758e-01 6.232193732193732315e-03 5.608974358974358997e-03
0.000000000000000000e+00 7.846331908831908342e-01 3.441506410256410242e-01 8.012820512820512109e-03 1.255341880341880392e-02
0.000000000000000000e+00 8.595085470085470636e-01 3.082264957264957417e-01 1.282051282051282007e-02 9.081196581196581893e-03
0.000000000000000000e+00 8.732193732193732627e-01 3.060897435897436125e-01 1.103988603988603941e-02 8.012820512820512109e-03
0.000000000000000000e+00 8.879095441595441507e-01 3.052884615384615641e-01 1.121794871794871799e-02 8.547008547008547868e-03
0.000000000000000000e+00 9.075854700854700807e-01 3.020833333333333148e-01 1.460113960113960073e-02 1.068376068376068397e-02
0.000000000000000000e+00 9.676816239316239354e-01 2.956730769230769273e-01 1.834045584045583890e-02 1.335470085470085409e-02
0.000000000000000000e+00 5.894764957264957417e-01 6.006944444444444198e-01 5.876068376068376009e-03 1.388888888888888812e-02
0.000000000000000000e+00 5.944622507122506727e-01 6.427617521367521292e-01 6.588319088319088621e-03 1.575854700854700807e-02
0.000000000000000000e+00 6.837606837606837740e-01 5.036057692307692735e-01 7.478632478632478951e-03 1.255341880341880392e-02
0.000000000000000000e+00 6.909722222222222099e-01 5.029380341880341776e-01 7.656695156695156670e-03 1.549145299145299193e-02
0.000000000000000000e+00 6.988069800569800538e-01 5.016025641025640969e-01 7.656695156695156670e-03 1.495726495726495790e-02
0.000000000000000000e+00 7.056623931623932089e-01 5.020032051282051766e-01 7.834757834757835257e-03 1.575854700854700807e-02
0.000000000000000000e+00 7.131410256410256610e-01 5.005341880341880323e-01 7.122507122507122646e-03 1.495726495726495790e-02
0.000000000000000000e+00 7.202635327635327211e-01 4.995993589743589758e-01 6.766381766381766340e-03 1.362179487179487197e-02
0.000000000000000000e+00 7.583689458689458762e-01 6.344818376068376287e-01 1.460113960113960073e-02 1.095085470085470011e-02
0.000000000000000000e+00 7.605056980056980054e-01 6.444978632478632896e-01 1.424501424501424529e-02 1.014957264957264994e-02
0.000000000000000000e+00 7.637108262108261991e-01 6.728098290598291120e-01 1.353276353276353268e-02 1.121794871794871799e-02
0.000000000000000000e+00 8.028846153846154188e-01 6.948450854700854995e-01 7.834757834757835257e-03 1.575854700854700807e-02
0.000000000000000000e+00 7.915776353276353650e-01 5.703792735042735318e-01 8.012820512820512109e-03 1.415598290598290600e-02
0.000000000000000000e+00 7.987891737891738009e-01 5.703792735042735318e-01 8.190883190883190695e-03 1.736111111111111188e-02
0.000000000000000000e+00 8.070690883190883014e-01 5.686431623931623713e-01 7.656695156695156670e-03 1.602564102564102422e-02
0.000000000000000000e+00 8.227386039886039892e-01 5.671741452991453381e-01 8.725071225071224720e-03 1.629273504273504383e-02
0.000000000000000000e+00 8.303952991452991927e-01 5.655715811965812412e-01 8.012820512820512109e-03 1.522435897435897405e-02
0.000000000000000000e+00 8.725961538461538547e-01 5.663728632478632896e-01 8.012820512820512109e-03 1.469017094017094002e-02
0.000000000000000000e+00 8.798967236467236663e-01 5.658386752136752573e-01 7.656695156695156670e-03 1.362179487179487197e-02
0.000000000000000000e+00 8.919159544159543929e-01 5.671741452991453381e-01 9.259259259259258745e-03 1.736111111111111188e-02
0.000000000000000000e+00 8.986823361823361722e-01 5.637019230769231282e-01 7.122507122507122646e-03 1.362179487179487197e-02
0.000000000000000000e+00 9.054487179487179516e-01 5.480769230769231282e-01 7.122507122507122646e-03 1.602564102564102422e-02
0.000000000000000000e+00 8.986823361823361722e-01 5.212339743589743390e-01 8.190883190883190695e-03 1.522435897435897405e-02
0.000000000000000000e+00 9.133725071225071712e-01 5.134882478632478708e-01 9.081196581196581893e-03 1.629273504273504383e-02
0.000000000000000000e+00 9.076745014245014564e-01 4.929220085470085722e-01 8.368945868945869282e-03 1.682692307692307612e-02
0.000000000000000000e+00 8.841702279202279247e-01 4.676816239316239354e-01 6.232193732193732315e-03 9.081196581196581893e-03
0.000000000000000000e+00 8.876424501424501345e-01 4.798344017094017255e-01 6.766381766381766340e-03 1.201923076923076990e-02
0.000000000000000000e+00 8.862179487179486781e-01 6.131143162393162260e-01 9.615384615384615918e-03 1.575854700854700807e-02
0.000000000000000000e+00 8.944978632478632896e-01 6.131143162393162260e-01 7.656695156695156670e-03 1.629273504273504383e-02
0.000000000000000000e+00 9.123931623931623713e-01 6.103098290598291120e-01 7.834757834757835257e-03 1.602564102564102422e-02
0.000000000000000000e+00 9.199608262108261991e-01 6.067040598290598385e-01 9.437321937321937332e-03 1.736111111111111188e-02
0.000000000000000000e+00 9.269052706552706189e-01 6.047008547008546619e-01 8.368945868945869282e-03 1.602564102564102422e-02
0.000000000000000000e+00 9.350071225071224790e-01 6.034989316239316448e-01 9.259259259259258745e-03 1.842948717948717993e-02
0.000000000000000000e+00 9.204950142450142314e-01 6.473023504273504036e-01 8.725071225071224720e-03 1.629273504273504383e-02
0.000000000000000000e+00 9.422186609686609149e-01 6.984508547008546619e-01 1.157407407407407343e-02 1.014957264957264994e-02
0.000000000000000000e+00 9.159544159544159569e-01 7.477297008547008073e-01 1.175213675213675202e-02 1.041666666666666609e-02
0.000000000000000000e+00 9.182692307692307265e-01 7.685630341880341776e-01 1.424501424501424529e-02 1.201923076923076990e-02
0.000000000000000000e+00 8.647613960113960108e-01 8.122329059829059839e-01 1.086182336182336255e-02 2.243589743589743599e-02
0.000000000000000000e+00 8.521189458689458762e-01 8.629807692307692735e-01 7.300569800569800365e-03 1.442307692307692388e-02
0.000000000000000000e+00 8.570156695156695426e-01 8.904914529914529364e-01 6.054131054131053728e-03 1.335470085470085409e-02
0.000000000000000000e+00 8.478454415954416179e-01 9.387019230769231282e-01 2.047720797720797847e-02 1.789529914529914417e-02
0.000000000000000000e+00 9.295762108262107803e-01 8.018162393162393542e-01 1.014957264957264994e-02 2.136752136752136794e-02
0.000000000000000000e+00 9.878027065527065220e-01 8.006143162393162260e-01 1.086182336182336255e-02 1.949786324786324798e-02
0.000000000000000000e+00 9.961716524216523982e-01 7.984775641025640969e-01 7.656695156695156670e-03 1.682692307692307612e-02
0.000000000000000000e+00 9.778311965811965489e-01 8.406784188034187588e-01 1.442307692307692388e-02 1.201923076923076990e-02
0.000000000000000000e+00 9.832621082621082476e-01 8.508279914529914834e-01 1.531339031339031334e-02 1.255341880341880392e-02
0.000000000000000000e+00 9.852207977207977363e-01 8.620459401709401615e-01 1.566951566951567051e-02 1.201923076923076990e-02
0.000000000000000000e+00 9.884259259259259300e-01 8.727297008547008073e-01 1.780626780626780661e-02 1.255341880341880392e-02
0.000000000000000000e+00 9.898504273504273865e-01 8.834134615384615641e-01 1.638176638176638139e-02 1.148504273504273587e-02
0.000000000000000000e+00 9.929665242165242045e-01 8.947649572649573058e-01 1.406695156695156670e-02 1.175213675213675202e-02
0.000000000000000000e+00 9.943019943019942852e-01 9.054487179487179516e-01 1.139601139601139658e-02 1.228632478632478604e-02
0.000000000000000000e+00 9.958155270655271174e-01 9.184027777777777901e-01 8.368945868945869282e-03 1.148504273504273587e-02
0.000000000000000000e+00 9.971509971509971981e-01 9.301549145299145005e-01 5.698005698005698290e-03 1.095085470085470011e-02
