0.000000000000000000e+00 5.493233618233617915e-02 8.800747863247863900e-02 5.876068376068376009e-03 1.095085470085470011e-02
0.000000000000000000e+00 6.178774928774928565e-02 8.827457264957265515e-02 6.054131054131053728e-03 1.148504273504273587e-02
0.000000000000000000e+00 6.810897435897435293e-02 8.627136752136752018e-02 5.519943019943019703e-03 1.335470085470085409e-02
0.000000000000000000e+00 7.425213675213675202e-02 8.707264957264956862e-02 4.985754985754985678e-03 9.081196581196581893e-03
0.000000000000000000e+00 4.861111111111111188e-02 1.115117521367521430e-01 5.341880341880341984e-03 9.348290598290598039e-03
0.000000000000000000e+00 7.514245014245014842e-02 1.096420940170940161e-01 3.561253561253561323e-03 5.074786324786324972e-03
0.000000000000000000e+00 1.611467236467236386e-01 4.674145299145299019e-03 9.259259259259258745e-03 7.745726495726495964e-03
0.000000000000000000e+00 1.620370370370370350e-01 9.748931623931623991e-03 8.903133903133903307e-03 7.745726495726495964e-03
0.000000000000000000e+00 1.624821937321937193e-01 1.495726495726495790e-02 9.081196581196581893e-03 6.410256410256410034e-03
0.000000000000000000e+00 6.721866096866097040e-02 4.118589743589743390e-01 6.588319088319088621e-03 1.549145299145299193e-02
0.000000000000000000e+00 7.425213675213675202e-02 4.101228632478632341e-01 7.122507122507122646e-03 2.003205128205128374e-02
0.000000000000000000e+00 2.113603988603988681e-01 4.025106837606837740e-01 5.341880341880341984e-03 8.547008547008547868e-03
0.000000000000000000e+00 3.397435897435897578e-01 3.472222222222222099e-01 7.478632478632478951e-03 1.335470085470085409e-02
0.000000000000000000e+00 3.553240740740740700e-01 3.445512820512820484e-01 6.232193732193732315e-03 1.335470085470085409e-02
0.000000000000000000e+00 3.431267806267806475e-01 1.602564102564102509e-03 5.698005698005698290e-03 2.670940170940170992e-03
0.000000000000000000e+00 3.568376068376068466e-01 2.136752136752136967e-03 5.341880341880341984e-03 3.739316239316239476e-03
0.000000000000000000e+00 3.579059829059829112e-01 1.068376068376068397e-02 5.341880341880341984e-03 9.615384615384615918e-03
0.000000000000000000e+00 3.599537037037037202e-01 2.884615384615384776e-02 5.519943019943019703e-03 9.615384615384615918e-03
0.000000000000000000e+00 3.735754985754985991e-01 1.642628205128205121e-01 6.410256410256410034e-03 1.068376068376068397e-02
0.000000000000000000e+00 3.726851851851851749e-01 2.086004273504273587e-01 6.410256410256410034e-03 1.442307692307692388e-02
0.000000000000000000e+00 4.264601139601139623e-01 5.232371794871795156e-01 7.122507122507122646e-03 1.816239316239316379e-02
0.000000000000000000e+00 4.284188034188033956e-01 5.450053418803418870e-01 6.766381766381766340e-03 1.522435897435897405e-02
0.000000000000000000e+00 4.075854700854700807e-01 1.378205128205128305e-01 1.210826210826210746e-02 5.341880341880341984e-03
0.000000000000000000e+00 5.436253561253561184e-01 1.189903846153846090e-01 9.971509971509971357e-03 6.143162393162393022e-03
0.000000000000000000e+00 6.254451566951566566e-01 1.068376068376068327e-01 1.157407407407407343e-02 5.876068376068376009e-03
0.000000000000000000e+00 6.485042735042735318e-01 1.048344017094017117e-01 1.317663817663817724e-02 8.814102564102564014e-03
0.000000000000000000e+00 6.560719373219373596e-01 1.153846153846153910e-01 9.437321937321937332e-03 8.547008547008547868e-03
0.000000000000000000e+00 6.608796296296296502e-01 1.029647435897435848e-01 1.014957264957264994e-02 8.279914529914529989e-03
0.000000000000000000e+00 6.915064102564102422e-01 9.842414529914529642e-02 8.012820512820512109e-03 8.279914529914529989e-03
0.000000000000000000e+00 7.176816239316239354e-01 9.481837606837606458e-02 7.656695156695156670e-03 7.478632478632478951e-03
0.000000000000000000e+00 7.462606837606837740e-01 9.027777777777777624e-02 3.917378917378917629e-03 5.876068376068376009e-03
0.000000000000000000e+00 8.138354700854700807e-01 8.106303418803419147e-02 1.193019943019943060e-02 7.745726495726495964e-03
0.000000000000000000e+00 8.210470085470085166e-01 4.941239316239316032e-03 6.410256410256410034e-03 8.814102564102564014e-03
0.000000000000000000e+00 8.481125356125356340e-01 4.180021367521367243e-02 7.834757834757835257e-03 9.882478632478632063e-03
0.000000000000000000e+00 8.599537037037037202e-01 5.769230769230769551e-02 8.725071225071224720e-03 1.068376068376068397e-02
0.000000000000000000e+00 8.989494301994301884e-01 7.852564102564102422e-02 8.725071225071224720e-03 1.068376068376068397e-02
0.000000000000000000e+00 9.123041310541311066e-01 7.625534188034188698e-02 7.300569800569800365e-03 1.095085470085470011e-02
0.000000000000000000e+00 9.190705128205127750e-01 7.425213675213675202e-02 8.012820512820512109e-03 1.282051282051282007e-02
0.000000000000000000e+00 9.100783475783476018e-01 1.044337606837606874e-01 8.903133903133903307e-03 1.068376068376068397e-02
0.000000000000000000e+00 9.151531339031339085e-01 1.021634615384615363e-01 9.081196581196581893e-03 1.255341880341880392e-02
0.000000000000000000e+00 9.226317663817663606e-01 1.005608974358974395e-01 7.656695156695156670e-03 1.255341880341880392e-02
0.000000000000000000e+00 9.289529914529914834e-01 6.436965811965811302e-02 6.766381766381766340e-03 1.014957264957264994e-02
0.000000000000000000e+00 9.419515669515668987e-01 6.250000000000000000e-02 7.122507122507122646e-03 9.615384615384615918e-03
0.000000000000000000e+00 9.375000000000000000e-01 5.168269230769230449e-02 8.547008547008547868e-03 1.095085470085470011e-02
0.000000000000000000e+00 9.319800569800569257e-01 3.832799145299145560e-02 7.834757834757835257e-03 1.148504273504273587e-02
0.000000000000000000e+00 9.904736467236466835e-01 2.199519230769230727e-01 1.121794871794871799e-02 1.415598290598290600e-02
0.000000000000000000e+00 6.544693732193732627e-01 1.308760683760683829e-01 1.228632478632478604e-02 1.014957264957264994e-02
0.000000000000000000e+00 6.577635327635327211e-01 1.414262820512820484e-01 1.353276353276353268e-02 1.308760683760683795e-02
0.000000000000000000e+00 6.600783475783476018e-01 1.539797008547008628e-01 1.175213675213675202e-02 8.814102564102564014e-03
0.000000000000000000e+00 6.624821937321937471e-01 1.586538461538461453e-01 1.086182336182336255e-02 9.081196581196581893e-03
0.000000000000000000e+00 4.365206552706552556e-01 2.819177350427350404e-01 5.876068376068376009e-03 1.148504273504273587e-02
0.000000000000000000e+00 4.425747863247863068e-01 2.800480769230769273e-01 6.232193732193732315e-03 1.255341880341880392e-02
0.000000000000000000e+00 4.489850427350427498e-01 2.792467948717948789e-01 6.588319088319088621e-03 1.362179487179487197e-02
0.000000000000000000e+00 4.572649572649572502e-01 2.780448717948718063e-01 7.122507122507122646e-03 1.388888888888888812e-02
0.000000000000000000e+00 4.573539886039886260e-01 3.162393162393162260e-01 4.807692307692307959e-03 1.121794871794871799e-02
0.000000000000000000e+00 4.641203703703703498e-01 3.157051282051281937e-01 4.807692307692307959e-03 1.014957264957264994e-02
0.000000000000000000e+00 4.789886039886039892e-01 3.024839743589743390e-01 7.478632478632478951e-03 8.279914529914529989e-03
0.000000000000000000e+00 4.779202279202279247e-01 2.849893162393162260e-01 1.068376068376068397e-02 1.014957264957264994e-02
0.000000000000000000e+00 4.968839031339031265e-01 2.813835470085470081e-01 1.193019943019943060e-02 1.041666666666666609e-02
0.000000000000000000e+00 5.178952991452991927e-01 2.784455128205128305e-01 1.121794871794871799e-02 9.882478632478632063e-03
0.000000000000000000e+00 5.349893162393162260e-01 2.751068376068376287e-01 1.299857549857549865e-02 1.068376068376068397e-02
0.000000000000000000e+00 6.033653846153845812e-01 2.641559829059829112e-01 1.121794871794871799e-02 9.615384615384615918e-03
0.000000000000000000e+00 5.889423076923077094e-01 2.843215811965811857e-01 1.371082621082621127e-02 8.814102564102564014e-03
0.000000000000000000e+00 6.586538461538461453e-01 2.584134615384615641e-01 6.054131054131053728e-03 1.148504273504273587e-02
0.000000000000000000e+00 6.639957264957264682e-01 2.576121794871794601e-01 7.834757834757835257e-03 1.201923076923076990e-02
0.000000000000000000e+00 6.855413105413105113e-01 2.553418803418803229e-01 7.122507122507122646e-03 1.175213675213675202e-02
0.000000000000000000e+00 7.047720797720797847e-01 2.684294871794871695e-01 1.175213675213675202e-02 9.081196581196581893e-03
0.000000000000000000e+00 7.277421652421652842e-01 2.638888888888888951e-01 1.103988603988603941e-02 9.081196581196581893e-03
0.000000000000000000e+00 8.279024216524216717e-01 2.482638888888888951e-01 1.371082621082621127e-02 1.041666666666666609e-02
0.000000000000000000e+00 9.020655270655271174e-01 2.314369658119658224e-01 1.175213675213675202e-02 5.608974358974358997e-03
0.000000000000000000e+00 4.995548433048432879e-01 3.975694444444444198e-01 1.157407407407407343e-02 1.041666666666666609e-02
0.000000000000000000e+00 5.278668091168091658e-01 3.851495726495726690e-01 1.406695156695156670e-02 1.068376068376068397e-02
0.000000000000000000e+00 5.014245014245014564e-01 4.057158119658119677e-01 1.282051282051282007e-02 9.615384615384615918e-03
0.000000000000000000e+00 5.026709401709401615e-01 4.134615384615384359e-01 1.246438746438746463e-02 1.121794871794871799e-02
0.000000000000000000e+00 5.137998575498575748e-01 4.272168803418803229e-01 1.584757834757834910e-02 1.148504273504273587e-02
0.000000000000000000e+00 5.056089743589743390e-01 4.366987179487179516e-01 1.228632478632478604e-02 9.615384615384615918e-03
0.000000000000000000e+00 5.360576923076922906e-01 4.375000000000000000e-01 1.477920227920227932e-02 1.068376068376068397e-02
0.000000000000000000e+00 5.600961538461538547e-01 5.038728632478632896e-01 1.477920227920227932e-02 1.095085470085470011e-02
0.000000000000000000e+00 5.893874643874643660e-01 4.565972222222222099e-01 1.353276353276353268e-02 1.255341880341880392e-02
0.000000000000000000e+00 6.534900284900284628e-01 3.158386752136752018e-01 7.834757834757835257e-03 1.522435897435897405e-02
0.000000000000000000e+00 6.623041310541311066e-01 3.540331196581196771e-01 8.012820512820512109e-03 1.469017094017094002e-02
0.000000000000000000e+00 6.666666666666666297e-01 3.727297008547008628e-01 7.122507122507122646e-03 1.629273504273504383e-02
0.000000000000000000e+00 6.733440170940171443e-01 4.037126068376068466e-01 8.012820512820512109e-03 1.522435897435897405e-02
0.000000000000000000e+00 6.267806267806267373e-01 4.118589743589743390e-01 7.834757834757835257e-03 1.549145299145299193e-02
0.000000000000000000e+00 6.335470085470085166e-01 4.105235042735042583e-01 7.122507122507122646e-03 1.388888888888888812e-02
0.000000000000000000e+00 6.425391737891738009e-01 4.105235042735042583e-01 8.725071225071224720e-03 1.762820512820512803e-02
0.000000000000000000e+00 6.264245014245014564e-01 4.409722222222222099e-01 5.698005698005698290e-03 9.081196581196581893e-03
0.000000000000000000e+00 6.336360398860398924e-01 4.404380341880341776e-01 6.944444444444444059e-03 7.478632478632478951e-03
0.000000000000000000e+00 6.413817663817663606e-01 4.385683760683760646e-01 7.834757834757835257e-03 9.615384615384615918e-03
0.000000000000000000e+00 6.487713675213675479e-01 4.385683760683760646e-01 6.232193732193732315e-03 6.410256410256410034e-03
0.000000000000000000e+00 6.569622507122506727e-01 4.360309829059829112e-01 8.012820512820512109e-03 8.814102564102564014e-03
0.000000000000000000e+00 6.861645299145299193e-01 4.412393162393162260e-01 7.300569800569800365e-03 1.388888888888888812e-02
0.000000000000000000e+00 6.800213675213675479e-01 4.827724358974359031e-01 7.478632478632478951e-03 1.682692307692307612e-02
0.000000000000000000e+00 8.655626780626780592e-01 5.655715811965812412e-01 1.032763532763532680e-02 2.003205128205128374e-02
0.000000000000000000e+00 6.686253561253561184e-01 7.073985042735042583e-01 7.478632478632478951e-03 1.789529914529914417e-02
0.000000000000000000e+00 6.771723646723646350e-01 7.040598290598291120e-01 8.190883190883190695e-03 2.083333333333333218e-02
0.000000000000000000e+00 6.865206552706553111e-01 7.008547008547008073e-01 9.793447293447292770e-03 2.243589743589743599e-02
0.000000000000000000e+00 7.024572649572649041e-01 6.984508547008546619e-01 8.903133903133903307e-03 1.976495726495726413e-02
0.000000000000000000e+00 7.108262108262107803e-01 6.961805555555555802e-01 9.259259259259258745e-03 1.789529914529914417e-02
0.000000000000000000e+00 7.191951566951566566e-01 6.940438034188034511e-01 9.971509971509971357e-03 1.842948717948717993e-02
0.000000000000000000e+00 7.923789173789174134e-01 6.450320512820513219e-01 1.638176638176638139e-02 1.175213675213675202e-02
0.000000000000000000e+00 7.912215099715099731e-01 6.816239316239316448e-01 7.656695156695156670e-03 9.615384615384615918e-03
0.000000000000000000e+00 8.066239316239316448e-01 6.778846153846154188e-01 8.190883190883190695e-03 1.282051282051282007e-02
0.000000000000000000e+00 8.243411680911680861e-01 6.758814102564102422e-01 9.793447293447292770e-03 1.682692307692307612e-02
0.000000000000000000e+00 9.119480056980057148e-01 6.274038461538461453e-01 1.620370370370370280e-02 1.121794871794871799e-02
0.000000000000000000e+00 9.277065527065526673e-01 6.247329059829059839e-01 1.424501424501424529e-02 1.014957264957264994e-02
0.000000000000000000e+00 9.456018518518518601e-01 6.239316239316239354e-01 1.264245014245014322e-02 1.068376068376068397e-02
0.000000000000000000e+00 9.685719373219373596e-01 6.205929487179486781e-01 1.834045584045583890e-02 1.469017094017094002e-02
0.000000000000000000e+00 9.875356125356125059e-01 6.255341880341880323e-01 1.424501424501424529e-02 1.549145299145299193e-02
0.000000000000000000e+00 7.053952991452991927e-01 8.998397435897436125e-01 8.725071225071224720e-03 1.762820512820512803e-02
0.000000000000000000e+00 7.142094017094017255e-01 8.997061965811965489e-01 8.903133903133903307e-03 2.003205128205128374e-02
0.000000000000000000e+00 7.234686609686609149e-01 8.979700854700854995e-01 1.032763532763532680e-02 2.083333333333333218e-02
0.000000000000000000e+00 7.323717948717948234e-01 8.986378205128204844e-01 9.615384615384615918e-03 2.163461538461538408e-02
0.000000000000000000e+00 7.410078347578347158e-01 8.963675213675214026e-01 9.437321937321937332e-03 2.136752136752136794e-02
0.000000000000000000e+00 7.501780626780626404e-01 8.978365384615384359e-01 8.190883190883190695e-03 1.575854700854700807e-02
0.000000000000000000e+00 8.359152421652421561e-01 9.947916666666666297e-01 8.725071225071224720e-03 9.882478632478632063e-03
0.000000000000000000e+00 8.451745014245014564e-01 9.938568376068376287e-01 9.437321937321937332e-03 1.175213675213675202e-02
0.000000000000000000e+00 8.554131054131054457e-01 9.937232905982905651e-01 8.190883190883190695e-03 1.201923076923076990e-02
0.000000000000000000e+00 8.739316239316239354e-01 9.921207264957264682e-01 9.615384615384615918e-03 1.522435897435897405e-02
0.000000000000000000e+00 8.836360398860398924e-01 9.915865384615384359e-01 1.050569800569800538e-02 1.682692307692307612e-02
0.000000000000000000e+00 9.343839031339031820e-01 9.926549145299145005e-01 1.014957264957264994e-02 1.469017094017094002e-02
0.000000000000000000e+00 9.428418803418803229e-01 9.929220085470085166e-01 9.259259259259258745e-03 1.415598290598290600e-02
0.000000000000000000e+00 9.570868945868945543e-01 9.914529914529914834e-01 1.139601139601139658e-02 1.655982905982905998e-02
0.000000000000000000e+00 9.661680911680912143e-01 9.917200854700854995e-01 9.259259259259258745e-03 1.655982905982905998e-02
0.000000000000000000e+00 9.740918803418803229e-01 9.708867521367521292e-01 8.725071225071224720e-03 2.083333333333333218e-02
0.000000000000000000e+00 9.824608262108261991e-01 9.210737179487179516e-01 9.437321937321937332e-03 2.110042735042735179e-02
0.000000000000000000e+00 9.648326210826211335e-01 9.317574786324785974e-01 9.793447293447292770e-03 1.896367521367521222e-02
0.000000000000000000e+00 9.748041310541311066e-01 8.907585470085470636e-01 1.086182336182336255e-02 2.243589743589743599e-02
0.000000000000000000e+00 9.504985754985755264e-01 8.719284188034187588e-01 7.478632478632478951e-03 1.575854700854700807e-02
0.000000000000000000e+00 9.443554131054131551e-01 8.490918803418803229e-01 1.014957264957264994e-02 2.083333333333333218e-02
