0.000000000000000000e+00 2.858796296296296502e-01 1.802884615384615224e-02 6.588319088319088621e-03 1.095085470085470011e-02
0.000000000000000000e+00 7.478632478632478951e-03 4.628739316239316448e-01 1.424501424501424529e-02 1.282051282051282007e-02
0.000000000000000000e+00 2.893518518518518531e-02 4.163995726495726690e-01 1.299857549857549865e-02 1.068376068376068397e-02
0.000000000000000000e+00 2.097578347578347713e-01 4.750267094017093794e-01 6.766381766381766340e-03 1.522435897435897405e-02
0.000000000000000000e+00 9.352742165242164951e-01 3.965010683760683552e-01 9.081196581196581893e-03 1.682692307692307612e-02
0.000000000000000000e+00 9.603810541310541238e-01 4.850427350427350404e-01 8.725071225071224720e-03 1.762820512820512803e-02
0.000000000000000000e+00 9.683048433048433434e-01 4.871794871794871695e-01 7.478632478632478951e-03 1.282051282051282007e-02
0.000000000000000000e+00 9.699964387464387050e-01 4.169337606837607013e-01 7.656695156695156670e-03 1.602564102564102422e-02
0.000000000000000000e+00 9.647435897435897578e-01 4.487179487179487336e-01 1.353276353276353268e-02 1.068376068376068397e-02
0.000000000000000000e+00 9.792556980056980054e-01 4.477831196581196771e-01 1.371082621082621127e-02 1.095085470085470011e-02
0.000000000000000000e+00 9.894052706552706189e-01 4.711538461538461453e-01 1.477920227920227932e-02 9.615384615384615918e-03
0.000000000000000000e+00 9.900284900284900269e-01 4.851762820512820484e-01 8.903133903133903307e-03 1.522435897435897405e-02
0.000000000000000000e+00 9.965277777777777901e-01 4.853098290598290565e-01 6.232193732193732315e-03 1.442307692307692388e-02
0.000000000000000000e+00 9.975071225071224790e-01 4.333600427350427498e-01 4.985754985754985678e-03 1.469017094017094002e-02
0.000000000000000000e+00 9.437321937321937332e-03 8.879540598290598385e-01 1.816239316239316379e-02 1.469017094017094002e-02
0.000000000000000000e+00 5.368589743589743252e-02 9.069177350427350959e-01 9.437321937321937332e-03 2.056623931623931603e-02
0.000000000000000000e+00 1.166310541310541377e-01 7.379807692307692735e-01 8.903133903133903307e-03 1.282051282051282007e-02
0.000000000000000000e+00 1.470797720797720753e-01 7.373130341880341776e-01 7.478632478632478951e-03 1.629273504273504383e-02
0.000000000000000000e+00 1.802884615384615363e-01 7.382478632478632896e-01 7.300569800569800365e-03 1.816239316239316379e-02
0.000000000000000000e+00 2.045940170940170888e-01 7.353098290598291120e-01 7.478632478632478951e-03 2.029914529914529989e-02
0.000000000000000000e+00 2.199074074074074125e-01 7.295673076923077094e-01 8.190883190883190695e-03 1.949786324786324798e-02
0.000000000000000000e+00 2.363782051282051211e-01 7.270299145299145005e-01 7.300569800569800365e-03 1.923076923076923184e-02
0.000000000000000000e+00 3.162393162393162260e-01 7.076655982905982745e-01 6.766381766381766340e-03 1.522435897435897405e-02
0.000000000000000000e+00 3.543447293447293256e-01 6.996527777777777901e-01 8.547008547008547868e-03 1.842948717948717993e-02
0.000000000000000000e+00 3.735754985754985991e-01 6.961805555555555802e-01 7.122507122507122646e-03 1.682692307692307612e-02
0.000000000000000000e+00 4.034900284900284628e-01 6.884348290598291120e-01 8.903133903133903307e-03 1.148504273504273587e-02
0.000000000000000000e+00 3.861289173789173579e-01 6.363514957264957417e-01 1.442307692307692388e-02 1.148504273504273587e-02
0.000000000000000000e+00 4.047364672364672233e-01 6.342147435897436125e-01 1.246438746438746463e-02 1.041666666666666609e-02
0.000000000000000000e+00 4.245904558404558493e-01 6.298076923076922906e-01 1.371082621082621127e-02 1.228632478632478604e-02
0.000000000000000000e+00 5.381054131054131551e-01 5.898771367521367104e-01 1.282051282051282007e-02 9.882478632478632063e-03
0.000000000000000000e+00 5.639245014245014564e-01 5.881410256410256610e-01 1.460113960113960073e-02 1.121794871794871799e-02
0.000000000000000000e+00 1.349715099715099731e-01 9.381677350427350959e-01 1.745014245014244944e-02 1.201923076923076990e-02
0.000000000000000000e+00 1.327457264957264960e-01 9.503205128205127750e-01 1.762820512820512803e-02 1.175213675213675202e-02
0.000000000000000000e+00 1.334579772079771964e-01 9.626068376068376287e-01 1.513532763532763475e-02 1.175213675213675202e-02
0.000000000000000000e+00 1.741452991452991372e-01 9.684829059829059839e-01 7.478632478632478951e-03 2.136752136752136794e-02
0.000000000000000000e+00 1.924857549857549865e-01 9.654113247863247427e-01 7.834757834757835257e-03 2.377136752136752018e-02
0.000000000000000000e+00 1.971153846153846090e-01 9.961271367521367104e-01 1.638176638176638139e-02 7.211538461538461939e-03
0.000000000000000000e+00 2.206196581196581130e-01 9.937232905982905651e-01 1.566951566951567051e-02 1.201923076923076990e-02
0.000000000000000000e+00 2.191951566951566843e-01 9.618055555555555802e-01 8.190883190883190695e-03 2.136752136752136794e-02
0.000000000000000000e+00 2.386039886039885982e-01 9.587339743589743390e-01 7.478632478632478951e-03 2.003205128205128374e-02
0.000000000000000000e+00 2.481303418803418870e-01 9.608707264957264682e-01 8.012820512820512109e-03 2.430555555555555594e-02
0.000000000000000000e+00 2.570334757834757955e-01 9.606036324786324521e-01 7.300569800569800365e-03 2.163461538461538408e-02
0.000000000000000000e+00 2.662927350427350404e-01 9.865117521367521292e-01 1.905270655270655325e-02 1.469017094017094002e-02
0.000000000000000000e+00 2.755519943019942852e-01 9.608707264957264682e-01 7.300569800569800365e-03 2.003205128205128374e-02
0.000000000000000000e+00 2.850783475783476018e-01 9.587339743589743390e-01 7.478632478632478951e-03 2.110042735042735179e-02
0.000000000000000000e+00 2.950498575498575748e-01 9.571314102564102422e-01 8.547008547008547868e-03 2.377136752136752018e-02
0.000000000000000000e+00 3.209579772079771964e-01 9.555288461538461453e-01 7.300569800569800365e-03 1.949786324786324798e-02
0.000000000000000000e+00 3.303952991452991372e-01 9.536591880341880323e-01 8.012820512820512109e-03 2.483974358974358823e-02
0.000000000000000000e+00 3.484686609686609704e-01 9.521901709401708880e-01 7.478632478632478951e-03 2.190170940170940023e-02
0.000000000000000000e+00 3.326210826210826421e-01 9.821047008547008073e-01 1.673789173789173856e-02 1.335470085470085409e-02
0.000000000000000000e+00 4.004629629629629650e-01 9.162660256410256610e-01 1.851851851851851749e-02 1.362179487179487197e-02
0.000000000000000000e+00 4.615384615384615641e-01 9.970619658119658224e-01 1.282051282051282007e-02 5.876068376068376009e-03
0.000000000000000000e+00 4.855769230769230727e-01 6.992521367521367104e-01 9.615384615384615918e-03 1.976495726495726413e-02
0.000000000000000000e+00 4.923433048433048520e-01 7.170138888888888395e-01 1.068376068376068397e-02 1.949786324786324798e-02
0.000000000000000000e+00 4.979522792022791911e-01 7.378472222222222099e-01 1.050569800569800538e-02 2.110042735042735179e-02
0.000000000000000000e+00 5.208333333333333703e-01 8.099626068376067911e-01 9.259259259259258745e-03 2.056623931623931603e-02
0.000000000000000000e+00 5.432692307692307265e-01 9.174679487179486781e-01 1.282051282051282007e-02 1.816239316239316379e-02
0.000000000000000000e+00 5.451388888888888395e-01 9.266826923076922906e-01 1.620370370370370280e-02 1.789529914529914417e-02
0.000000000000000000e+00 5.479878917378917524e-01 9.391025641025640969e-01 1.477920227920227932e-02 1.709401709401709574e-02
0.000000000000000000e+00 5.528846153846154188e-01 9.505876068376067911e-01 1.531339031339031334e-02 1.762820512820512803e-02
0.000000000000000000e+00 5.671296296296296502e-01 9.918536324786324521e-01 1.780626780626780661e-02 1.522435897435897405e-02
0.000000000000000000e+00 7.824074074074074403e-01 8.219818376068376287e-01 9.259259259259258745e-03 2.377136752136752018e-02
0.000000000000000000e+00 8.169515669515668987e-01 8.169070512820513219e-01 9.615384615384615918e-03 2.003205128205128374e-02
0.000000000000000000e+00 7.970085470085470636e-01 8.908920940170940161e-01 8.903133903133903307e-03 1.949786324786324798e-02
0.000000000000000000e+00 8.149038461538461453e-01 8.900908119658119677e-01 8.725071225071224720e-03 2.163461538461538408e-02
0.000000000000000000e+00 8.214921652421652842e-01 8.675213675213675479e-01 8.725071225071224720e-03 1.923076923076923184e-02
0.000000000000000000e+00 8.246972934472934780e-01 8.899572649572649041e-01 9.081196581196581893e-03 1.869658119658119608e-02
0.000000000000000000e+00 8.308404558404558493e-01 8.652510683760683552e-01 9.259259259259258745e-03 2.110042735042735179e-02
0.000000000000000000e+00 8.343126780626780592e-01 8.871527777777777901e-01 9.437321937321937332e-03 2.110042735042735179e-02
0.000000000000000000e+00 8.404558404558404305e-01 8.671207264957264682e-01 8.903133903133903307e-03 1.896367521367521222e-02
0.000000000000000000e+00 8.440170940170940161e-01 8.872863247863247427e-01 9.259259259259258745e-03 1.976495726495726413e-02
0.000000000000000000e+00 8.501602564102563875e-01 8.648504273504273865e-01 9.081196581196581893e-03 2.083333333333333218e-02
0.000000000000000000e+00 8.537215099715099731e-01 8.875534188034187588e-01 9.081196581196581893e-03 1.976495726495726413e-02
0.000000000000000000e+00 8.043091168091167642e-01 9.449786324786324521e-01 8.190883190883190695e-03 2.297008547008547175e-02
0.000000000000000000e+00 8.234508547008546619e-01 9.424412393162393542e-01 1.014957264957264994e-02 2.110042735042735179e-02
0.000000000000000000e+00 8.426816239316239354e-01 9.405715811965812412e-01 9.437321937321937332e-03 2.110042735042735179e-02
0.000000000000000000e+00 8.523860398860398924e-01 9.408386752136752573e-01 9.971509971509971357e-03 2.163461538461538408e-02
0.000000000000000000e+00 8.616452991452991927e-01 9.424412393162393542e-01 8.547008547008547868e-03 2.110042735042735179e-02
0.000000000000000000e+00 8.458867521367521292e-01 9.659455128205127750e-01 1.050569800569800538e-02 2.430555555555555594e-02
0.000000000000000000e+00 9.205840455840456071e-01 7.069978632478632896e-01 4.273504273504273934e-03 1.655982905982905998e-02
0.000000000000000000e+00 9.239672364672364413e-01 7.283653846153845812e-01 6.766381766381766340e-03 1.602564102564102422e-02
0.000000000000000000e+00 9.500534188034187588e-01 8.149038461538461453e-01 5.519943019943019703e-03 1.762820512820512803e-02
0.000000000000000000e+00 9.554843304843304574e-01 8.406784188034187588e-01 7.122507122507122646e-03 2.323717948717948789e-02
0.000000000000000000e+00 9.712428774928775210e-01 9.324252136752136932e-01 8.368945868945869282e-03 1.442307692307692388e-02
