0.000000000000000000e+00 2.759971509971510112e-02 3.125000000000000000e-02 5.341880341880341984e-03 1.068376068376068397e-02
0.000000000000000000e+00 3.418803418803419147e-02 3.058226495726495617e-02 5.698005698005698290e-03 1.041666666666666609e-02
0.000000000000000000e+00 4.674145299145299193e-02 2.764423076923076816e-02 5.876068376068376009e-03 1.095085470085470011e-02
0.000000000000000000e+00 5.368589743589743252e-02 2.711004273504273587e-02 5.163817663817663398e-03 1.148504273504273587e-02
0.000000000000000000e+00 6.294515669515669820e-02 4.727564102564102422e-02 1.121794871794871799e-02 1.014957264957264994e-02
0.000000000000000000e+00 1.571403133903133964e-01 2.029914529914529989e-02 1.086182336182336255e-02 1.068376068376068397e-02
0.000000000000000000e+00 7.727920227920227758e-02 2.712339743589743390e-01 1.210826210826210746e-02 9.882478632478632063e-03
0.000000000000000000e+00 1.370192307692307820e-01 2.240918803418803507e-01 6.232193732193732315e-03 1.335470085470085409e-02
0.000000000000000000e+00 1.425391737891738009e-01 2.226228632478632341e-01 6.588319088319088621e-03 1.362179487179487197e-02
0.000000000000000000e+00 1.027421652421652426e-01 2.585470085470085722e-01 6.766381766381766340e-03 1.388888888888888812e-02
0.000000000000000000e+00 1.096866096866096901e-01 2.564102564102563875e-01 6.410256410256410034e-03 1.335470085470085409e-02
0.000000000000000000e+00 1.239316239316239354e-01 2.550747863247863068e-01 7.478632478632478951e-03 1.442307692307692388e-02
0.000000000000000000e+00 1.571403133903133964e-01 3.174412393162392987e-01 1.157407407407407343e-02 9.882478632478632063e-03
0.000000000000000000e+00 1.574964387464387328e-01 3.247863247863247982e-01 1.014957264957264994e-02 9.615384615384615918e-03
0.000000000000000000e+00 2.759971509971509852e-03 3.038194444444444198e-01 5.163817663817663398e-03 1.041666666666666609e-02
0.000000000000000000e+00 2.555199430199430258e-02 4.099893162393162260e-01 1.371082621082621127e-02 1.014957264957264994e-02
0.000000000000000000e+00 2.297008547008547175e-02 4.197382478632478708e-01 1.317663817663817724e-02 1.041666666666666609e-02
0.000000000000000000e+00 2.127849002849002691e-02 4.292200854700854440e-01 1.371082621082621127e-02 1.121794871794871799e-02
0.000000000000000000e+00 2.154558404558404652e-02 4.523237179487179516e-01 1.317663817663817724e-02 1.148504273504273587e-02
0.000000000000000000e+00 2.021011396011395886e-02 4.603365384615384359e-01 1.584757834757834910e-02 1.308760683760683795e-02
0.000000000000000000e+00 2.216880341880341984e-02 4.676816239316239354e-01 8.012820512820512109e-03 6.410256410256410034e-03
0.000000000000000000e+00 1.647970085470085444e-01 4.217414529914529919e-01 1.406695156695156670e-02 1.121794871794871799e-02
0.000000000000000000e+00 1.653311965811965767e-01 4.300213675213675479e-01 1.228632478632478604e-02 9.615384615384615918e-03
0.000000000000000000e+00 1.676460113960114018e-01 4.525908119658119677e-01 1.264245014245014322e-02 1.095085470085470011e-02
0.000000000000000000e+00 1.676460113960114018e-01 4.618055555555555802e-01 1.299857549857549865e-02 1.175213675213675202e-02
0.000000000000000000e+00 1.694266381766381668e-01 4.744925213675213471e-01 1.406695156695156670e-02 1.201923076923076990e-02
0.000000000000000000e+00 1.719195156695156601e-01 4.851762820512820484e-01 1.371082621082621127e-02 1.255341880341880392e-02
0.000000000000000000e+00 1.317663817663817794e-01 4.883814102564102422e-01 8.547008547008547868e-03 1.682692307692307612e-02
0.000000000000000000e+00 1.453881766381766305e-01 4.853098290598290565e-01 8.368945868945869282e-03 1.816239316239316379e-02
0.000000000000000000e+00 1.239316239316239354e-01 5.240384615384615641e-01 7.834757834757835257e-03 1.549145299145299193e-02
0.000000000000000000e+00 1.316773504273504314e-01 5.213675213675214026e-01 7.656695156695156670e-03 1.549145299145299193e-02
0.000000000000000000e+00 1.396011396011395955e-01 5.192307692307692735e-01 7.478632478632478951e-03 1.709401709401709574e-02
0.000000000000000000e+00 1.476139601139601076e-01 5.153579059829059839e-01 8.547008547008547868e-03 1.469017094017094002e-02
0.000000000000000000e+00 1.341702279202279247e-01 5.357905982905982745e-01 8.368945868945869282e-03 1.655982905982905998e-02
0.000000000000000000e+00 1.418269230769230727e-01 5.343215811965812412e-01 8.368945868945869282e-03 1.629273504273504383e-02
0.000000000000000000e+00 1.483262108262108359e-01 5.654380341880341776e-01 1.531339031339031334e-02 1.442307692307692388e-02
0.000000000000000000e+00 1.505519943019943130e-01 5.781250000000000000e-01 1.371082621082621127e-02 1.362179487179487197e-02
0.000000000000000000e+00 1.512642450142450135e-01 5.941506410256410797e-01 1.264245014245014322e-02 1.201923076923076990e-02
0.000000000000000000e+00 1.308760683760683795e-02 5.600961538461538547e-01 6.944444444444444059e-03 1.602564102564102422e-02
0.000000000000000000e+00 2.199074074074074125e-02 5.590277777777777901e-01 6.588319088319088621e-03 1.388888888888888812e-02
0.000000000000000000e+00 2.902421652421652287e-02 6.136485042735042583e-01 1.175213675213675202e-02 1.148504273504273587e-02
0.000000000000000000e+00 3.035968660968661054e-02 6.237980769230768718e-01 1.228632478632478604e-02 1.148504273504273587e-02
0.000000000000000000e+00 3.062678062678062668e-02 6.340811965811965489e-01 1.317663817663817724e-02 1.175213675213675202e-02
0.000000000000000000e+00 2.062856125356125336e-01 6.384882478632478708e-01 6.944444444444444059e-03 1.575854700854700807e-02
0.000000000000000000e+00 2.129629629629629650e-01 6.356837606837606458e-01 4.629629629629629373e-03 1.549145299145299193e-02
0.000000000000000000e+00 2.424323361823361722e-01 5.901442307692307265e-01 7.300569800569800365e-03 1.682692307692307612e-02
0.000000000000000000e+00 2.405626780626780592e-01 8.627136752136752573e-01 1.638176638176638139e-02 1.495726495726495790e-02
0.000000000000000000e+00 2.560541310541310511e-01 2.435897435897435848e-01 9.971509971509971357e-03 1.282051282051282007e-02
0.000000000000000000e+00 2.858796296296296502e-01 3.314636752136752018e-01 5.519943019943019703e-03 1.335470085470085409e-02
0.000000000000000000e+00 2.731481481481481399e-01 4.471153846153846367e-01 6.766381766381766340e-03 1.762820512820512803e-02
0.000000000000000000e+00 2.913105413105412933e-01 4.581997863247863068e-01 7.122507122507122646e-03 1.736111111111111188e-02
0.000000000000000000e+00 2.942485754985754709e-01 5.085470085470085166e-01 6.944444444444444059e-03 1.388888888888888812e-02
0.000000000000000000e+00 2.978098290598290565e-01 6.006944444444444198e-01 7.300569800569800365e-03 2.083333333333333218e-02
0.000000000000000000e+00 2.987891737891738009e-01 6.241987179487179516e-01 6.766381766381766340e-03 1.549145299145299193e-02
0.000000000000000000e+00 3.016381766381766583e-01 6.581196581196581130e-01 7.834757834757835257e-03 1.549145299145299193e-02
0.000000000000000000e+00 2.947827635327635587e-01 8.094284188034187588e-01 8.725071225071224720e-03 2.270299145299145213e-02
0.000000000000000000e+00 2.366452991452991372e-01 8.173076923076922906e-01 1.210826210826210746e-02 8.012820512820512109e-03
0.000000000000000000e+00 3.119658119658119677e-01 3.031517094017094002e-02 4.629629629629629373e-03 1.095085470085470011e-02
0.000000000000000000e+00 3.177528490028490027e-01 2.938034188034188005e-02 5.876068376068376009e-03 9.615384615384615918e-03
0.000000000000000000e+00 3.239850427350427498e-01 2.817841880341880392e-02 6.232193732193732315e-03 8.279914529914529989e-03
0.000000000000000000e+00 3.308404558404558493e-01 2.657585470085470011e-02 6.410256410256410034e-03 1.415598290598290600e-02
0.000000000000000000e+00 3.337784900284900269e-01 5.021367521367521569e-02 4.807692307692307959e-03 1.014957264957264994e-02
0.000000000000000000e+00 3.280804843304843121e-01 5.088141025641025605e-02 5.519943019943019703e-03 1.095085470085470011e-02
0.000000000000000000e+00 3.222044159544159569e-01 5.235042735042735179e-02 5.163817663817663398e-03 1.068376068376068397e-02
0.000000000000000000e+00 3.119658119658119677e-01 6.623931623931623991e-02 5.698005698005698290e-03 1.014957264957264994e-02
0.000000000000000000e+00 3.268340455840456071e-01 6.276709401709401615e-02 6.232193732193732315e-03 1.442307692307692388e-02
0.000000000000000000e+00 3.344907407407407551e-01 6.209935897435897578e-02 5.519943019943019703e-03 1.041666666666666609e-02
0.000000000000000000e+00 3.031517094017093794e-01 1.025641025641025605e-01 6.232193732193732315e-03 1.816239316239316379e-02
0.000000000000000000e+00 4.612713675213675479e-01 1.523771367521367659e-01 8.368945868945869282e-03 1.308760683760683795e-02
0.000000000000000000e+00 4.681267806267806475e-01 1.635950854700854717e-01 1.816239316239316379e-02 1.201923076923076990e-02
0.000000000000000000e+00 4.850427350427350404e-01 1.646634615384615363e-01 1.566951566951567051e-02 1.255341880341880392e-02
0.000000000000000000e+00 5.012464387464387050e-01 1.663995726495726413e-01 1.602564102564102422e-02 1.228632478632478604e-02
0.000000000000000000e+00 5.135327635327635587e-01 1.693376068376068466e-01 7.834757834757835257e-03 1.495726495726495790e-02
0.000000000000000000e+00 3.361823361823361722e-01 2.374465811965811857e-01 7.834757834757835257e-03 4.807692307692307959e-03
0.000000000000000000e+00 3.521189458689458762e-01 2.390491452991453103e-01 8.368945868945869282e-03 4.807692307692307959e-03
0.000000000000000000e+00 3.803418803418803229e-01 2.433226495726495686e-01 4.985754985754985678e-03 8.012820512820512109e-03
0.000000000000000000e+00 4.050035612535612395e-01 2.438568376068376009e-01 1.086182336182336255e-02 8.012820512820512109e-03
0.000000000000000000e+00 4.248575498575498655e-01 2.459935897435897301e-01 1.282051282051282007e-02 9.081196581196581893e-03
0.000000000000000000e+00 4.571759259259259300e-01 2.524038461538461453e-01 1.371082621082621127e-02 1.014957264957264994e-02
0.000000000000000000e+00 4.663461538461538547e-01 2.475961538461538547e-01 1.103988603988603941e-02 8.547008547008547868e-03
0.000000000000000000e+00 4.698183760683760646e-01 2.536057692307692180e-01 1.050569800569800538e-02 8.279914529914529989e-03
0.000000000000000000e+00 4.812143874643874386e-01 2.487980769230769273e-01 1.335470085470085409e-02 9.882478632478632063e-03
0.000000000000000000e+00 4.969729344729344467e-01 2.495993589743589758e-01 1.139601139601139658e-02 9.348290598290598039e-03
0.000000000000000000e+00 5.118411680911680861e-01 2.501335470085470081e-01 1.086182336182336255e-02 9.348290598290598039e-03
0.000000000000000000e+00 5.170940170940171443e-01 2.633547008547008628e-01 1.139601139601139658e-02 8.547008547008547868e-03
0.000000000000000000e+00 5.344551282051281937e-01 2.383814102564102699e-01 5.876068376068376009e-03 1.308760683760683795e-02
0.000000000000000000e+00 5.726495726495726135e-01 2.586805555555555802e-01 1.103988603988603941e-02 9.348290598290598039e-03
0.000000000000000000e+00 5.893874643874643660e-01 2.589476495726495964e-01 1.495726495726495790e-02 1.362179487179487197e-02
0.000000000000000000e+00 3.719729344729344467e-01 3.193108974358974117e-01 6.054131054131053728e-03 1.308760683760683795e-02
0.000000000000000000e+00 3.557692307692307820e-01 3.321314102564102422e-01 1.175213675213675202e-02 9.348290598290598039e-03
0.000000000000000000e+00 3.705484330484330457e-01 3.551014957264957417e-01 5.698005698005698290e-03 8.814102564102564014e-03
0.000000000000000000e+00 3.558582621082621023e-01 3.575053418803418870e-01 5.876068376068376009e-03 1.095085470085470011e-02
0.000000000000000000e+00 3.775819088319088412e-01 3.872863247863247982e-01 7.656695156695156670e-03 2.350427350427350404e-02
0.000000000000000000e+00 6.712962962962962798e-01 3.818108974358974117e-01 1.317663817663817724e-02 8.814102564102564014e-03
0.000000000000000000e+00 4.365206552706552556e-01 5.463408119658119677e-01 1.940883190883191042e-02 1.308760683760683795e-02
0.000000000000000000e+00 5.649038461538461453e-01 5.030715811965812412e-01 1.727207977207977085e-02 1.255341880341880392e-02
0.000000000000000000e+00 3.650284900284900269e-01 8.728632478632478708e-01 1.780626780626780661e-02 1.602564102564102422e-02
0.000000000000000000e+00 4.707086894586894332e-01 8.513621794871795156e-01 1.620370370370370280e-02 1.362179487179487197e-02
0.000000000000000000e+00 4.900284900284900269e-01 8.464209401709401615e-01 1.317663817663817724e-02 1.228632478632478604e-02
0.000000000000000000e+00 5.133547008547008073e-01 8.668536324786324521e-01 1.424501424501424529e-02 1.308760683760683795e-02
0.000000000000000000e+00 5.384615384615384359e-01 8.561698717948718063e-01 1.495726495726495790e-02 6.143162393162393022e-03
0.000000000000000000e+00 5.569800569800569257e-01 8.322649572649573058e-01 1.424501424501424529e-02 1.282051282051282007e-02
0.000000000000000000e+00 5.860933048433047965e-01 8.453525641025640969e-01 1.905270655270655325e-02 9.081196581196581893e-03
0.000000000000000000e+00 6.034544159544159569e-01 8.454861111111111605e-01 1.282051282051282007e-02 1.201923076923076990e-02
0.000000000000000000e+00 6.704059829059828557e-01 8.083600427350426942e-01 1.566951566951567051e-02 1.255341880341880392e-02
0.000000000000000000e+00 7.016559829059828557e-01 8.018162393162393542e-01 1.798433048433048520e-02 1.388888888888888812e-02
0.000000000000000000e+00 7.132300569800569257e-01 8.219818376068376287e-01 1.335470085470085409e-02 1.308760683760683795e-02
0.000000000000000000e+00 7.126958689458688934e-01 8.534989316239316448e-01 1.727207977207977085e-02 1.415598290598290600e-02
0.000000000000000000e+00 7.178596866096865758e-01 8.748664529914529364e-01 1.976495726495726413e-02 1.949786324786324798e-02
0.000000000000000000e+00 7.211538461538461453e-01 8.982371794871795156e-01 1.638176638176638139e-02 1.442307692307692388e-02
0.000000000000000000e+00 7.248931623931623713e-01 9.078525641025640969e-01 1.353276353276353268e-02 1.175213675213675202e-02
0.000000000000000000e+00 7.201745014245014564e-01 7.976762820512820484e-01 1.620370370370370280e-02 1.308760683760683795e-02
0.000000000000000000e+00 7.460826210826211335e-01 7.920673076923077094e-01 1.353276353276353268e-02 1.255341880341880392e-02
0.000000000000000000e+00 7.649572649572649041e-01 7.889957264957264682e-01 1.709401709401709574e-02 1.282051282051282007e-02
0.000000000000000000e+00 7.841880341880341776e-01 7.845886752136752573e-01 1.424501424501424529e-02 1.255341880341880392e-02
0.000000000000000000e+00 7.972756410256410797e-01 7.815170940170940161e-01 1.157407407407407343e-02 1.121794871794871799e-02
0.000000000000000000e+00 8.135683760683760646e-01 7.773771367521367104e-01 1.780626780626780661e-02 1.362179487179487197e-02
0.000000000000000000e+00 8.335113960113960108e-01 7.729700854700854995e-01 1.388888888888888812e-02 1.282051282051282007e-02
0.000000000000000000e+00 8.510505698005698116e-01 7.682959401709401615e-01 1.798433048433048520e-02 1.308760683760683795e-02
0.000000000000000000e+00 8.999287749287748772e-01 7.815170940170940161e-01 1.317663817663817724e-02 9.615384615384615918e-03
0.000000000000000000e+00 9.305555555555555802e-01 7.538728632478632896e-01 1.673789173789173856e-02 1.201923076923076990e-02
0.000000000000000000e+00 9.350071225071224790e-01 7.740384615384615641e-01 1.566951566951567051e-02 1.014957264957264994e-02
0.000000000000000000e+00 5.393518518518518601e-01 2.083333333333333218e-02 7.478632478632478951e-03 1.121794871794871799e-02
0.000000000000000000e+00 5.670405982905982745e-01 7.211538461538460898e-02 9.081196581196581893e-03 1.228632478632478604e-02
0.000000000000000000e+00 5.741631054131054457e-01 8.440170940170940717e-02 7.300569800569800365e-03 1.014957264957264994e-02
0.000000000000000000e+00 5.803952991452991927e-01 9.615384615384615918e-02 9.081196581196581893e-03 1.335470085470085409e-02
0.000000000000000000e+00 5.953525641025640969e-01 1.197916666666666713e-01 9.081196581196581893e-03 1.362179487179487197e-02
0.000000000000000000e+00 6.082621082621082476e-01 1.414262820512820484e-01 8.547008547008547868e-03 1.362179487179487197e-02
0.000000000000000000e+00 6.168091168091167642e-01 1.546474358974359031e-01 8.547008547008547868e-03 1.282051282051282007e-02
0.000000000000000000e+00 6.258012820512820484e-01 1.704059829059829112e-01 9.793447293447292770e-03 1.388888888888888812e-02
0.000000000000000000e+00 6.372863247863247427e-01 1.879006410256410242e-01 8.190883190883190695e-03 1.362179487179487197e-02
0.000000000000000000e+00 6.347934472934473327e-01 2.096688034188034233e-01 9.615384615384615918e-03 1.762820512820512803e-02
0.000000000000000000e+00 6.510861823361823175e-01 2.096688034188034233e-01 9.793447293447292770e-03 1.335470085470085409e-02
0.000000000000000000e+00 6.606125356125356340e-01 2.256944444444444475e-01 9.259259259259258745e-03 1.335470085470085409e-02
0.000000000000000000e+00 7.317485754985755264e-01 3.237179487179487336e-01 1.193019943019943060e-02 1.495726495726495790e-02
0.000000000000000000e+00 7.480413105413105113e-01 3.428151709401709435e-01 1.388888888888888812e-02 1.949786324786324798e-02
0.000000000000000000e+00 7.490206552706553111e-01 3.592414529914529919e-01 1.620370370370370280e-02 2.136752136752136794e-02
0.000000000000000000e+00 8.673433048433047965e-01 5.037393162393162260e-01 1.139601139601139658e-02 1.602564102564102422e-02
0.000000000000000000e+00 8.786502849002848503e-01 5.220352564102563875e-01 1.228632478632478604e-02 1.629273504273504383e-02
0.000000000000000000e+00 9.036680911680912143e-01 5.629006410256410797e-01 1.246438746438746463e-02 1.629273504273504383e-02
0.000000000000000000e+00 9.175569800569800538e-01 5.857371794871795156e-01 1.246438746438746463e-02 1.923076923076923184e-02
0.000000000000000000e+00 9.308226495726495964e-01 6.096420940170940161e-01 1.264245014245014322e-02 1.842948717948717993e-02
0.000000000000000000e+00 9.732905982905982745e-01 6.797542735042735318e-01 1.103988603988603941e-02 1.549145299145299193e-02
0.000000000000000000e+00 9.915420227920227481e-01 7.098023504273504036e-01 1.299857549857549865e-02 1.789529914529914417e-02
0.000000000000000000e+00 6.376424501424501345e-01 5.341880341880341984e-03 1.139601139601139658e-02 1.014957264957264994e-02
0.000000000000000000e+00 6.314992877492877632e-01 2.403846153846153980e-02 9.081196581196581893e-03 8.012820512820512109e-03
0.000000000000000000e+00 6.436075498575498655e-01 1.829594017094017186e-02 1.371082621082621127e-02 1.255341880341880392e-02
0.000000000000000000e+00 7.063746438746438816e-01 5.181623931623931950e-02 8.547008547008547868e-03 1.121794871794871799e-02
0.000000000000000000e+00 6.944444444444444198e-01 6.383547008547008073e-02 1.246438746438746463e-02 8.012820512820512109e-03
0.000000000000000000e+00 7.244480056980057148e-01 5.635683760683760785e-02 1.157407407407407343e-02 5.876068376068376009e-03
0.000000000000000000e+00 7.793803418803418870e-01 1.428952991452991407e-02 8.547008547008547868e-03 7.211538461538461939e-03
0.000000000000000000e+00 7.817841880341880323e-01 1.936431623931623991e-02 1.121794871794871799e-02 9.882478632478632063e-03
0.000000000000000000e+00 7.843660968660968180e-01 2.470619658119658016e-02 1.103988603988603941e-02 8.814102564102564014e-03
0.000000000000000000e+00 7.860576923076922906e-01 3.018162393162393195e-02 1.086182336182336255e-02 8.547008547008547868e-03
0.000000000000000000e+00 8.006588319088319139e-01 7.358440170940171166e-02 8.012820512820512109e-03 1.148504273504273587e-02
0.000000000000000000e+00 8.095619658119658224e-01 6.436965811965811302e-02 7.656695156695156670e-03 1.014957264957264994e-02
0.000000000000000000e+00 8.200676638176638278e-01 8.360042735042734485e-02 9.081196581196581893e-03 1.228632478632478604e-02
0.000000000000000000e+00 8.149928774928775210e-01 1.047008547008547036e-01 7.122507122507122646e-03 1.335470085470085409e-02
0.000000000000000000e+00 8.309294871794872250e-01 1.064369658119658085e-01 9.793447293447292770e-03 1.415598290598290600e-02
0.000000000000000000e+00 8.392094017094017255e-01 1.236645299145299193e-01 8.547008547008547868e-03 1.121794871794871799e-02
0.000000000000000000e+00 7.018340455840456071e-01 2.322382478632478708e-01 1.086182336182336255e-02 9.882478632478632063e-03
0.000000000000000000e+00 7.124287749287748772e-01 2.255608974358974395e-01 9.971509971509971357e-03 1.148504273504273587e-02
0.000000000000000000e+00 7.244480056980057148e-01 2.194177350427350404e-01 1.193019943019943060e-02 1.201923076923076990e-02
0.000000000000000000e+00 7.666488603988603767e-01 2.260950854700854717e-01 4.807692307692307959e-03 1.041666666666666609e-02
0.000000000000000000e+00 7.754629629629629095e-01 1.991185897435897301e-01 1.246438746438746463e-02 1.041666666666666609e-02
0.000000000000000000e+00 8.001246438746438816e-01 1.919070512820512941e-01 1.121794871794871799e-02 9.882478632478632063e-03
0.000000000000000000e+00 8.883547008547008073e-01 1.682692307692307612e-02 8.190883190883190695e-03 1.121794871794871799e-02
0.000000000000000000e+00 9.144408831908832358e-01 8.319978632478632063e-02 7.656695156695156670e-03 1.362179487179487197e-02
0.000000000000000000e+00 9.170227920227920215e-01 9.815705128205128027e-02 6.054131054131053728e-03 1.308760683760683795e-02
0.000000000000000000e+00 9.103454415954416179e-01 1.348824786324786251e-01 5.876068376068376009e-03 1.121794871794871799e-02
0.000000000000000000e+00 9.076745014245014564e-01 1.613247863247863345e-01 8.012820512820512109e-03 1.282051282051282007e-02
0.000000000000000000e+00 8.919159544159543929e-01 2.756410256410256610e-01 7.122507122507122646e-03 9.081196581196581893e-03
0.000000000000000000e+00 9.021545584045583821e-01 3.032852564102563875e-01 1.299857549857549865e-02 9.882478632478632063e-03
0.000000000000000000e+00 9.159544159544159569e-01 2.930021367521367659e-01 1.388888888888888812e-02 1.014957264957264994e-02
0.000000000000000000e+00 9.259259259259259300e-01 3.203792735042735318e-01 1.317663817663817724e-02 8.814102564102564014e-03
0.000000000000000000e+00 9.290420227920227481e-01 3.273237179487179516e-01 9.793447293447292770e-03 4.006410256410256054e-03
0.000000000000000000e+00 9.313568376068376287e-01 3.353365384615384359e-01 9.081196581196581893e-03 7.211538461538461939e-03
0.000000000000000000e+00 8.863960113960114295e-01 3.319978632478632341e-01 7.122507122507122646e-03 1.709401709401709574e-02
0.000000000000000000e+00 9.662571225071224790e-01 3.410790598290598385e-01 1.086182336182336255e-02 1.175213675213675202e-02
0.000000000000000000e+00 9.691061253561253919e-01 3.898237179487179516e-01 7.656695156695156670e-03 1.522435897435897405e-02
0.000000000000000000e+00 9.750712250712251228e-01 4.051816239316239354e-01 7.478632478632478951e-03 1.335470085470085409e-02
0.000000000000000000e+00 9.812143874643874941e-01 4.225427350427350404e-01 7.656695156695156670e-03 1.335470085470085409e-02
0.000000000000000000e+00 9.958155270655271174e-01 4.619391025641025883e-01 7.656695156695156670e-03 1.522435897435897405e-02
