0.000000000000000000e+00 1.537571225071225067e-01 1.081730769230769273e-01 1.371082621082621127e-02 8.547008547008547868e-03
0.000000000000000000e+00 1.871438746438746359e-01 1.195245726495726551e-01 6.054131054131053728e-03 1.148504273504273587e-02
0.000000000000000000e+00 2.460826210826210780e-01 1.346153846153846090e-01 1.175213675213675202e-02 8.012820512820512109e-03
0.000000000000000000e+00 2.448361823361823453e-01 1.408920940170940161e-01 1.175213675213675202e-02 8.279914529914529989e-03
0.000000000000000000e+00 2.454594017094016978e-01 1.459668803418803507e-01 1.157407407407407343e-02 6.143162393162393022e-03
0.000000000000000000e+00 4.358974358974359031e-01 1.247329059829059839e-01 1.317663817663817724e-02 8.547008547008547868e-03
0.000000000000000000e+00 4.805911680911680861e-01 1.666666666666666574e-01 1.103988603988603941e-02 1.014957264957264994e-02
0.000000000000000000e+00 4.816595441595441507e-01 1.736111111111111049e-01 8.190883190883190695e-03 9.615384615384615918e-03
0.000000000000000000e+00 4.729344729344729381e-01 2.198183760683760646e-01 8.547008547008547868e-03 1.442307692307692388e-02
0.000000000000000000e+00 4.954594017094017255e-01 2.048611111111111049e-01 1.264245014245014322e-02 1.175213675213675202e-02
0.000000000000000000e+00 5.385505698005698116e-01 1.259348290598290565e-01 9.437321937321937332e-03 8.814102564102564014e-03
0.000000000000000000e+00 5.402421652421652842e-01 1.311431623931623991e-01 1.210826210826210746e-02 1.175213675213675202e-02
0.000000000000000000e+00 5.419337606837606458e-01 1.367521367521367659e-01 1.014957264957264994e-02 1.068376068376068397e-02
0.000000000000000000e+00 5.456730769230768718e-01 1.426282051282051211e-01 1.121794871794871799e-02 1.068376068376068397e-02
0.000000000000000000e+00 5.554665242165242045e-01 1.634615384615384637e-01 1.193019943019943060e-02 1.014957264957264994e-02
0.000000000000000000e+00 7.385149572649573058e-01 7.558760683760683274e-02 5.519943019943019703e-03 1.068376068376068397e-02
0.000000000000000000e+00 7.217770655270655533e-01 1.133814102564102561e-01 5.876068376068376009e-03 1.095085470085470011e-02
0.000000000000000000e+00 7.346866096866097040e-01 1.128472222222222238e-01 6.054131054131053728e-03 1.148504273504273587e-02
0.000000000000000000e+00 7.403846153846154188e-01 1.006944444444444475e-01 6.054131054131053728e-03 1.175213675213675202e-02
0.000000000000000000e+00 7.421652421652421561e-01 1.125801282051282076e-01 6.054131054131053728e-03 1.095085470085470011e-02
0.000000000000000000e+00 7.470619658119658224e-01 9.935897435897435293e-02 5.876068376068376009e-03 1.282051282051282007e-02
0.000000000000000000e+00 7.488425925925925597e-01 1.112446581196581130e-01 6.588319088319088621e-03 1.201923076923076990e-02
0.000000000000000000e+00 7.535612535612535856e-01 1.006944444444444475e-01 5.698005698005698290e-03 1.175213675213675202e-02
0.000000000000000000e+00 7.556980056980057148e-01 1.117788461538461592e-01 6.054131054131053728e-03 1.095085470085470011e-02
0.000000000000000000e+00 7.609508547008546619e-01 9.895833333333332871e-02 6.232193732193732315e-03 1.308760683760683795e-02
0.000000000000000000e+00 7.628205128205127750e-01 1.112446581196581130e-01 6.054131054131053728e-03 1.095085470085470011e-02
0.000000000000000000e+00 7.261396011396011874e-01 1.396901709401709435e-01 6.410256410256410034e-03 1.335470085470085409e-02
0.000000000000000000e+00 7.394943019943019946e-01 1.390224358974359031e-01 6.410256410256410034e-03 1.148504273504273587e-02
0.000000000000000000e+00 7.532941595441595695e-01 1.379540598290598385e-01 5.876068376068376009e-03 1.148504273504273587e-02
0.000000000000000000e+00 7.599715099715099731e-01 1.376869658119658224e-01 6.766381766381766340e-03 1.148504273504273587e-02
0.000000000000000000e+00 7.665598290598291120e-01 1.382211538461538547e-01 4.985754985754985678e-03 1.255341880341880392e-02
0.000000000000000000e+00 7.548967236467236663e-01 1.506410256410256332e-01 6.944444444444444059e-03 1.335470085470085409e-02
0.000000000000000000e+00 7.381588319088319139e-01 1.792200854700854717e-01 5.876068376068376009e-03 1.282051282051282007e-02
0.000000000000000000e+00 7.401175213675214026e-01 1.921741452991453103e-01 6.588319088319088621e-03 1.255341880341880392e-02
0.000000000000000000e+00 7.528490028490028019e-01 1.794871794871794879e-01 6.766381766381766340e-03 1.228632478632478604e-02
0.000000000000000000e+00 7.548967236467236663e-01 1.913728632478632341e-01 6.588319088319088621e-03 1.308760683760683795e-02
0.000000000000000000e+00 7.600605413105413488e-01 1.780181623931623991e-01 6.588319088319088621e-03 1.201923076923076990e-02
0.000000000000000000e+00 7.389601139601139623e-01 2.212873931623931534e-01 5.341880341880341984e-03 5.608974358974358997e-03
0.000000000000000000e+00 7.475961538461538547e-01 2.211538461538461453e-01 5.519943019943019703e-03 4.807692307692307959e-03
0.000000000000000000e+00 8.168625356125356340e-01 1.883012820512820415e-02 4.095441595441595348e-03 1.041666666666666609e-02
0.000000000000000000e+00 8.899572649572649041e-01 7.211538461538460898e-02 7.478632478632478951e-03 1.068376068376068397e-02
0.000000000000000000e+00 8.960113960113960108e-01 7.118055555555555247e-02 6.766381766381766340e-03 1.041666666666666609e-02
0.000000000000000000e+00 9.027777777777777901e-01 7.131410256410256054e-02 7.834757834757835257e-03 1.228632478632478604e-02
0.000000000000000000e+00 9.156873219373219408e-01 6.971153846153846367e-02 7.300569800569800365e-03 1.068376068376068397e-02
0.000000000000000000e+00 9.289529914529914834e-01 6.837606837606838295e-02 6.410256410256410034e-03 1.068376068376068397e-02
0.000000000000000000e+00 9.355413105413105113e-01 6.663995726495726413e-02 8.190883190883190695e-03 1.255341880341880392e-02
0.000000000000000000e+00 8.904024216524216717e-01 9.802350427350427220e-02 7.656695156695156670e-03 1.175213675213675202e-02
0.000000000000000000e+00 9.095441595441595695e-01 9.508547008547008073e-02 7.834757834757835257e-03 1.121794871794871799e-02
0.000000000000000000e+00 8.936965811965812412e-01 1.097756410256410242e-01 7.834757834757835257e-03 1.175213675213675202e-02
0.000000000000000000e+00 9.007300569800569257e-01 1.093750000000000000e-01 6.944444444444444059e-03 1.041666666666666609e-02
0.000000000000000000e+00 9.376780626780626404e-01 9.321581196581196771e-02 7.478632478632478951e-03 1.121794871794871799e-02
0.000000000000000000e+00 9.199608262108261991e-01 1.447649572649572780e-01 7.300569800569800365e-03 1.121794871794871799e-02
0.000000000000000000e+00 9.676816239316239354e-01 4.527243589743589619e-02 1.086182336182336255e-02 9.348290598290598039e-03
0.000000000000000000e+00 9.536146723646723444e-01 7.959401709401708880e-02 1.335470085470085409e-02 9.615384615384615918e-03
0.000000000000000000e+00 9.562856125356125059e-01 8.520299145299145560e-02 1.014957264957264994e-02 8.012820512820512109e-03
0.000000000000000000e+00 9.584223646723646350e-01 9.001068376068376009e-02 1.014957264957264994e-02 7.478632478632478951e-03
0.000000000000000000e+00 9.609152421652421561e-01 9.628739316239316726e-02 1.299857549857549865e-02 8.814102564102564014e-03
0.000000000000000000e+00 9.638532763532763337e-01 1.012286324786324798e-01 9.971509971509971357e-03 7.478632478632478951e-03
0.000000000000000000e+00 9.656339031339031820e-01 1.081730769230769273e-01 1.139601139601139658e-02 8.012820512820512109e-03
0.000000000000000000e+00 9.672364672364672789e-01 1.135149572649572641e-01 9.971509971509971357e-03 8.547008547008547868e-03
0.000000000000000000e+00 9.701745014245014564e-01 1.189903846153846090e-01 1.157407407407407343e-02 7.211538461538461939e-03
0.000000000000000000e+00 9.713319088319087857e-01 1.251335470085470081e-01 1.210826210826210746e-02 8.279914529914529989e-03
0.000000000000000000e+00 9.732905982905982745e-01 1.315438034188034233e-01 1.139601139601139658e-02 8.814102564102564014e-03
0.000000000000000000e+00 9.748931623931623713e-01 1.376869658119658224e-01 1.139601139601139658e-02 9.882478632478632063e-03
0.000000000000000000e+00 9.789886039886039892e-01 1.436965811965811857e-01 1.068376068376068397e-02 9.081196581196581893e-03
0.000000000000000000e+00 1.264245014245014322e-02 4.181356837606837740e-01 1.673789173789173856e-02 1.148504273504273587e-02
0.000000000000000000e+00 5.163817663817663745e-02 4.165331196581196771e-01 1.246438746438746463e-02 6.677350427350427046e-03
0.000000000000000000e+00 1.799323361823361722e-01 4.176014957264957417e-01 1.157407407407407343e-02 9.348290598290598039e-03
0.000000000000000000e+00 1.976495726495726413e-01 4.173344017094017255e-01 1.424501424501424529e-02 9.882478632478632063e-03
0.000000000000000000e+00 2.197293447293447166e-01 4.168002136752136932e-01 1.460113960113960073e-02 1.095085470085470011e-02
0.000000000000000000e+00 3.468660968660968735e-01 4.163995726495726690e-01 1.317663817663817724e-02 1.014957264957264994e-02
0.000000000000000000e+00 3.620904558404558493e-01 4.158653846153846367e-01 1.193019943019943060e-02 9.081196581196581893e-03
0.000000000000000000e+00 4.362535612535612360e-03 6.581196581196581130e-01 8.012820512820512109e-03 1.549145299145299193e-02
0.000000000000000000e+00 1.246438746438746463e-02 6.587873931623932089e-01 8.547008547008547868e-03 1.522435897435897405e-02
0.000000000000000000e+00 2.012108262108262130e-02 6.598557692307692735e-01 8.547008547008547868e-03 1.629273504273504383e-02
0.000000000000000000e+00 2.786680911680911726e-02 6.625267094017094349e-01 5.519943019943019703e-03 1.201923076923076990e-02
0.000000000000000000e+00 3.659188034188034372e-02 6.653311965811965489e-01 5.519943019943019703e-03 6.944444444444444059e-03
0.000000000000000000e+00 7.202635327635327489e-02 7.275641025641025328e-01 6.232193732193732315e-03 9.081196581196581893e-03
0.000000000000000000e+00 6.383547008547008073e-02 7.589476495726495964e-01 5.163817663817663398e-03 9.882478632478632063e-03
0.000000000000000000e+00 1.041666666666666713e-01 7.401175213675214026e-01 1.460113960113960073e-02 1.175213675213675202e-02
0.000000000000000000e+00 1.014957264957264960e-01 7.494658119658119677e-01 1.424501424501424529e-02 1.175213675213675202e-02
0.000000000000000000e+00 1.009615384615384637e-01 7.608173076923077094e-01 1.745014245014244944e-02 1.255341880341880392e-02
0.000000000000000000e+00 1.001602564102564152e-01 7.711004273504273865e-01 1.157407407407407343e-02 1.121794871794871799e-02
0.000000000000000000e+00 9.722222222222222376e-02 7.816506410256410797e-01 1.424501424501424529e-02 1.255341880341880392e-02
0.000000000000000000e+00 6.739672364672365246e-02 7.816506410256410797e-01 1.335470085470085409e-02 1.095085470085470011e-02
0.000000000000000000e+00 9.472934472934473049e-02 7.920673076923077094e-01 1.353276353276353268e-02 1.148504273504273587e-02
0.000000000000000000e+00 6.561609686609685965e-02 7.924679487179486781e-01 1.477920227920227932e-02 1.228632478632478604e-02
0.000000000000000000e+00 6.339031339031339640e-02 8.027510683760683552e-01 1.495726495726495790e-02 1.308760683760683795e-02
0.000000000000000000e+00 9.517450142450142869e-02 8.040865384615384359e-01 1.620370370370370280e-02 1.201923076923076990e-02
0.000000000000000000e+00 9.143518518518518878e-02 8.279914529914529364e-01 1.655982905982905998e-02 1.282051282051282007e-02
0.000000000000000000e+00 3.276353276353276278e-02 8.334668803418803229e-01 9.971509971509971357e-03 1.949786324786324798e-02
0.000000000000000000e+00 8.547008547008547175e-02 8.504273504273504036e-01 1.531339031339031334e-02 1.228632478632478604e-02
0.000000000000000000e+00 8.297720797720797847e-02 8.617788461538461453e-01 1.602564102564102422e-02 1.308760683760683795e-02
0.000000000000000000e+00 8.101851851851851749e-02 8.737980769230768718e-01 1.602564102564102422e-02 1.201923076923076990e-02
0.000000000000000000e+00 4.754273504273504036e-02 8.970352564102563875e-01 1.317663817663817724e-02 1.095085470085470011e-02
0.000000000000000000e+00 7.808048433048432602e-02 8.963675213675214026e-01 1.549145299145299193e-02 1.175213675213675202e-02
0.000000000000000000e+00 7.514245014245014842e-02 9.085202991452991927e-01 1.566951566951567051e-02 1.201923076923076990e-02
0.000000000000000000e+00 4.540598290598290426e-02 9.094551282051281937e-01 1.566951566951567051e-02 1.282051282051282007e-02
0.000000000000000000e+00 4.228988603988603767e-02 9.336271367521367104e-01 1.584757834757834910e-02 1.469017094017094002e-02
0.000000000000000000e+00 7.567663817663818071e-02 9.193376068376067911e-01 1.210826210826210746e-02 9.081196581196581893e-03
0.000000000000000000e+00 4.086538461538461592e-02 9.460470085470085166e-01 1.513532763532763475e-02 1.175213675213675202e-02
0.000000000000000000e+00 1.684472934472934502e-01 6.605235042735042583e-01 6.054131054131053728e-03 7.478632478632478951e-03
0.000000000000000000e+00 1.777065527065526951e-01 6.585202991452991927e-01 8.190883190883190695e-03 1.736111111111111188e-02
0.000000000000000000e+00 1.868767806267806197e-01 6.582532051282051766e-01 6.588319088319088621e-03 1.469017094017094002e-02
0.000000000000000000e+00 1.960470085470085444e-01 6.634615384615384359e-01 6.054131054131053728e-03 5.876068376068376009e-03
0.000000000000000000e+00 2.166132478632478708e-01 6.586538461538461453e-01 8.012820512820512109e-03 1.709401709401709574e-02
0.000000000000000000e+00 2.332621082621082753e-01 6.630608974358974672e-01 6.766381766381766340e-03 9.882478632478632063e-03
0.000000000000000000e+00 2.492877492877492995e-01 7.027243589743589203e-01 7.122507122507122646e-03 1.976495726495726413e-02
0.000000000000000000e+00 2.575676638176638278e-01 7.051282051282051766e-01 7.300569800569800365e-03 1.762820512820512803e-02
0.000000000000000000e+00 2.531160968660968735e-01 6.577190170940171443e-01 6.588319088319088621e-03 1.682692307692307612e-02
0.000000000000000000e+00 2.726139601139601076e-01 6.585202991452991927e-01 8.190883190883190695e-03 1.842948717948717993e-02
0.000000000000000000e+00 3.380519943019942852e-01 6.570512820512820484e-01 6.588319088319088621e-03 1.335470085470085409e-02
0.000000000000000000e+00 3.493589743589743390e-01 6.538461538461538547e-01 7.122507122507122646e-03 1.816239316239316379e-02
0.000000000000000000e+00 3.749109686609686798e-01 6.575854700854700807e-01 6.588319088319088621e-03 8.012820512820512109e-03
0.000000000000000000e+00 3.871082621082621023e-01 6.549145299145299193e-01 6.766381766381766340e-03 1.762820512820512803e-02
0.000000000000000000e+00 3.955662393162392987e-01 6.533119658119658224e-01 7.300569800569800365e-03 1.495726495726495790e-02
0.000000000000000000e+00 4.210292022792022637e-01 6.557158119658119677e-01 5.876068376068376009e-03 8.547008547008547868e-03
0.000000000000000000e+00 4.423967236467236663e-01 6.559829059829059839e-01 7.300569800569800365e-03 2.136752136752136794e-02
0.000000000000000000e+00 4.597578347578347713e-01 6.525106837606837740e-01 6.054131054131053728e-03 1.762820512820512803e-02
0.000000000000000000e+00 5.162927350427350959e-01 6.546474358974359031e-01 6.588319088319088621e-03 1.549145299145299193e-02
0.000000000000000000e+00 6.217948717948718063e-01 6.495726495726495964e-01 1.103988603988603941e-02 1.602564102564102422e-02
0.000000000000000000e+00 6.316773504273504036e-01 6.996527777777777901e-01 9.793447293447292770e-03 1.736111111111111188e-02
0.000000000000000000e+00 6.222400284900284628e-01 7.200854700854700807e-01 1.086182336182336255e-02 1.709401709401709574e-02
0.000000000000000000e+00 6.144943019943019946e-01 7.387820512820513219e-01 1.068376068376068397e-02 1.762820512820512803e-02
0.000000000000000000e+00 6.067485754985755264e-01 7.594818376068376287e-01 1.157407407407407343e-02 2.216880341880341984e-02
0.000000000000000000e+00 5.579594017094017255e-01 7.747061965811965489e-01 1.228632478632478604e-02 2.216880341880341984e-02
0.000000000000000000e+00 6.073717948717948234e-01 7.777777777777777901e-01 9.259259259259258745e-03 1.282051282051282007e-02
0.000000000000000000e+00 5.670405982905982745e-01 8.838141025641025328e-01 9.081196581196581893e-03 1.923076923076923184e-02
0.000000000000000000e+00 7.778668091168091658e-01 7.406517094017094349e-01 1.335470085470085409e-02 2.457264957264957209e-02
0.000000000000000000e+00 6.351495726495726135e-01 2.568108974358974117e-01 9.615384615384615918e-03 1.682692307692307612e-02
0.000000000000000000e+00 6.418269230769231282e-01 2.732371794871794601e-01 9.793447293447292770e-03 1.549145299145299193e-02
0.000000000000000000e+00 6.488603988603988126e-01 2.864583333333333148e-01 9.615384615384615918e-03 1.522435897435897405e-02
0.000000000000000000e+00 6.627492877492877632e-01 3.157051282051281937e-01 8.903133903133903307e-03 1.388888888888888812e-02
0.000000000000000000e+00 6.696047008547008073e-01 3.322649572649572502e-01 1.014957264957264994e-02 1.655982905982905998e-02
0.000000000000000000e+00 6.795762108262107803e-01 3.581730769230769273e-01 8.012820512820512109e-03 1.282051282051282007e-02
0.000000000000000000e+00 6.860754985754985436e-01 3.751335470085470081e-01 9.259259259259258745e-03 1.736111111111111188e-02
0.000000000000000000e+00 7.004095441595441507e-01 4.272168803418803229e-01 8.012820512820512109e-03 1.415598290598290600e-02
0.000000000000000000e+00 7.065527065527065220e-01 4.468482905982906206e-01 8.190883190883190695e-03 1.602564102564102422e-02
0.000000000000000000e+00 7.174145299145299193e-01 4.834401709401709435e-01 9.259259259259258745e-03 1.816239316239316379e-02
0.000000000000000000e+00 7.285434472934473327e-01 5.134882478632478708e-01 7.300569800569800365e-03 6.143162393162393022e-03
0.000000000000000000e+00 9.748041310541311066e-01 8.352029914529914834e-01 1.050569800569800538e-02 6.410256410256410034e-03
0.000000000000000000e+00 7.733262108262107803e-01 3.018162393162392987e-01 1.139601139601139658e-02 9.081196581196581893e-03
0.000000000000000000e+00 8.902243589743589203e-01 3.537660256410256610e-01 6.944444444444444059e-03 1.362179487179487197e-02
0.000000000000000000e+00 8.772257834757835049e-01 4.238782051282051211e-01 7.656695156695156670e-03 1.388888888888888812e-02
0.000000000000000000e+00 8.872863247863247427e-01 4.622061965811966044e-01 5.698005698005698290e-03 1.362179487179487197e-02
0.000000000000000000e+00 9.097222222222222099e-01 4.647435897435897578e-01 8.903133903133903307e-03 1.655982905982905998e-02
0.000000000000000000e+00 9.771189458689458762e-01 5.466079059829059839e-01 1.513532763532763475e-02 1.095085470085470011e-02
