0.000000000000000000e+00 1.331908831908831803e-01 1.215277777777777797e-02 7.122507122507122646e-03 1.095085470085470011e-02
0.000000000000000000e+00 1.365740740740740700e-01 2.256944444444444406e-02 6.766381766381766340e-03 1.148504273504273587e-02
0.000000000000000000e+00 1.239316239316239354e-01 3.165064102564102422e-02 6.766381766381766340e-03 1.148504273504273587e-02
0.000000000000000000e+00 1.266915954415954448e-01 4.300213675213675202e-02 6.588319088319088621e-03 1.175213675213675202e-02
0.000000000000000000e+00 1.465455840455840431e-01 5.422008547008547175e-02 6.410256410256410034e-03 1.228632478632478604e-02
0.000000000000000000e+00 1.325676638176638278e-01 6.156517094017094349e-02 7.656695156695156670e-03 1.736111111111111188e-02
0.000000000000000000e+00 1.605235042735042861e-01 7.051282051282051211e-02 6.232193732193732315e-03 8.547008547008547868e-03
0.000000000000000000e+00 1.459223646723646628e-01 9.989316239316239909e-02 5.163817663817663398e-03 1.175213675213675202e-02
0.000000000000000000e+00 1.639957264957264960e-01 1.048344017094017117e-01 8.190883190883190695e-03 1.255341880341880392e-02
0.000000000000000000e+00 1.686253561253561184e-01 1.169871794871794879e-01 6.410256410256410034e-03 1.068376068376068397e-02
0.000000000000000000e+00 1.542913105413105390e-01 1.256677350427350404e-01 7.656695156695156670e-03 1.308760683760683795e-02
0.000000000000000000e+00 1.723646723646723722e-01 1.291399572649572780e-01 7.834757834757835257e-03 1.308760683760683795e-02
0.000000000000000000e+00 1.817129629629629650e-01 1.521100427350427220e-01 5.519943019943019703e-03 1.308760683760683795e-02
0.000000000000000000e+00 1.684472934472934502e-01 1.585202991452991372e-01 7.122507122507122646e-03 1.362179487179487197e-02
0.000000000000000000e+00 1.730769230769230727e-01 1.713408119658119677e-01 7.122507122507122646e-03 1.362179487179487197e-02
0.000000000000000000e+00 1.913283475783475740e-01 1.741452991452991372e-01 8.012820512820512109e-03 1.335470085470085409e-02
0.000000000000000000e+00 1.968482905982905928e-01 1.875000000000000000e-01 8.012820512820512109e-03 1.228632478632478604e-02
0.000000000000000000e+00 1.801103988603988681e-01 1.899038461538461453e-01 5.519943019943019703e-03 7.478632478632478951e-03
0.000000000000000000e+00 2.028133903133903237e-01 2.029914529914529919e-01 8.903133903133903307e-03 1.388888888888888812e-02
0.000000000000000000e+00 1.905270655270655256e-01 2.158119658119658224e-01 7.834757834757835257e-03 1.228632478632478604e-02
0.000000000000000000e+00 4.157763532763533026e-02 1.881677350427350404e-01 7.656695156695156670e-03 1.362179487179487197e-02
0.000000000000000000e+00 4.611823361823361861e-02 1.992521367521367659e-01 1.887464387464387466e-02 1.228632478632478604e-02
0.000000000000000000e+00 6.312321937321936638e-02 1.997863247863247982e-01 1.620370370370370280e-02 1.282051282051282007e-02
0.000000000000000000e+00 7.879273504273504036e-02 2.015224358974359031e-01 1.549145299145299193e-02 1.575854700854700807e-02
0.000000000000000000e+00 9.018874643874644215e-02 2.040598290598290565e-01 7.300569800569800365e-03 1.549145299145299193e-02
0.000000000000000000e+00 2.107371794871794879e-01 2.207532051282051211e-01 6.944444444444444059e-03 1.255341880341880392e-02
0.000000000000000000e+00 2.028133903133903237e-01 2.431891025641025605e-01 9.615384615384615918e-03 1.789529914529914417e-02
0.000000000000000000e+00 2.199074074074074125e-01 2.422542735042735040e-01 8.190883190883190695e-03 1.335470085470085409e-02
0.000000000000000000e+00 2.264066951566951480e-01 2.586805555555555802e-01 8.725071225071224720e-03 1.255341880341880392e-02
0.000000000000000000e+00 1.923076923076923184e-02 2.889957264957264682e-01 1.424501424501424529e-02 9.615384615384615918e-03
0.000000000000000000e+00 2.991452991452991581e-02 2.837873931623931534e-01 1.175213675213675202e-02 7.745726495726495964e-03
0.000000000000000000e+00 3.205128205128204844e-02 2.904647435897436125e-01 1.103988603988603941e-02 8.814102564102564014e-03
0.000000000000000000e+00 4.460470085470085583e-02 2.851228632478632341e-01 1.406695156695156670e-02 9.348290598290598039e-03
0.000000000000000000e+00 6.009615384615384776e-02 2.853899572649572502e-01 1.050569800569800538e-02 8.814102564102564014e-03
0.000000000000000000e+00 7.487535612535613228e-02 2.856570512820512664e-01 1.050569800569800538e-02 8.279914529914529989e-03
0.000000000000000000e+00 9.846866096866097040e-02 2.737713675213675479e-01 6.766381766381766340e-03 1.388888888888888812e-02
0.000000000000000000e+00 1.328347578347578439e-01 2.935363247863247982e-01 1.175213675213675202e-02 9.081196581196581893e-03
0.000000000000000000e+00 1.493055555555555525e-01 2.928685897435897578e-01 1.584757834757834910e-02 1.308760683760683795e-02
0.000000000000000000e+00 2.054843304843304852e-01 4.157318376068376287e-01 1.424501424501424529e-02 8.814102564102564014e-03
0.000000000000000000e+00 7.621082621082621300e-02 5.403311965811965489e-01 1.994301994301994271e-02 1.335470085470085409e-02
0.000000000000000000e+00 2.402065527065526951e-01 3.293269230769230727e-01 1.103988603988603941e-02 1.442307692307692388e-02
0.000000000000000000e+00 2.481303418803418870e-01 3.414797008547008628e-01 8.368945868945869282e-03 1.308760683760683795e-02
0.000000000000000000e+00 2.556089743589743390e-01 3.537660256410256610e-01 7.656695156695156670e-03 1.095085470085470011e-02
0.000000000000000000e+00 2.769764957264957417e-01 3.561698717948718063e-01 1.086182336182336255e-02 1.522435897435897405e-02
0.000000000000000000e+00 2.889066951566951480e-01 3.751335470085470081e-01 1.371082621082621127e-02 2.056623931623931603e-02
0.000000000000000000e+00 3.765135327635327767e-01 5.328525641025640969e-01 9.437321937321937332e-03 1.495726495726495790e-02
0.000000000000000000e+00 3.587072649572649596e-01 5.397970085470085166e-01 1.157407407407407343e-02 2.403846153846153980e-02
0.000000000000000000e+00 3.669871794871794601e-01 5.646367521367521292e-01 1.103988603988603941e-02 1.709401709401709574e-02
0.000000000000000000e+00 4.004629629629629650e-01 5.929487179487179516e-01 1.032763532763532680e-02 1.655982905982905998e-02
0.000000000000000000e+00 4.181801994301994063e-01 6.387553418803418870e-01 1.050569800569800538e-02 1.842948717948717993e-02
0.000000000000000000e+00 5.876068376068376009e-03 8.715277777777777901e-01 1.139601139601139658e-02 1.335470085470085409e-02
0.000000000000000000e+00 1.201923076923076955e-01 8.446848290598291120e-01 1.709401709401709574e-02 1.362179487179487197e-02
0.000000000000000000e+00 1.532229344729344744e-01 8.372061965811965489e-01 1.869658119658119608e-02 1.415598290598290600e-02
0.000000000000000000e+00 1.717414529914529919e-01 8.326655982905982745e-01 1.762820512820512803e-02 1.308760683760683795e-02
0.000000000000000000e+00 1.597222222222222099e-01 8.571047008547008073e-01 1.068376068376068397e-02 1.335470085470085409e-02
0.000000000000000000e+00 1.532229344729344744e-01 8.886217948717948234e-01 1.762820512820512803e-02 1.495726495726495790e-02
0.000000000000000000e+00 1.536680911680911588e-01 9.099893162393162260e-01 1.923076923076923184e-02 1.923076923076923184e-02
0.000000000000000000e+00 1.526887464387464421e-01 9.328258547008546619e-01 1.834045584045583890e-02 1.308760683760683795e-02
0.000000000000000000e+00 1.546474358974359031e-01 9.432425213675214026e-01 1.406695156695156670e-02 1.308760683760683795e-02
0.000000000000000000e+00 2.002314814814814825e-01 8.261217948717948234e-01 1.371082621082621127e-02 1.335470085470085409e-02
0.000000000000000000e+00 2.184829059829059839e-01 8.227831196581196771e-01 1.745014245014244944e-02 1.362179487179487197e-02
0.000000000000000000e+00 2.386930199430199462e-01 8.177083333333333703e-01 1.406695156695156670e-02 1.255341880341880392e-02
0.000000000000000000e+00 2.486645299145299193e-01 8.262553418803418870e-01 1.477920227920227932e-02 1.255341880341880392e-02
0.000000000000000000e+00 2.527599715099715372e-01 8.143696581196581130e-01 1.086182336182336255e-02 1.121794871794871799e-02
0.000000000000000000e+00 2.686075498575498655e-01 8.096955128205127750e-01 1.834045584045583890e-02 1.362179487179487197e-02
0.000000000000000000e+00 2.900641025641025883e-01 8.050213675213675479e-01 1.317663817663817724e-02 1.335470085470085409e-02
0.000000000000000000e+00 3.075142450142450135e-01 7.996794871794872250e-01 1.887464387464387466e-02 1.388888888888888812e-02
0.000000000000000000e+00 3.364494301994301884e-01 8.183760683760683552e-01 1.371082621082621127e-02 1.228632478632478604e-02
0.000000000000000000e+00 3.528311965811966044e-01 8.114316239316239354e-01 1.299857549857549865e-02 8.547008547008547868e-03
0.000000000000000000e+00 3.892450142450142314e-01 7.832532051282051766e-01 1.602564102564102422e-02 1.201923076923076990e-02
0.000000000000000000e+00 3.896011396011396233e-01 8.026175213675214026e-01 1.460113960113960073e-02 8.012820512820512109e-03
0.000000000000000000e+00 5.056980056980057148e-01 7.747061965811965489e-01 1.139601139601139658e-02 1.736111111111111188e-02
0.000000000000000000e+00 5.248397435897436125e-01 7.696314102564102422e-01 8.368945868945869282e-03 1.842948717948717993e-02
0.000000000000000000e+00 5.340990028490028019e-01 7.654914529914529364e-01 9.437321937321937332e-03 2.136752136752136794e-02
0.000000000000000000e+00 5.147792022792022637e-01 8.245192307692307265e-01 1.103988603988603941e-02 1.976495726495726413e-02
0.000000000000000000e+00 5.231481481481481399e-01 8.189102564102563875e-01 1.139601139601139658e-02 2.136752136752136794e-02
0.000000000000000000e+00 5.331196581196581130e-01 8.158386752136752573e-01 8.190883190883190695e-03 2.163461538461538408e-02
0.000000000000000000e+00 1.905270655270655256e-01 5.715811965811965628e-02 7.834757834757835257e-03 8.012820512820512109e-03
0.000000000000000000e+00 2.462606837606837740e-01 3.512286324786324798e-02 1.282051282051282007e-02 1.362179487179487197e-02
0.000000000000000000e+00 2.499109686609686520e-01 4.941239316239316032e-02 1.371082621082621127e-02 1.282051282051282007e-02
0.000000000000000000e+00 2.370014245014245013e-01 5.542200854700854440e-02 9.615384615384615918e-03 8.279914529914529989e-03
0.000000000000000000e+00 3.061787749287749327e-01 8.199786324786324798e-02 7.300569800569800365e-03 1.175213675213675202e-02
0.000000000000000000e+00 2.661146723646723444e-01 2.642895299145299193e-01 1.193019943019943060e-02 9.882478632478632063e-03
0.000000000000000000e+00 2.775106837606837740e-01 2.573450854700854440e-01 1.050569800569800538e-02 1.148504273504273587e-02
0.000000000000000000e+00 2.905092592592592449e-01 2.509348290598290565e-01 1.335470085470085409e-02 1.148504273504273587e-02
0.000000000000000000e+00 3.453525641025640969e-01 2.290331196581196493e-01 1.193019943019943060e-02 1.041666666666666609e-02
0.000000000000000000e+00 3.710826210826210780e-01 2.219551282051281937e-01 1.103988603988603941e-02 1.014957264957264994e-02
0.000000000000000000e+00 3.565705128205128305e-01 1.081730769230769204e-02 5.519943019943019703e-03 1.095085470085470011e-02
0.000000000000000000e+00 3.771367521367521292e-01 1.041666666666666609e-02 8.547008547008547868e-03 7.478632478632478951e-03
0.000000000000000000e+00 3.774038461538461453e-01 1.482371794871794810e-02 9.793447293447292770e-03 8.279914529914529989e-03
0.000000000000000000e+00 3.803418803418803229e-01 2.443910256410256401e-02 8.903133903133903307e-03 8.279914529914529989e-03
0.000000000000000000e+00 3.857727920227920215e-01 4.273504273504273587e-02 9.437321937321937332e-03 7.478632478632478951e-03
0.000000000000000000e+00 3.867521367521367659e-01 4.767628205128204844e-02 1.139601139601139658e-02 9.348290598290598039e-03
0.000000000000000000e+00 3.883547008547008628e-01 5.315170940170940023e-02 1.103988603988603941e-02 9.081196581196581893e-03
0.000000000000000000e+00 3.892450142450142314e-01 5.822649572649572780e-02 1.175213675213675202e-02 9.081196581196581893e-03
0.000000000000000000e+00 4.054487179487179516e-01 9.268162393162393542e-02 6.410256410256410034e-03 9.615384615384615918e-03
0.000000000000000000e+00 3.949430199430199462e-01 1.024305555555555525e-01 7.122507122507122646e-03 1.201923076923076990e-02
0.000000000000000000e+00 4.122150997150997309e-01 1.117788461538461592e-01 7.122507122507122646e-03 1.255341880341880392e-02
0.000000000000000000e+00 4.002849002849002691e-01 1.351495726495726413e-01 9.259259259259258745e-03 1.709401709401709574e-02
0.000000000000000000e+00 4.185363247863247982e-01 1.347489316239316171e-01 7.656695156695156670e-03 1.362179487179487197e-02
0.000000000000000000e+00 4.237891737891738009e-01 1.518429487179487059e-01 6.766381766381766340e-03 1.148504273504273587e-02
0.000000000000000000e+00 4.475605413105412933e-01 1.509081196581196598e-02 6.944444444444444059e-03 1.095085470085470011e-02
0.000000000000000000e+00 4.538817663817663606e-01 1.295405982905982988e-02 4.985754985754985678e-03 8.814102564102564014e-03
0.000000000000000000e+00 4.596688034188033956e-01 1.375534188034188005e-02 6.232193732193732315e-03 1.041666666666666609e-02
0.000000000000000000e+00 4.567307692307692180e-01 3.245192307692307959e-02 5.341880341880341984e-03 7.211538461538461939e-03
0.000000000000000000e+00 4.835292022792022637e-01 2.804487179487179498e-03 5.519943019943019703e-03 5.074786324786324972e-03
0.000000000000000000e+00 4.873575498575498655e-01 1.348824786324786390e-02 9.615384615384615918e-03 2.003205128205128374e-02
0.000000000000000000e+00 4.931445868945869004e-01 4.313568376068376009e-02 6.944444444444444059e-03 1.148504273504273587e-02
0.000000000000000000e+00 5.467414529914529364e-01 1.682692307692307612e-02 7.300569800569800365e-03 1.014957264957264994e-02
0.000000000000000000e+00 5.414886039886039892e-01 2.751068376068376009e-02 7.478632478632478951e-03 1.068376068376068397e-02
0.000000000000000000e+00 5.057870370370370905e-01 1.093750000000000000e-01 6.232193732193732315e-03 1.255341880341880392e-02
0.000000000000000000e+00 4.911858974358974117e-01 1.615918803418803507e-01 6.588319088319088621e-03 1.228632478632478604e-02
0.000000000000000000e+00 4.831730769230769273e-01 1.889690170940170888e-01 8.012820512820512109e-03 1.308760683760683795e-02
0.000000000000000000e+00 6.071047008547008073e-01 4.941239316239316032e-02 9.081196581196581893e-03 8.547008547008547868e-03
0.000000000000000000e+00 6.053240740740740700e-01 6.877670940170940717e-02 9.793447293447292770e-03 8.279914529914529989e-03
0.000000000000000000e+00 6.790420227920227481e-01 6.143162393162393022e-03 1.014957264957264994e-02 8.012820512820512109e-03
0.000000000000000000e+00 7.363782051282051766e-01 2.817841880341880392e-02 9.793447293447292770e-03 8.279914529914529989e-03
0.000000000000000000e+00 7.573005698005698116e-01 3.605769230769230449e-02 1.103988603988603941e-02 9.615384615384615918e-03
0.000000000000000000e+00 7.759971509971509418e-01 4.273504273504273587e-02 1.103988603988603941e-02 9.081196581196581893e-03
0.000000000000000000e+00 8.257656695156695426e-01 6.022970085470085583e-02 1.264245014245014322e-02 9.348290598290598039e-03
0.000000000000000000e+00 8.990384615384615641e-01 2.136752136752136967e-03 4.629629629629629373e-03 3.739316239316239476e-03
0.000000000000000000e+00 9.258368945868945543e-01 1.415598290598290600e-02 5.163817663817663398e-03 6.944444444444444059e-03
0.000000000000000000e+00 9.355413105413105113e-01 1.736111111111111188e-02 4.629629629629629373e-03 4.807692307692307959e-03
0.000000000000000000e+00 9.431980056980057148e-01 2.003205128205128374e-02 4.629629629629629373e-03 4.807692307692307959e-03
0.000000000000000000e+00 9.521011396011396233e-01 2.470619658119658016e-02 4.985754985754985678e-03 6.677350427350427046e-03
0.000000000000000000e+00 8.966346153846154188e-01 1.177884615384615363e-01 8.012820512820512109e-03 1.549145299145299193e-02
0.000000000000000000e+00 9.314458689458688934e-01 1.018963675213675202e-01 1.210826210826210746e-02 1.041666666666666609e-02
0.000000000000000000e+00 9.489850427350426942e-01 9.134615384615384082e-02 6.588319088319088621e-03 1.068376068376068397e-02
0.000000000000000000e+00 9.607371794871795156e-01 1.145833333333333287e-01 1.086182336182336255e-02 1.014957264957264994e-02
0.000000000000000000e+00 9.744480056980057148e-01 1.209935897435897439e-01 1.121794871794871799e-02 1.175213675213675202e-02
0.000000000000000000e+00 9.942129629629629095e-01 1.442307692307692180e-01 4.807692307692307959e-03 6.410256410256410034e-03
0.000000000000000000e+00 9.010861823361823175e-01 1.725427350427350404e-01 8.725071225071224720e-03 1.549145299145299193e-02
0.000000000000000000e+00 9.077635327635327211e-01 1.611912393162393264e-01 7.834757834757835257e-03 1.308760683760683795e-02
0.000000000000000000e+00 8.223824786324785974e-01 3.827457264957264682e-01 1.762820512820512803e-02 1.762820512820512803e-02
0.000000000000000000e+00 4.637642450142450135e-01 2.628205128205128305e-01 5.519943019943019703e-03 1.175213675213675202e-02
0.000000000000000000e+00 4.665242165242165506e-01 2.764423076923077094e-01 7.122507122507122646e-03 1.335470085470085409e-02
0.000000000000000000e+00 4.284188034188033956e-01 3.611111111111111049e-01 6.054131054131053728e-03 1.709401709401709574e-02
0.000000000000000000e+00 4.500534188034188143e-01 3.314636752136752018e-01 1.335470085470085409e-02 1.014957264957264994e-02
0.000000000000000000e+00 4.707977207977208089e-01 3.469551282051281937e-01 1.246438746438746463e-02 9.081196581196581893e-03
0.000000000000000000e+00 4.725783475783476018e-01 3.543002136752136932e-01 9.615384615384615918e-03 7.745726495726495964e-03
0.000000000000000000e+00 4.752492877492877632e-01 3.611111111111111049e-01 8.547008547008547868e-03 8.547008547008547868e-03
0.000000000000000000e+00 5.056980056980057148e-01 3.681891025641025883e-01 1.068376068376068397e-02 1.201923076923076990e-02
0.000000000000000000e+00 4.980413105413105668e-01 4.177350427350427498e-01 7.478632478632478951e-03 1.549145299145299193e-02
0.000000000000000000e+00 5.006232193732194080e-01 4.328258547008547175e-01 7.656695156695156670e-03 1.362179487179487197e-02
0.000000000000000000e+00 5.038283475783476018e-01 4.497863247863247982e-01 7.656695156695156670e-03 1.335470085470085409e-02
0.000000000000000000e+00 5.102386039886039892e-01 4.895833333333333148e-01 7.656695156695156670e-03 1.495726495726495790e-02
0.000000000000000000e+00 5.202101139601139623e-01 5.466079059829059839e-01 7.300569800569800365e-03 1.575854700854700807e-02
0.000000000000000000e+00 5.250178062678062529e-01 5.944177350427350959e-01 8.368945868945869282e-03 1.575854700854700807e-02
0.000000000000000000e+00 5.284900284900284628e-01 6.133814102564102422e-01 8.190883190883190695e-03 1.736111111111111188e-02
0.000000000000000000e+00 5.350783475783476018e-01 6.537126068376067911e-01 7.478632478632478951e-03 1.415598290598290600e-02
0.000000000000000000e+00 5.432692307692307265e-01 7.032585470085470636e-01 7.478632478632478951e-03 1.549145299145299193e-02
0.000000000000000000e+00 5.607193732193732627e-01 6.975160256410256610e-01 8.547008547008547868e-03 2.003205128205128374e-02
0.000000000000000000e+00 5.657941595441595695e-01 7.223557692307692735e-01 9.081196581196581893e-03 2.056623931623931603e-02
0.000000000000000000e+00 5.687321937321937471e-01 7.431891025641025328e-01 8.547008547008547868e-03 1.789529914529914417e-02
0.000000000000000000e+00 5.503027065527065220e-01 7.462606837606837740e-01 8.368945868945869282e-03 1.709401709401709574e-02
0.000000000000000000e+00 6.878561253561253919e-01 9.843750000000000000e-01 1.780626780626780661e-02 1.789529914529914417e-02
0.000000000000000000e+00 7.124287749287748772e-01 9.699519230769231282e-01 1.246438746438746463e-02 1.842948717948717993e-02
0.000000000000000000e+00 7.304131054131054457e-01 9.861111111111111605e-01 2.065527065527065359e-02 2.724358974358974395e-02
0.000000000000000000e+00 7.879273504273504036e-01 7.235576923076922906e-01 1.317663817663817724e-02 1.762820512820512803e-02
0.000000000000000000e+00 7.972756410256410797e-01 7.001869658119658224e-01 6.588319088319088621e-03 1.308760683760683795e-02
0.000000000000000000e+00 8.140135327635327211e-01 7.019230769230768718e-01 1.264245014245014322e-02 1.495726495726495790e-02
0.000000000000000000e+00 8.379629629629629095e-01 6.753472222222222099e-01 8.547008547008547868e-03 1.629273504273504383e-02
0.000000000000000000e+00 8.581730769230768718e-01 6.619925213675214026e-01 9.437321937321937332e-03 1.896367521367521222e-02
0.000000000000000000e+00 8.839921652421652842e-01 6.444978632478632896e-01 1.014957264957264994e-02 1.923076923076923184e-02
0.000000000000000000e+00 9.107015669515668987e-01 6.730769230769231282e-01 1.762820512820512803e-02 1.388888888888888812e-02
0.000000000000000000e+00 9.293091168091167642e-01 6.583867521367521292e-01 1.566951566951567051e-02 1.602564102564102422e-02
0.000000000000000000e+00 9.764066951566952035e-01 6.076388888888888395e-01 1.014957264957264994e-02 1.495726495726495790e-02
0.000000000000000000e+00 9.366096866096865758e-01 7.198183760683760646e-01 1.709401709401709574e-02 1.282051282051282007e-02
0.000000000000000000e+00 9.393696581196581130e-01 7.299679487179486781e-01 1.406695156695156670e-02 1.068376068376068397e-02
0.000000000000000000e+00 9.409722222222222099e-01 7.399839743589743390e-01 1.584757834757834910e-02 1.255341880341880392e-02
0.000000000000000000e+00 9.433760683760683552e-01 7.504006410256410797e-01 1.460113960113960073e-02 1.095085470085470011e-02
0.000000000000000000e+00 9.448896011396011874e-01 7.582799145299145005e-01 1.299857549857549865e-02 5.876068376068376009e-03
0.000000000000000000e+00 9.334045584045583821e-01 7.784455128205127750e-01 8.903133903133903307e-03 1.949786324786324798e-02
0.000000000000000000e+00 8.430377492877493273e-01 8.971688034188034511e-01 6.588319088319088621e-03 1.442307692307692388e-02
0.000000000000000000e+00 8.644052706552706189e-01 9.154647435897436125e-01 1.228632478632478604e-02 2.110042735042735179e-02
0.000000000000000000e+00 8.671652421652421561e-01 9.436431623931623713e-01 9.615384615384615918e-03 1.335470085470085409e-02
0.000000000000000000e+00 8.820334757834757955e-01 9.579326923076922906e-01 1.299857549857549865e-02 2.323717948717948789e-02
0.000000000000000000e+00 8.862179487179486781e-01 9.863782051282051766e-01 8.903133903133903307e-03 1.228632478632478604e-02
0.000000000000000000e+00 9.244123931623932089e-01 9.083867521367521292e-01 1.584757834757834910e-02 2.029914529914529989e-02
0.000000000000000000e+00 9.188924501424501345e-01 9.161324786324785974e-01 1.584757834757834910e-02 1.709401709401709574e-02
0.000000000000000000e+00 9.138176638176638278e-01 9.240117521367521292e-01 6.410256410256410034e-03 9.348290598290598039e-03
