0.000000000000000000e+00 5.457621082621082892e-02 2.670940170940170992e-03 1.157407407407407343e-02 4.807692307692307959e-03
0.000000000000000000e+00 9.036680911680911032e-02 2.270299145299145473e-03 1.014957264957264994e-02 4.006410256410256054e-03
0.000000000000000000e+00 9.294871794871795156e-02 6.009615384615384949e-03 8.190883190883190695e-03 6.677350427350427046e-03
0.000000000000000000e+00 1.028311965811965767e-01 3.205128205128205017e-03 1.193019943019943060e-02 5.876068376068376009e-03
0.000000000000000000e+00 1.165420227920227897e-01 3.472222222222222029e-03 9.437321937321937332e-03 6.410256410256410034e-03
0.000000000000000000e+00 1.292735042735042861e-01 3.605769230769230969e-03 9.259259259259258745e-03 6.677350427350427046e-03
0.000000000000000000e+00 1.805555555555555525e-01 8.680555555555555941e-03 9.615384615384615918e-03 7.745726495726495964e-03
0.000000000000000000e+00 1.943554131054130996e-01 8.012820512820512109e-03 1.335470085470085409e-02 1.121794871794871799e-02
0.000000000000000000e+00 2.021011396011395886e-02 2.236912393162393264e-01 1.834045584045583890e-02 1.148504273504273587e-02
0.000000000000000000e+00 2.451032763532763614e-01 9.815705128205128027e-02 1.157407407407407343e-02 5.074786324786324972e-03
0.000000000000000000e+00 7.300569800569800365e-03 4.404380341880341776e-01 1.424501424501424529e-02 7.478632478632478951e-03
0.000000000000000000e+00 2.350427350427350404e-02 4.379006410256410242e-01 1.246438746438746463e-02 8.279914529914529989e-03
0.000000000000000000e+00 8.164173789173789775e-02 4.266826923076922906e-01 1.264245014245014322e-02 9.348290598290598039e-03
0.000000000000000000e+00 1.792200854700854717e-01 4.090544871794871695e-01 1.477920227920227932e-02 9.882478632478632063e-03
0.000000000000000000e+00 2.069978632478632341e-01 4.037126068376068466e-01 1.549145299145299193e-02 1.201923076923076990e-02
0.000000000000000000e+00 2.125178062678062807e-01 4.174679487179487336e-01 8.725071225071224720e-03 1.014957264957264994e-02
0.000000000000000000e+00 2.218660968660968735e-01 4.006410256410256610e-01 1.139601139601139658e-02 1.014957264957264994e-02
0.000000000000000000e+00 2.074430199430199462e-01 4.393696581196581130e-01 1.388888888888888812e-02 1.175213675213675202e-02
0.000000000000000000e+00 2.082443019943019946e-01 4.535256410256410242e-01 1.584757834757834910e-02 1.602564102564102422e-02
0.000000000000000000e+00 2.079772079772079785e-01 4.703525641025640969e-01 1.566951566951567051e-02 9.615384615384615918e-03
0.000000000000000000e+00 2.097578347578347713e-01 4.771634615384615641e-01 1.246438746438746463e-02 1.041666666666666609e-02
0.000000000000000000e+00 2.459935897435897301e-01 3.955662393162392987e-01 1.014957264957264994e-02 8.547008547008547868e-03
0.000000000000000000e+00 2.785790598290598385e-01 3.895566239316239354e-01 1.086182336182336255e-02 8.279914529914529989e-03
0.000000000000000000e+00 2.897970085470085722e-01 3.879540598290598385e-01 9.437321937321937332e-03 9.348290598290598039e-03
0.000000000000000000e+00 3.215811965811966044e-01 3.816773504273504036e-01 1.139601139601139658e-02 1.014957264957264994e-02
0.000000000000000000e+00 3.365384615384615641e-01 3.774038461538461453e-01 1.566951566951567051e-02 1.121794871794871799e-02
0.000000000000000000e+00 3.608440170940170888e-01 3.892895299145299193e-01 1.014957264957264994e-02 5.608974358974358997e-03
0.000000000000000000e+00 4.050925925925926152e-01 3.665865384615384359e-01 1.353276353276353268e-02 9.882478632478632063e-03
0.000000000000000000e+00 7.923789173789174550e-03 6.459668803418803229e-01 1.549145299145299193e-02 1.255341880341880392e-02
0.000000000000000000e+00 2.599715099715099731e-02 6.419604700854700807e-01 8.547008547008547868e-03 1.255341880341880392e-02
0.000000000000000000e+00 5.110398860398860515e-02 6.618589743589743390e-01 1.175213675213675202e-02 1.121794871794871799e-02
0.000000000000000000e+00 1.134259259259259300e-01 6.239316239316239354e-01 1.175213675213675202e-02 1.175213675213675202e-02
0.000000000000000000e+00 9.116809116809117264e-02 6.538461538461538547e-01 1.638176638176638139e-02 1.282051282051282007e-02
0.000000000000000000e+00 1.799323361823361722e-01 6.133814102564102422e-01 7.656695156695156670e-03 1.575854700854700807e-02
0.000000000000000000e+00 1.875890313390313480e-01 6.117788461538461453e-01 7.656695156695156670e-03 1.629273504273504383e-02
0.000000000000000000e+00 2.129629629629629650e-01 6.087072649572649041e-01 7.834757834757835257e-03 1.549145299145299193e-02
0.000000000000000000e+00 2.324608262108261991e-01 6.263354700854700807e-01 1.584757834757834910e-02 1.121794871794871799e-02
0.000000000000000000e+00 2.797364672364672233e-01 6.164529914529914834e-01 1.317663817663817724e-02 9.615384615384615918e-03
0.000000000000000000e+00 2.618411680911680861e-01 6.193910256410256610e-01 1.335470085470085409e-02 1.121794871794871799e-02
0.000000000000000000e+00 3.831018518518518601e-01 5.942841880341880323e-01 1.549145299145299193e-02 1.335470085470085409e-02
0.000000000000000000e+00 4.718660968660968735e-01 5.714476495726495964e-01 1.566951566951567051e-02 1.201923076923076990e-02
0.000000000000000000e+00 1.596331908831908897e-01 6.944444444444444198e-01 8.012820512820512109e-03 2.029914529914529989e-02
0.000000000000000000e+00 1.608796296296296224e-01 7.481303418803418870e-01 7.656695156695156670e-03 1.923076923076923184e-02
0.000000000000000000e+00 1.611467236467236386e-01 8.178418803418803229e-01 8.190883190883190695e-03 2.136752136752136794e-02
0.000000000000000000e+00 1.220619658119658085e-01 8.278579059829059839e-01 8.725071225071224720e-03 2.537393162393162399e-02
0.000000000000000000e+00 1.118233618233618193e-01 8.289262820512820484e-01 8.190883190883190695e-03 1.842948717948717993e-02
0.000000000000000000e+00 1.034544159544159569e-01 8.311965811965812412e-01 7.478632478632478951e-03 2.029914529914529989e-02
0.000000000000000000e+00 9.419515669515669820e-02 8.768696581196581130e-01 7.834757834757835257e-03 1.762820512820512803e-02
0.000000000000000000e+00 1.030982905982905928e-01 8.752670940170940161e-01 8.190883190883190695e-03 1.655982905982905998e-02
0.000000000000000000e+00 1.125356125356125336e-01 8.729967948717948234e-01 8.190883190883190695e-03 1.896367521367521222e-02
0.000000000000000000e+00 1.220619658119658085e-01 8.724626068376067911e-01 7.300569800569800365e-03 1.522435897435897405e-02
0.000000000000000000e+00 1.323005698005698116e-01 8.680555555555555802e-01 8.903133903133903307e-03 1.816239316239316379e-02
0.000000000000000000e+00 1.656873219373219408e-01 8.735309829059828557e-01 9.081196581196581893e-03 2.003205128205128374e-02
0.000000000000000000e+00 1.470797720797720753e-01 9.321581196581196771e-01 7.834757834757835257e-03 2.136752136752136794e-02
0.000000000000000000e+00 6.104878917378917524e-01 8.595085470085470636e-01 1.513532763532763475e-02 1.388888888888888812e-02
0.000000000000000000e+00 6.586538461538461453e-01 9.838408119658119677e-01 1.566951566951567051e-02 1.682692307692307612e-02
0.000000000000000000e+00 3.066239316239316448e-01 5.582264957264957556e-02 9.615384615384615918e-03 1.175213675213675202e-02
0.000000000000000000e+00 3.173967236467236663e-01 6.997863247863247982e-02 1.050569800569800538e-02 1.655982905982905998e-02
0.000000000000000000e+00 3.932514245014245291e-01 1.870993589743589758e-01 8.725071225071224720e-03 1.201923076923076990e-02
0.000000000000000000e+00 4.000178062678062529e-01 2.011217948717948789e-01 8.725071225071224720e-03 1.282051282051282007e-02
0.000000000000000000e+00 3.803418803418803229e-01 1.916399572649572780e-01 6.410256410256410034e-03 1.842948717948717993e-02
0.000000000000000000e+00 3.860398860398860377e-01 2.098023504273504314e-01 8.190883190883190695e-03 1.255341880341880392e-02
0.000000000000000000e+00 4.139957264957264682e-01 2.305021367521367659e-01 9.259259259259258745e-03 1.228632478632478604e-02
0.000000000000000000e+00 4.293981481481481399e-01 2.637553418803418870e-01 9.081196581196581893e-03 1.415598290598290600e-02
0.000000000000000000e+00 4.529914529914529919e-01 3.130341880341880323e-01 8.547008547008547868e-03 1.228632478632478604e-02
0.000000000000000000e+00 5.036502849002848503e-01 3.607104700854700807e-01 9.793447293447292770e-03 1.308760683760683795e-02
0.000000000000000000e+00 5.197649572649573058e-01 3.572382478632478708e-01 7.122507122507122646e-03 1.362179487179487197e-02
0.000000000000000000e+00 5.275997150997151497e-01 3.541666666666666852e-01 8.190883190883190695e-03 1.602564102564102422e-02
0.000000000000000000e+00 5.107727920227920215e-01 3.958333333333333148e-01 9.437321937321937332e-03 1.388888888888888812e-02
0.000000000000000000e+00 5.181623931623932089e-01 3.922275641025640969e-01 9.259259259259258745e-03 1.522435897435897405e-02
0.000000000000000000e+00 5.266203703703703498e-01 3.899572649572649596e-01 7.300569800569800365e-03 1.602564102564102422e-02
0.000000000000000000e+00 5.666844729344728826e-01 5.221688034188034511e-01 1.335470085470085409e-02 2.350427350427350404e-02
0.000000000000000000e+00 8.028846153846154188e-01 9.604700854700854995e-01 1.495726495726495790e-02 2.670940170940170819e-02
0.000000000000000000e+00 9.758725071225071712e-01 9.598023504273504036e-01 9.081196581196581893e-03 1.949786324786324798e-02
0.000000000000000000e+00 9.798789173789174134e-01 9.356303418803418870e-01 9.971509971509971357e-03 2.297008547008547175e-02
0.000000000000000000e+00 9.746260683760683552e-01 9.129273504273504036e-01 1.442307692307692388e-02 1.549145299145299193e-02
0.000000000000000000e+00 9.965277777777777901e-01 8.059561965811965489e-01 6.944444444444444059e-03 1.682692307692307612e-02
0.000000000000000000e+00 4.375890313390313202e-01 5.982905982905983161e-02 5.163817663817663398e-03 1.335470085470085409e-02
0.000000000000000000e+00 4.563746438746438816e-01 3.832799145299145560e-02 1.068376068376068397e-02 7.745726495726495964e-03
0.000000000000000000e+00 4.748041310541310511e-01 4.981303418803419147e-02 1.050569800569800538e-02 6.677350427350427046e-03
0.000000000000000000e+00 4.772970085470085722e-01 5.448717948717948789e-02 5.876068376068376009e-03 4.807692307692307959e-03
0.000000000000000000e+00 5.043625356125356340e-01 6.543803418803419147e-02 8.725071225071224720e-03 9.615384615384615918e-03
0.000000000000000000e+00 4.982193732193732072e-01 1.022970085470085444e-01 6.054131054131053728e-03 1.175213675213675202e-02
0.000000000000000000e+00 5.005341880341880323e-01 1.136485042735042722e-01 6.410256410256410034e-03 1.041666666666666609e-02
0.000000000000000000e+00 5.024928774928775210e-01 1.262019230769230727e-01 6.054131054131053728e-03 1.041666666666666609e-02
0.000000000000000000e+00 5.084579772079772519e-01 1.554487179487179516e-01 6.232193732193732315e-03 1.121794871794871799e-02
0.000000000000000000e+00 7.789351851851852304e-01 7.545405982905982467e-02 1.513532763532763475e-02 1.522435897435897405e-02
0.000000000000000000e+00 9.926103988603988126e-01 8.587072649572649596e-02 7.656695156695156670e-03 1.148504273504273587e-02
0.000000000000000000e+00 5.166488603988603767e-01 1.969818376068376009e-01 5.876068376068376009e-03 1.095085470085470011e-02
0.000000000000000000e+00 5.207443019943019946e-01 2.319711538461538547e-01 7.300569800569800365e-03 1.255341880341880392e-02
0.000000000000000000e+00 5.236823361823361722e-01 2.457264957264957139e-01 6.410256410256410034e-03 1.228632478632478604e-02
0.000000000000000000e+00 5.287571225071224790e-01 2.747061965811966044e-01 5.519943019943019703e-03 1.041666666666666609e-02
0.000000000000000000e+00 5.358796296296296502e-01 3.102297008547008628e-01 5.876068376068376009e-03 1.095085470085470011e-02
0.000000000000000000e+00 5.509259259259259300e-01 3.058226495726495964e-01 7.122507122507122646e-03 1.442307692307692388e-02
0.000000000000000000e+00 5.545762108262107803e-01 3.233173076923077094e-01 8.012820512820512109e-03 1.522435897435897405e-02
0.000000000000000000e+00 5.570690883190883014e-01 3.382745726495726690e-01 7.300569800569800365e-03 1.308760683760683795e-02
0.000000000000000000e+00 5.415776353276353650e-01 3.405448717948718063e-01 6.588319088319088621e-03 1.282051282051282007e-02
0.000000000000000000e+00 7.429665242165242045e-01 3.242521367521367659e-01 1.086182336182336255e-02 1.228632478632478604e-02
0.000000000000000000e+00 7.509793447293446889e-01 3.067574786324786529e-01 5.876068376068376009e-03 1.148504273504273587e-02
0.000000000000000000e+00 7.639779202279202153e-01 3.083600427350427498e-01 7.300569800569800365e-03 8.814102564102564014e-03
0.000000000000000000e+00 7.859686609686609149e-01 2.893963675213675479e-01 7.478632478632478951e-03 1.201923076923076990e-02
0.000000000000000000e+00 8.034188034188034511e-01 2.799145299145299193e-01 8.190883190883190695e-03 1.442307692307692388e-02
0.000000000000000000e+00 8.257656695156695426e-01 2.670940170940170888e-01 9.081196581196581893e-03 1.442307692307692388e-02
0.000000000000000000e+00 8.476673789173788665e-01 2.877938034188033956e-01 1.513532763532763475e-02 1.095085470085470011e-02
0.000000000000000000e+00 8.638710826210825866e-01 2.772435897435897578e-01 1.299857549857549865e-02 1.228632478632478604e-02
0.000000000000000000e+00 9.059829059829059839e-01 2.405181623931623991e-01 8.190883190883190695e-03 1.148504273504273587e-02
0.000000000000000000e+00 8.685007122507122368e-01 3.213141025641025883e-01 1.406695156695156670e-02 1.121794871794871799e-02
0.000000000000000000e+00 8.705484330484331013e-01 3.278579059829059839e-01 1.210826210826210746e-02 8.814102564102564014e-03
0.000000000000000000e+00 8.716168091168091658e-01 3.353365384615384359e-01 1.317663817663817724e-02 9.348290598290598039e-03
0.000000000000000000e+00 8.735754985754985436e-01 3.426816239316239354e-01 1.139601139601139658e-02 9.615384615384615918e-03
0.000000000000000000e+00 8.645833333333333703e-01 3.628472222222222099e-01 6.944444444444444059e-03 1.522435897435897405e-02
0.000000000000000000e+00 6.548254985754985436e-01 5.068108974358974672e-01 1.442307692307692388e-02 1.255341880341880392e-02
0.000000000000000000e+00 6.758368945868945543e-01 4.955929487179487336e-01 1.014957264957264994e-02 1.522435897435897405e-02
0.000000000000000000e+00 6.913283475783476018e-01 5.102831196581196771e-01 2.012108262108262130e-02 3.071581196581196424e-02
0.000000000000000000e+00 8.012820512820513219e-01 6.399572649572649041e-01 9.259259259259258745e-03 1.549145299145299193e-02
0.000000000000000000e+00 8.148148148148147696e-01 6.139155982905982745e-01 1.673789173789173856e-02 1.469017094017094002e-02
0.000000000000000000e+00 8.312856125356125059e-01 6.119123931623932089e-01 1.157407407407407343e-02 1.014957264957264994e-02
0.000000000000000000e+00 8.582621082621082476e-01 5.717147435897436125e-01 1.139601139601139658e-02 1.362179487179487197e-02
0.000000000000000000e+00 7.861467236467236663e-01 4.456463675213675479e-01 4.629629629629629373e-03 1.201923076923076990e-02
0.000000000000000000e+00 8.034188034188034511e-01 4.586004273504273310e-01 9.971509971509971357e-03 1.655982905982905998e-02
0.000000000000000000e+00 8.050213675213675479e-01 4.778311965811966044e-01 7.478632478632478951e-03 1.175213675213675202e-02
0.000000000000000000e+00 8.173076923076922906e-01 4.878472222222222099e-01 9.971509971509971357e-03 1.682692307692307612e-02
0.000000000000000000e+00 8.200676638176638278e-01 5.072115384615384359e-01 6.588319088319088621e-03 1.068376068376068397e-02
