0.000000000000000000e+00 3.668091168091167781e-02 1.430288461538461453e-01 1.068376068376068397e-02 8.814102564102564014e-03
0.000000000000000000e+00 7.692307692307692735e-02 1.272702991452991372e-01 1.246438746438746463e-02 1.095085470085470011e-02
0.000000000000000000e+00 9.401709401709401615e-02 9.321581196581196771e-02 1.068376068376068397e-02 9.081196581196581893e-03
0.000000000000000000e+00 2.508903133903133686e-01 1.386217948717948789e-01 5.341880341880341984e-03 7.478632478632478951e-03
0.000000000000000000e+00 8.780270655270655533e-01 8.226495726495726413e-02 7.478632478632478951e-03 1.388888888888888812e-02
0.000000000000000000e+00 9.074074074074074403e-01 9.748931623931623991e-02 6.766381766381766340e-03 1.228632478632478604e-02
0.000000000000000000e+00 9.021545584045583821e-01 1.205929487179487197e-01 1.193019943019943060e-02 9.348290598290598039e-03
0.000000000000000000e+00 9.147079772079772519e-01 1.200587606837606874e-01 1.175213675213675202e-02 9.348290598290598039e-03
0.000000000000000000e+00 8.916488603988603767e-01 1.486378205128205121e-01 5.519943019943019703e-03 1.041666666666666609e-02
0.000000000000000000e+00 9.040242165242164951e-01 1.478365384615384637e-01 5.341880341880341984e-03 9.348290598290598039e-03
0.000000000000000000e+00 9.173789173789174134e-01 1.330128205128205121e-01 9.971509971509971357e-03 9.081196581196581893e-03
0.000000000000000000e+00 9.226317663817663606e-01 1.469017094017094072e-01 7.656695156695156670e-03 1.121794871794871799e-02
0.000000000000000000e+00 9.295762108262107803e-01 1.467681623931623991e-01 6.588319088319088621e-03 1.041666666666666609e-02
0.000000000000000000e+00 9.423076923076922906e-01 1.367521367521367659e-01 1.282051282051282007e-02 9.081196581196581893e-03
0.000000000000000000e+00 9.319800569800569257e-01 1.089743589743589758e-01 7.122507122507122646e-03 1.282051282051282007e-02
0.000000000000000000e+00 9.385683760683760646e-01 1.093750000000000000e-01 5.698005698005698290e-03 1.308760683760683795e-02
0.000000000000000000e+00 2.499109686609686520e-01 3.214476495726495964e-01 5.519943019943019703e-03 5.074786324786324972e-03
0.000000000000000000e+00 2.628205128205128305e-01 3.193108974358974117e-01 6.410256410256410034e-03 6.143162393162393022e-03
0.000000000000000000e+00 2.767094017094017255e-01 3.173076923076922906e-01 6.410256410256410034e-03 6.410256410256410034e-03
0.000000000000000000e+00 3.441951566951567121e-01 3.039529914529914278e-01 4.985754985754985678e-03 5.341880341880341984e-03
0.000000000000000000e+00 3.759793447293447444e-01 2.959401709401709435e-01 4.451566951566951653e-03 3.205128205128205017e-03
0.000000000000000000e+00 3.927172364672364413e-01 2.960737179487179516e-01 5.163817663817663398e-03 6.677350427350427046e-03
0.000000000000000000e+00 4.186253561253561184e-01 2.936698717948718063e-01 7.122507122507122646e-03 9.882478632478632063e-03
0.000000000000000000e+00 4.034900284900284628e-01 2.568108974358974117e-01 1.246438746438746463e-02 9.348290598290598039e-03
0.000000000000000000e+00 4.190705128205128305e-01 2.546741452991452825e-01 7.656695156695156670e-03 8.279914529914529989e-03
0.000000000000000000e+00 4.359864672364672233e-01 2.514690170940170888e-01 6.944444444444444059e-03 8.814102564102564014e-03
0.000000000000000000e+00 5.328525641025640969e-01 2.232905982905983022e-01 1.086182336182336255e-02 9.081196581196581893e-03
0.000000000000000000e+00 5.552884615384615641e-01 2.216880341880341776e-01 1.264245014245014322e-02 1.014957264957264994e-02
0.000000000000000000e+00 8.831908831908831525e-02 4.333600427350427498e-01 1.638176638176638139e-02 1.255341880341880392e-02
0.000000000000000000e+00 1.267806267806267928e-01 4.468482905982906206e-01 7.478632478632478951e-03 1.442307692307692388e-02
0.000000000000000000e+00 1.095975783475783422e-01 8.725961538461538547e-01 1.299857549857549865e-02 1.228632478632478604e-02
0.000000000000000000e+00 1.319444444444444475e-01 9.053151709401708880e-01 6.766381766381766340e-03 6.677350427350427046e-03
0.000000000000000000e+00 1.303418803418803507e-01 8.711271367521367104e-01 1.745014245014244944e-02 1.148504273504273587e-02
0.000000000000000000e+00 1.568732193732193803e-01 8.704594017094017255e-01 1.709401709401709574e-02 1.282051282051282007e-02
0.000000000000000000e+00 1.534900284900284906e-01 9.042467948717948234e-01 7.834757834757835257e-03 6.677350427350427046e-03
0.000000000000000000e+00 1.945334757834757955e-01 9.047809829059828557e-01 6.588319088319088621e-03 5.074786324786324972e-03
0.000000000000000000e+00 2.055733618233618332e-01 9.031784188034187588e-01 9.081196581196581893e-03 6.677350427350427046e-03
0.000000000000000000e+00 2.686965811965811857e-01 9.014423076923077094e-01 7.478632478632478951e-03 9.081196581196581893e-03
0.000000000000000000e+00 3.097400284900284628e-01 8.684561965811965489e-01 1.620370370370370280e-02 1.255341880341880392e-02
0.000000000000000000e+00 3.279024216524216717e-01 8.673878205128204844e-01 1.442307692307692388e-02 1.201923076923076990e-02
0.000000000000000000e+00 3.709045584045583821e-01 9.025106837606837740e-01 4.273504273504273934e-03 3.739316239316239476e-03
0.000000000000000000e+00 3.793625356125356340e-01 9.019764957264957417e-01 5.876068376068376009e-03 4.807692307692307959e-03
0.000000000000000000e+00 1.953347578347578439e-01 4.676816239316239354e-01 1.460113960113960073e-02 1.121794871794871799e-02
0.000000000000000000e+00 1.939102564102564152e-01 4.760950854700854440e-01 1.424501424501424529e-02 9.348290598290598039e-03
0.000000000000000000e+00 1.944444444444444475e-01 4.843750000000000000e-01 1.210826210826210746e-02 1.095085470085470011e-02
0.000000000000000000e+00 2.280092592592592726e-01 4.889155982905982745e-01 6.588319088319088621e-03 1.522435897435897405e-02
0.000000000000000000e+00 2.435007122507122646e-01 4.875801282051281937e-01 6.588319088319088621e-03 1.789529914529914417e-02
0.000000000000000000e+00 2.660256410256410242e-01 4.846420940170940161e-01 6.410256410256410034e-03 1.522435897435897405e-02
0.000000000000000000e+00 2.818732193732193525e-01 4.831730769230769273e-01 5.341880341880341984e-03 1.709401709401709574e-02
0.000000000000000000e+00 2.897079772079771964e-01 4.833066239316239354e-01 6.766381766381766340e-03 1.736111111111111188e-02
0.000000000000000000e+00 2.973646723646723444e-01 4.830395299145299193e-01 6.054131054131053728e-03 1.469017094017094002e-02
0.000000000000000000e+00 3.126780626780626959e-01 4.823717948717948789e-01 5.698005698005698290e-03 1.228632478632478604e-02
0.000000000000000000e+00 3.208689458689458762e-01 4.809027777777777901e-01 6.410256410256410034e-03 1.255341880341880392e-02
0.000000000000000000e+00 3.290598290598290565e-01 4.794337606837607013e-01 6.766381766381766340e-03 1.228632478632478604e-02
0.000000000000000000e+00 3.506054131054130996e-01 4.794337606837607013e-01 6.054131054131053728e-03 1.442307692307692388e-02
0.000000000000000000e+00 3.586182336182336394e-01 4.788995726495726690e-01 6.766381766381766340e-03 1.816239316239316379e-02
0.000000000000000000e+00 3.739316239316239354e-01 4.778311965811966044e-01 6.410256410256410034e-03 1.602564102564102422e-02
0.000000000000000000e+00 4.170227920227920215e-01 4.529914529914529919e-01 1.531339031339031334e-02 1.014957264957264994e-02
0.000000000000000000e+00 4.695512820512820484e-01 5.109508547008546619e-01 1.317663817663817724e-02 1.335470085470085409e-02
0.000000000000000000e+00 4.703525641025640969e-01 5.204326923076922906e-01 9.437321937321937332e-03 1.201923076923076990e-02
0.000000000000000000e+00 4.868233618233618332e-01 5.637019230769231282e-01 1.460113960113960073e-02 1.469017094017094002e-02
0.000000000000000000e+00 4.605591168091168197e-01 5.856036324786324521e-01 9.793447293447292770e-03 1.896367521367521222e-02
0.000000000000000000e+00 4.730235042735042583e-01 6.181891025641025328e-01 1.086182336182336255e-02 2.003205128205128374e-02
0.000000000000000000e+00 4.773860398860398924e-01 6.275373931623932089e-01 7.122507122507122646e-03 1.041666666666666609e-02
0.000000000000000000e+00 5.134437321937321830e-01 6.323450854700854995e-01 1.442307692307692388e-02 1.575854700854700807e-02
0.000000000000000000e+00 4.899394586894587067e-01 3.006143162393162260e-01 5.876068376068376009e-03 1.201923076923076990e-02
0.000000000000000000e+00 4.947471509971509973e-01 3.134348290598290565e-01 7.300569800569800365e-03 1.308760683760683795e-02
0.000000000000000000e+00 5.001780626780626404e-01 3.281250000000000000e-01 6.766381766381766340e-03 1.415598290598290600e-02
0.000000000000000000e+00 5.369480056980057148e-01 4.532585470085470081e-01 1.086182336182336255e-02 1.335470085470085409e-02
0.000000000000000000e+00 5.389957264957264682e-01 4.606036324786324521e-01 1.460113960113960073e-02 1.469017094017094002e-02
0.000000000000000000e+00 5.406873219373219408e-01 4.684829059829059839e-01 1.193019943019943060e-02 1.228632478632478604e-02
0.000000000000000000e+00 5.454059829059828557e-01 4.763621794871794601e-01 1.317663817663817724e-02 1.362179487179487197e-02
0.000000000000000000e+00 5.567129629629629095e-01 5.052083333333333703e-01 1.477920227920227932e-02 1.255341880341880392e-02
0.000000000000000000e+00 5.641915954415954726e-01 5.224358974358974672e-01 1.228632478632478604e-02 1.068376068376068397e-02
0.000000000000000000e+00 5.670405982905982745e-01 5.304487179487179516e-01 1.228632478632478604e-02 1.175213675213675202e-02
0.000000000000000000e+00 5.700676638176638278e-01 5.375267094017094349e-01 1.228632478632478604e-02 1.201923076923076990e-02
0.000000000000000000e+00 5.773682336182336394e-01 5.518162393162393542e-01 1.228632478632478604e-02 1.068376068376068397e-02
0.000000000000000000e+00 6.246438746438746081e-01 6.573183760683760646e-01 6.410256410256410034e-03 1.709401709401709574e-02
0.000000000000000000e+00 6.319444444444444198e-01 6.809561965811965489e-01 1.032763532763532680e-02 1.148504273504273587e-02
0.000000000000000000e+00 6.519764957264957417e-01 6.358173076923077094e-01 1.228632478632478604e-02 2.163461538461538408e-02
0.000000000000000000e+00 6.604344729344728826e-01 6.586538461538461453e-01 1.175213675213675202e-02 2.083333333333333218e-02
0.000000000000000000e+00 6.685363247863247427e-01 6.770833333333333703e-01 1.157407407407407343e-02 2.029914529914529989e-02
0.000000000000000000e+00 6.858974358974359031e-01 7.183493589743589203e-01 1.103988603988603941e-02 1.949786324786324798e-02
0.000000000000000000e+00 6.946225071225071712e-01 7.418536324786324521e-01 1.210826210826210746e-02 2.216880341880341984e-02
0.000000000000000000e+00 7.070868945868945543e-01 7.792467948717948234e-01 9.971509971509971357e-03 1.789529914529914417e-02
0.000000000000000000e+00 7.149216524216523982e-01 8.034188034188034511e-01 1.103988603988603941e-02 2.350427350427350404e-02
0.000000000000000000e+00 7.337072649572649041e-01 8.786057692307692735e-01 1.014957264957264994e-02 1.896367521367521222e-02
0.000000000000000000e+00 7.416310541310541238e-01 9.075854700854700807e-01 1.032763532763532680e-02 2.029914529914529989e-02
0.000000000000000000e+00 7.557870370370370905e-01 9.608707264957264682e-01 1.193019943019943060e-02 2.430555555555555594e-02
0.000000000000000000e+00 6.106659544159543929e-01 2.596153846153846367e-01 1.014957264957264994e-02 1.175213675213675202e-02
0.000000000000000000e+00 7.390491452991453381e-01 3.867521367521367659e-01 6.944444444444444059e-03 1.495726495726495790e-02
0.000000000000000000e+00 7.682514245014244736e-01 3.831463675213675479e-01 7.656695156695156670e-03 1.362179487179487197e-02
0.000000000000000000e+00 7.712784900284900269e-01 4.178685897435897578e-01 7.300569800569800365e-03 1.469017094017094002e-02
0.000000000000000000e+00 7.790242165242164951e-01 4.162660256410256610e-01 7.122507122507122646e-03 1.629273504273504383e-02
0.000000000000000000e+00 7.867699430199430743e-01 4.178685897435897578e-01 6.944444444444444059e-03 1.469017094017094002e-02
0.000000000000000000e+00 7.950498575498575748e-01 4.155982905982906206e-01 7.122507122507122646e-03 1.602564102564102422e-02
0.000000000000000000e+00 7.500000000000000000e-01 4.349626068376068466e-01 7.478632478632478951e-03 1.415598290598290600e-02
0.000000000000000000e+00 7.649572649572649041e-01 4.342948717948718063e-01 7.478632478632478951e-03 1.549145299145299193e-02
0.000000000000000000e+00 7.734152421652421561e-01 4.341613247863247982e-01 6.588319088319088621e-03 1.308760683760683795e-02
0.000000000000000000e+00 7.814280626780626404e-01 4.321581196581196771e-01 7.656695156695156670e-03 1.495726495726495790e-02
0.000000000000000000e+00 7.894408831908832358e-01 4.326923076923077094e-01 6.944444444444444059e-03 1.388888888888888812e-02
0.000000000000000000e+00 7.978988603988603767e-01 4.321581196581196771e-01 7.478632478632478951e-03 1.388888888888888812e-02
0.000000000000000000e+00 7.559650997150997309e-01 4.715544871794871695e-01 6.588319088319088621e-03 1.682692307692307612e-02
0.000000000000000000e+00 7.716346153846154188e-01 4.706196581196581130e-01 7.300569800569800365e-03 1.495726495726495790e-02
0.000000000000000000e+00 7.875712250712251228e-01 4.686164529914529919e-01 7.122507122507122646e-03 1.469017094017094002e-02
0.000000000000000000e+00 7.955840455840456071e-01 4.686164529914529919e-01 7.834757834757835257e-03 1.469017094017094002e-02
0.000000000000000000e+00 8.030626780626780592e-01 4.695512820512820484e-01 6.410256410256410034e-03 1.549145299145299193e-02
0.000000000000000000e+00 7.897970085470085166e-01 4.858440170940170888e-01 8.012820512820512109e-03 1.762820512820512803e-02
0.000000000000000000e+00 7.711004273504273865e-01 5.260416666666666297e-01 6.944444444444444059e-03 1.575854700854700807e-02
0.000000000000000000e+00 7.738603988603988126e-01 5.435363247863247427e-01 7.834757834757835257e-03 1.655982905982905998e-02
0.000000000000000000e+00 7.884615384615384359e-01 5.265758547008546619e-01 8.190883190883190695e-03 1.575854700854700807e-02
0.000000000000000000e+00 7.913995726495726135e-01 5.428685897435897578e-01 8.012820512820512109e-03 1.629273504273504383e-02
0.000000000000000000e+00 7.968304843304843121e-01 5.243055555555555802e-01 7.834757834757835257e-03 1.549145299145299193e-02
0.000000000000000000e+00 7.738603988603988126e-01 5.870726495726495964e-01 7.834757834757835257e-03 1.068376068376068397e-02
0.000000000000000000e+00 7.835648148148147696e-01 5.870726495726495964e-01 7.656695156695156670e-03 9.615384615384615918e-03
0.000000000000000000e+00 8.169515669515668987e-01 6.993856837606837740e-01 1.424501424501424529e-02 1.201923076923076990e-02
0.000000000000000000e+00 8.490918803418803229e-01 2.736378205128205399e-01 4.451566951566951653e-03 1.362179487179487197e-02
0.000000000000000000e+00 8.571937321937321830e-01 3.060897435897436125e-01 4.629629629629629373e-03 1.282051282051282007e-02
0.000000000000000000e+00 8.602207977207977363e-01 3.201121794871794601e-01 5.341880341880341984e-03 1.148504273504273587e-02
0.000000000000000000e+00 8.799857549857549310e-01 3.811431623931623713e-01 4.629629629629629373e-03 1.282051282051282007e-02
0.000000000000000000e+00 8.840811965811965489e-01 3.993055555555555802e-01 4.629629629629629373e-03 1.655982905982905998e-02
0.000000000000000000e+00 9.269943019943019946e-01 3.836805555555555802e-01 6.410256410256410034e-03 1.415598290598290600e-02
0.000000000000000000e+00 9.432870370370370905e-01 3.778044871794871695e-01 8.725071225071224720e-03 1.308760683760683795e-02
0.000000000000000000e+00 9.504095441595441507e-01 3.762019230769230727e-01 8.725071225071224720e-03 1.362179487179487197e-02
0.000000000000000000e+00 9.584223646723646350e-01 3.767361111111111049e-01 9.793447293447292770e-03 1.575854700854700807e-02
0.000000000000000000e+00 9.731125356125356340e-01 3.744658119658119677e-01 9.971509971509971357e-03 1.549145299145299193e-02
0.000000000000000000e+00 9.883368945868945543e-01 3.727297008547008628e-01 7.656695156695156670e-03 1.362179487179487197e-02
0.000000000000000000e+00 9.954594017094017255e-01 3.704594017094017255e-01 9.081196581196581893e-03 1.602564102564102422e-02
0.000000000000000000e+00 9.450676638176638278e-01 4.133279914529914278e-01 9.081196581196581893e-03 1.522435897435897405e-02
0.000000000000000000e+00 9.495192307692307265e-01 4.293536324786324521e-01 9.793447293447292770e-03 1.522435897435897405e-02
0.000000000000000000e+00 9.583333333333333703e-01 4.284188034188033956e-01 8.190883190883190695e-03 1.388888888888888812e-02
0.000000000000000000e+00 9.675925925925925597e-01 4.091880341880341776e-01 9.259259259259258745e-03 1.495726495726495790e-02
0.000000000000000000e+00 9.975071225071224790e-01 4.061164529914529919e-01 4.629629629629629373e-03 1.415598290598290600e-02
0.000000000000000000e+00 9.817485754985755264e-01 4.764957264957264682e-01 8.725071225071224720e-03 1.495726495726495790e-02
0.000000000000000000e+00 9.577101139601139623e-01 7.716346153846154188e-01 9.081196581196581893e-03 1.869658119658119608e-02
0.000000000000000000e+00 9.459579772079772519e-01 8.737980769230768718e-01 9.793447293447292770e-03 1.949786324786324798e-02
0.000000000000000000e+00 9.596688034188034511e-01 9.306891025641025328e-01 8.725071225071224720e-03 2.003205128205128374e-02
0.000000000000000000e+00 9.873575498575498655e-01 9.332264957264957417e-01 1.103988603988603941e-02 2.136752136752136794e-02
