0.000000000000000000e+00 9.553062678062677893e-02 1.103098290598290565e-01 5.519943019943019703e-03 7.478632478632478951e-03
0.000000000000000000e+00 2.265847578347578439e-01 8.774038461538460898e-02 1.121794871794871799e-02 6.143162393162393022e-03
0.000000000000000000e+00 2.338853276353276278e-01 9.321581196581196771e-02 9.793447293447292770e-03 9.081196581196581893e-03
0.000000000000000000e+00 2.500890313390313202e-01 8.506944444444444753e-02 1.335470085470085409e-02 8.814102564102564014e-03
0.000000000000000000e+00 2.551638176638176825e-01 9.548611111111110494e-02 8.547008547008547868e-03 8.814102564102564014e-03
0.000000000000000000e+00 2.509793447293447444e-01 1.109775641025640969e-01 1.264245014245014322e-02 9.348290598290598039e-03
0.000000000000000000e+00 2.517806267806267928e-01 1.212606837606837601e-01 1.317663817663817724e-02 1.335470085470085409e-02
0.000000000000000000e+00 2.523148148148148251e-01 1.335470085470085444e-01 1.282051282051282007e-02 8.012820512820512109e-03
0.000000000000000000e+00 2.532941595441595695e-01 1.383547008547008628e-01 1.014957264957264994e-02 8.012820512820512109e-03
0.000000000000000000e+00 3.479344729344729381e-01 6.837606837606838295e-02 7.478632478632478951e-03 7.478632478632478951e-03
0.000000000000000000e+00 4.207621082621082476e-01 5.795940170940171166e-02 1.175213675213675202e-02 8.012820512820512109e-03
0.000000000000000000e+00 3.116096866096866157e-03 2.656250000000000000e-01 5.876068376068376009e-03 1.148504273504273587e-02
0.000000000000000000e+00 9.259259259259258745e-03 2.637553418803418870e-01 5.341880341880341984e-03 1.255341880341880392e-02
0.000000000000000000e+00 1.593660968660968666e-02 2.625534188034188143e-01 6.232193732193732315e-03 1.442307692307692388e-02
0.000000000000000000e+00 2.386039886039886121e-02 2.622863247863247982e-01 5.698005698005698290e-03 1.228632478632478604e-02
0.000000000000000000e+00 1.602564102564102422e-02 2.987446581196581130e-01 7.478632478632478951e-03 9.882478632478632063e-03
0.000000000000000000e+00 2.359330484330484159e-02 2.988782051282051211e-01 5.163817663817663398e-03 1.068376068376068397e-02
0.000000000000000000e+00 4.407051282051282354e-02 2.676282051282051211e-01 1.157407407407407343e-02 1.014957264957264994e-02
0.000000000000000000e+00 6.134259259259259439e-02 2.636217948717948789e-01 8.012820512820512109e-03 9.615384615384615918e-03
0.000000000000000000e+00 8.431267806267805920e-02 2.605502136752136932e-01 1.406695156695156670e-02 9.882478632478632063e-03
0.000000000000000000e+00 1.011396011396011457e-01 2.570779914529914278e-01 9.259259259259258745e-03 1.095085470085470011e-02
0.000000000000000000e+00 1.242877492877492857e-01 2.715010683760683552e-01 4.629629629629629373e-03 8.814102564102564014e-03
0.000000000000000000e+00 1.553596866096866036e-01 2.650908119658119677e-01 1.335470085470085409e-02 8.279914529914529989e-03
0.000000000000000000e+00 1.730769230769230727e-01 2.442574786324786251e-01 8.547008547008547868e-03 1.041666666666666609e-02
0.000000000000000000e+00 2.301460113960114018e-01 2.374465811965811857e-01 5.876068376068376009e-03 1.228632478632478604e-02
0.000000000000000000e+00 2.366452991452991372e-01 2.363782051282051211e-01 6.410256410256410034e-03 1.228632478632478604e-02
0.000000000000000000e+00 2.584579772079771964e-01 2.342414529914529919e-01 5.876068376068376009e-03 1.175213675213675202e-02
0.000000000000000000e+00 2.749287749287749327e-01 2.466613247863247982e-01 1.353276353276353268e-02 9.348290598290598039e-03
0.000000000000000000e+00 3.170405982905982745e-01 2.398504273504273587e-01 6.232193732193732315e-03 8.012820512820512109e-03
0.000000000000000000e+00 4.021545584045583821e-01 2.244925213675213749e-01 1.335470085470085409e-02 1.095085470085470011e-02
0.000000000000000000e+00 7.380698005698005382e-02 3.671207264957264682e-01 1.228632478632478604e-02 9.882478632478632063e-03
0.000000000000000000e+00 4.415954415954415763e-02 3.794070512820512664e-01 1.246438746438746463e-02 8.814102564102564014e-03
0.000000000000000000e+00 4.442663817663817377e-02 3.874198717948718063e-01 1.335470085470085409e-02 9.348290598290598039e-03
0.000000000000000000e+00 4.407051282051282354e-02 3.963675213675213471e-01 1.335470085470085409e-02 1.068376068376068397e-02
0.000000000000000000e+00 4.255698005698005382e-02 4.188034188034188143e-01 1.317663817663817724e-02 1.014957264957264994e-02
0.000000000000000000e+00 7.247150997150997309e-02 4.192040598290598385e-01 1.460113960113960073e-02 1.095085470085470011e-02
0.000000000000000000e+00 8.440170940170940717e-02 4.843750000000000000e-01 1.495726495726495790e-02 1.148504273504273587e-02
0.000000000000000000e+00 1.221509971509971565e-01 4.364316239316239354e-01 1.317663817663817724e-02 1.282051282051282007e-02
0.000000000000000000e+00 1.628383190883190834e-01 4.193376068376068466e-01 5.519943019943019703e-03 7.478632478632478951e-03
0.000000000000000000e+00 1.697827635327635309e-01 4.190705128205128305e-01 6.588319088319088621e-03 6.410256410256410034e-03
0.000000000000000000e+00 1.777065527065526951e-01 4.168002136752136932e-01 7.122507122507122646e-03 8.279914529914529989e-03
0.000000000000000000e+00 1.855413105413105390e-01 4.163995726495726690e-01 6.054131054131053728e-03 4.807692307692307959e-03
0.000000000000000000e+00 1.942663817663817794e-01 4.133279914529914278e-01 6.766381766381766340e-03 7.211538461538461939e-03
0.000000000000000000e+00 1.694266381766381668e-01 3.911591880341880323e-01 6.232193732193732315e-03 1.469017094017094002e-02
0.000000000000000000e+00 1.763710826210826144e-01 3.895566239316239354e-01 6.588319088319088621e-03 1.415598290598290600e-02
0.000000000000000000e+00 1.848290598290598385e-01 3.892895299145299193e-01 7.834757834757835257e-03 1.842948717948717993e-02
0.000000000000000000e+00 2.079772079772079785e-01 4.606036324786324521e-01 6.410256410256410034e-03 1.629273504273504383e-02
0.000000000000000000e+00 2.227564102564102699e-01 4.198717948717948789e-01 6.054131054131053728e-03 1.495726495726495790e-02
0.000000000000000000e+00 2.175925925925925875e-01 3.819444444444444198e-01 7.122507122507122646e-03 1.495726495726495790e-02
0.000000000000000000e+00 2.147435897435897301e-01 2.923344017094017255e-01 5.698005698005698290e-03 1.148504273504273587e-02
0.000000000000000000e+00 2.159900284900284906e-01 3.301282051282051211e-01 6.410256410256410034e-03 9.615384615384615918e-03
0.000000000000000000e+00 3.785612535612535856e-01 5.383279914529914834e-01 8.190883190883190695e-03 2.110042735042735179e-02
0.000000000000000000e+00 5.937500000000000000e-01 4.129273504273504036e-01 1.371082621082621127e-02 1.121794871794871799e-02
0.000000000000000000e+00 6.327457264957264682e-01 4.978632478632478708e-01 1.406695156695156670e-02 1.442307692307692388e-02
0.000000000000000000e+00 1.196581196581196632e-01 7.219551282051281937e-01 6.410256410256410034e-03 1.816239316239316379e-02
0.000000000000000000e+00 1.191239316239316171e-01 7.433226495726495964e-01 6.766381766381766340e-03 1.976495726495726413e-02
0.000000000000000000e+00 1.543803418803418870e-01 8.750000000000000000e-01 8.547008547008547868e-03 1.709401709401709574e-02
0.000000000000000000e+00 1.633725071225071157e-01 8.748664529914529364e-01 8.012820512820512109e-03 2.003205128205128374e-02
0.000000000000000000e+00 1.727207977207977085e-01 8.729967948717948234e-01 7.478632478632478951e-03 2.003205128205128374e-02
0.000000000000000000e+00 1.813568376068376009e-01 8.727297008547008073e-01 7.656695156695156670e-03 2.216880341880341984e-02
0.000000000000000000e+00 1.906160968660968735e-01 8.709935897435897578e-01 8.368945868945869282e-03 2.029914529914529989e-02
0.000000000000000000e+00 1.988960113960114018e-01 8.743322649572649041e-01 6.766381766381766340e-03 1.148504273504273587e-02
0.000000000000000000e+00 2.217770655270655256e-01 8.130341880341880323e-01 7.656695156695156670e-03 2.297008547008547175e-02
0.000000000000000000e+00 1.550925925925925875e-01 6.846955128205127750e-01 7.478632478632478951e-03 1.789529914529914417e-02
0.000000000000000000e+00 1.642628205128205121e-01 6.806891025641025328e-01 7.656695156695156670e-03 2.056623931623931603e-02
0.000000000000000000e+00 1.737891737891738009e-01 6.777510683760683552e-01 8.903133903133903307e-03 2.216880341880341984e-02
0.000000000000000000e+00 1.909722222222222099e-01 6.748130341880341776e-01 8.012820512820512109e-03 2.003205128205128374e-02
0.000000000000000000e+00 1.997863247863247982e-01 6.725427350427350959e-01 7.834757834757835257e-03 1.816239316239316379e-02
0.000000000000000000e+00 2.082443019943019946e-01 6.701388888888888395e-01 8.368945868945869282e-03 1.869658119658119608e-02
0.000000000000000000e+00 2.907763532763532610e-01 6.189903846153845812e-01 1.816239316239316379e-02 1.255341880341880392e-02
0.000000000000000000e+00 2.823183760683760646e-01 6.547809829059828557e-01 6.588319088319088621e-03 8.279914529914529989e-03
0.000000000000000000e+00 2.985220797720797847e-01 6.519764957264957417e-01 8.012820512820512109e-03 1.388888888888888812e-02
0.000000000000000000e+00 3.173076923076922906e-01 6.490384615384615641e-01 8.190883190883190695e-03 1.709401709401709574e-02
0.000000000000000000e+00 2.663817663817663606e-01 9.711538461538461453e-01 7.834757834757835257e-03 2.083333333333333218e-02
0.000000000000000000e+00 2.754629629629629650e-01 9.712873931623932089e-01 9.259259259259258745e-03 2.483974358974358823e-02
0.000000000000000000e+00 2.857905982905982745e-01 9.690170940170940161e-01 7.478632478632478951e-03 2.083333333333333218e-02
0.000000000000000000e+00 3.048433048433048520e-01 9.663461538461538547e-01 8.903133903133903307e-03 2.297008547008547175e-02
0.000000000000000000e+00 3.150819088319088412e-01 9.640758547008546619e-01 7.656695156695156670e-03 2.110042735042735179e-02
0.000000000000000000e+00 3.657407407407407551e-01 9.644764957264957417e-01 7.834757834757835257e-03 2.083333333333333218e-02
0.000000000000000000e+00 3.746438746438746636e-01 9.636752136752136932e-01 7.834757834757835257e-03 1.923076923076923184e-02
0.000000000000000000e+00 3.879985754985754709e-01 9.643429487179486781e-01 9.259259259259258745e-03 2.697649572649572780e-02
0.000000000000000000e+00 3.975249287749287874e-01 9.608707264957264682e-01 7.656695156695156670e-03 1.842948717948717993e-02
0.000000000000000000e+00 4.096331908831908897e-01 9.375000000000000000e-01 7.300569800569800365e-03 1.869658119658119608e-02
0.000000000000000000e+00 4.084757834757834494e-01 8.997061965811965489e-01 7.834757834757835257e-03 1.842948717948717993e-02
0.000000000000000000e+00 4.263710826210826421e-01 8.585737179487179516e-01 8.012820512820512109e-03 2.270299145299145213e-02
0.000000000000000000e+00 4.042022792022791911e-01 8.185096153846154188e-01 7.478632478632478951e-03 2.003205128205128374e-02
0.000000000000000000e+00 4.051816239316239354e-01 8.405448717948718063e-01 6.944444444444444059e-03 1.549145299145299193e-02
0.000000000000000000e+00 4.141737891737891641e-01 5.989583333333333703e-01 1.531339031339031334e-02 1.041666666666666609e-02
0.000000000000000000e+00 4.305555555555555802e-01 5.958867521367521292e-01 1.388888888888888812e-02 9.615384615384615918e-03
0.000000000000000000e+00 4.722222222222222099e-01 5.909455128205127750e-01 1.638176638176638139e-02 1.362179487179487197e-02
0.000000000000000000e+00 4.920762108262108359e-01 5.881410256410256610e-01 1.655982905982905998e-02 1.228632478632478604e-02
0.000000000000000000e+00 5.441595441595441507e-01 5.813301282051281937e-01 2.101139601139601076e-02 1.575854700854700807e-02
0.000000000000000000e+00 6.062143874643874941e-01 7.640224358974359031e-01 9.081196581196581893e-03 1.949786324786324798e-02
0.000000000000000000e+00 6.324786324786324521e-01 7.665598290598291120e-01 8.903133903133903307e-03 1.816239316239316379e-02
0.000000000000000000e+00 6.375534188034187588e-01 8.181089743589743390e-01 7.300569800569800365e-03 1.976495726495726413e-02
0.000000000000000000e+00 6.124465811965812412e-01 9.253472222222222099e-01 8.012820512820512109e-03 2.216880341880341984e-02
0.000000000000000000e+00 4.618055555555555802e-01 1.829594017094017186e-02 7.300569800569800365e-03 9.348290598290598039e-03
0.000000000000000000e+00 4.708867521367521292e-01 3.418803418803419147e-02 7.656695156695156670e-03 1.121794871794871799e-02
0.000000000000000000e+00 5.060541310541311066e-01 5.435363247863247982e-02 8.547008547008547868e-03 1.095085470085470011e-02
0.000000000000000000e+00 5.197649572649573058e-01 5.141559829059828834e-02 6.410256410256410034e-03 1.041666666666666609e-02
0.000000000000000000e+00 5.266203703703703498e-01 4.941239316239316032e-02 6.944444444444444059e-03 1.228632478632478604e-02
0.000000000000000000e+00 5.121082621082621023e-01 7.999465811965811302e-02 7.834757834757835257e-03 1.095085470085470011e-02
0.000000000000000000e+00 5.180733618233618332e-01 7.719017094017094349e-02 8.012820512820512109e-03 1.228632478632478604e-02
0.000000000000000000e+00 5.255519943019942852e-01 7.532051282051281660e-02 6.232193732193732315e-03 1.228632478632478604e-02
0.000000000000000000e+00 5.388176638176638278e-01 3.912927350427350404e-02 5.698005698005698290e-03 9.882478632478632063e-03
0.000000000000000000e+00 5.516381766381766028e-01 3.725961538461538408e-02 6.410256410256410034e-03 1.095085470085470011e-02
0.000000000000000000e+00 5.495904558404558493e-01 2.577457264957264821e-02 7.300569800569800365e-03 1.201923076923076990e-02
0.000000000000000000e+00 5.471866096866097040e-01 1.295405982905982988e-02 7.122507122507122646e-03 1.148504273504273587e-02
0.000000000000000000e+00 5.339209401709401615e-01 1.642628205128205190e-02 5.163817663817663398e-03 9.348290598290598039e-03
0.000000000000000000e+00 5.597400284900284628e-01 1.721420940170940161e-01 1.050569800569800538e-02 1.896367521367521222e-02
0.000000000000000000e+00 7.528490028490028019e-01 4.817040598290598385e-01 1.139601139601139658e-02 1.842948717948717993e-02
0.000000000000000000e+00 7.877492877492877632e-01 5.296474358974359031e-01 7.478632478632478951e-03 1.495726495726495790e-02
0.000000000000000000e+00 7.962962962962962798e-01 5.296474358974359031e-01 7.122507122507122646e-03 1.495726495726495790e-02
0.000000000000000000e+00 8.203347578347578439e-01 5.293803418803418870e-01 7.122507122507122646e-03 1.388888888888888812e-02
0.000000000000000000e+00 8.282585470085470636e-01 5.301816239316239354e-01 7.300569800569800365e-03 1.549145299145299193e-02
0.000000000000000000e+00 8.367165242165242045e-01 5.300480769230768718e-01 7.834757834757835257e-03 2.003205128205128374e-02
0.000000000000000000e+00 8.518518518518518601e-01 5.324519230769231282e-01 7.478632478632478951e-03 1.415598290598290600e-02
0.000000000000000000e+00 8.617343304843304574e-01 5.336538461538461453e-01 6.588319088319088621e-03 1.068376068376068397e-02
0.000000000000000000e+00 8.466880341880341776e-01 6.315438034188034511e-01 1.175213675213675202e-02 1.095085470085470011e-02
0.000000000000000000e+00 8.693910256410256610e-01 6.115117521367521292e-01 1.228632478632478604e-02 1.575854700854700807e-02
0.000000000000000000e+00 8.858618233618233972e-01 5.889423076923077094e-01 1.068376068376068397e-02 1.549145299145299193e-02
0.000000000000000000e+00 9.008190883190883014e-01 5.595619658119658224e-01 9.615384615384615918e-03 1.388888888888888812e-02
0.000000000000000000e+00 8.974358974358974672e-01 4.488514957264957417e-01 1.210826210826210746e-02 1.148504273504273587e-02
0.000000000000000000e+00 9.016203703703703498e-01 4.651442307692307820e-01 8.368945868945869282e-03 1.629273504273504383e-02
0.000000000000000000e+00 9.196047008547008073e-01 3.748664529914529919e-01 8.012820512820512109e-03 1.362179487179487197e-02
0.000000000000000000e+00 6.347044159544159569e-01 1.606570512820512941e-01 1.264245014245014322e-02 9.882478632478632063e-03
0.000000000000000000e+00 6.525997150997151497e-01 1.526442307692307820e-01 8.903133903133903307e-03 1.095085470085470011e-02
0.000000000000000000e+00 6.661324786324785974e-01 1.619925213675213749e-01 1.673789173789173856e-02 2.590811965811965975e-02
0.000000000000000000e+00 7.576566951566952035e-01 2.544070512820512664e-01 7.122507122507122646e-03 8.814102564102564014e-03
0.000000000000000000e+00 7.698539886039885705e-01 2.382478632478632341e-01 1.442307692307692388e-02 1.228632478632478604e-02
0.000000000000000000e+00 7.842770655270655533e-01 2.366452991452991372e-01 1.014957264957264994e-02 8.547008547008547868e-03
0.000000000000000000e+00 7.488425925925925597e-01 1.148504273504273449e-01 4.095441595441595348e-03 8.547008547008547868e-03
0.000000000000000000e+00 7.629095441595441507e-01 1.252670940170940161e-01 8.368945868945869282e-03 1.335470085470085409e-02
0.000000000000000000e+00 7.743945868945868449e-01 1.467681623931623991e-01 9.259259259259258745e-03 1.469017094017094002e-02
0.000000000000000000e+00 7.646901709401708880e-01 1.390224358974359031e-01 5.876068376068376009e-03 9.882478632478632063e-03
0.000000000000000000e+00 7.770655270655271174e-01 1.607905982905983022e-01 4.985754985754985678e-03 8.547008547008547868e-03
0.000000000000000000e+00 7.136752136752136932e-01 2.617521367521367590e-02 9.615384615384615918e-03 1.014957264957264994e-02
0.000000000000000000e+00 7.205306267806267373e-01 1.322115384615384602e-02 5.519943019943019703e-03 9.348290598290598039e-03
0.000000000000000000e+00 8.222934472934473327e-01 2.310363247863247982e-02 1.246438746438746463e-02 9.348290598290598039e-03
0.000000000000000000e+00 8.238960113960114295e-01 2.804487179487179585e-02 1.175213675213675202e-02 6.944444444444444059e-03
0.000000000000000000e+00 8.242521367521367104e-01 3.365384615384615224e-02 1.068376068376068397e-02 7.478632478632478951e-03
0.000000000000000000e+00 8.247863247863247427e-01 3.859508547008547175e-02 8.190883190883190695e-03 6.677350427350427046e-03
0.000000000000000000e+00 8.180199430199430743e-01 5.475427350427350404e-02 6.410256410256410034e-03 1.175213675213675202e-02
0.000000000000000000e+00 9.762286324786324521e-01 1.372863247863247982e-01 6.232193732193732315e-03 1.282051282051282007e-02
