0.000000000000000000e+00 4.549501424501424529e-02 6.303418803418803229e-02 6.232193732193732315e-03 1.282051282051282007e-02
0.000000000000000000e+00 4.718660968660968319e-02 7.572115384615384082e-02 6.054131054131053728e-03 1.041666666666666609e-02
0.000000000000000000e+00 4.914529914529914417e-02 8.613782051282051211e-02 6.054131054131053728e-03 1.148504273504273587e-02
0.000000000000000000e+00 4.878917378917378700e-02 9.788995726495726413e-02 3.917378917378917629e-03 9.882478632478632063e-03
0.000000000000000000e+00 1.602564102564102509e-03 1.426282051282051211e-01 2.849002849002849145e-03 1.282051282051282007e-02
0.000000000000000000e+00 2.368233618233618262e-02 1.322115384615384637e-01 1.210826210826210746e-02 8.547008547008547868e-03
0.000000000000000000e+00 2.377136752136752018e-02 1.374198717948718063e-01 1.228632478632478604e-02 9.882478632478632063e-03
0.000000000000000000e+00 2.430555555555555594e-02 1.419604700854700807e-01 1.193019943019943060e-02 9.882478632478632063e-03
0.000000000000000000e+00 2.466168091168091311e-02 1.471688034188034233e-01 1.193019943019943060e-02 9.081196581196581893e-03
0.000000000000000000e+00 2.510683760683760785e-02 1.526442307692307820e-01 1.210826210826210746e-02 1.041666666666666609e-02
0.000000000000000000e+00 4.095441595441595695e-02 1.282051282051281937e-01 5.698005698005698290e-03 1.014957264957264994e-02
0.000000000000000000e+00 5.555555555555555247e-02 1.252670940170940161e-01 6.766381766381766340e-03 1.228632478632478604e-02
0.000000000000000000e+00 5.787037037037037063e-02 1.346153846153846090e-01 5.698005698005698290e-03 1.175213675213675202e-02
0.000000000000000000e+00 5.911680911680911726e-02 1.465010683760683829e-01 6.766381766381766340e-03 1.255341880341880392e-02
0.000000000000000000e+00 6.045227920227920493e-02 1.583867521367521292e-01 4.807692307692307959e-03 1.068376068376068397e-02
0.000000000000000000e+00 4.852207977207977085e-02 1.809561965811965767e-01 6.588319088319088621e-03 1.308760683760683795e-02
0.000000000000000000e+00 5.030270655270654978e-02 1.933760683760683829e-01 6.944444444444444059e-03 1.442307692307692388e-02
0.000000000000000000e+00 6.632834757834757400e-02 1.933760683760683829e-01 7.300569800569800365e-03 1.442307692307692388e-02
0.000000000000000000e+00 5.235042735042735179e-02 2.053952991452991372e-01 6.410256410256410034e-03 1.014957264957264994e-02
0.000000000000000000e+00 6.980056980056979776e-02 2.079326923076923184e-01 7.122507122507122646e-03 1.201923076923076990e-02
0.000000000000000000e+00 7.149216524216524260e-02 2.215544871794871695e-01 8.368945868945869282e-03 1.736111111111111188e-02
0.000000000000000000e+00 7.434116809116808611e-02 2.363782051282051211e-01 7.656695156695156670e-03 1.175213675213675202e-02
0.000000000000000000e+00 5.858262108262108497e-02 2.423878205128205121e-01 6.766381766381766340e-03 1.255341880341880392e-02
0.000000000000000000e+00 6.134259259259259439e-02 2.566773504273504036e-01 6.944444444444444059e-03 1.335470085470085409e-02
0.000000000000000000e+00 6.410256410256409687e-02 2.704326923076922906e-01 7.122507122507122646e-03 1.308760683760683795e-02
0.000000000000000000e+00 8.502492877492877354e-02 2.848557692307692180e-01 7.656695156695156670e-03 1.362179487179487197e-02
0.000000000000000000e+00 8.912037037037036369e-02 2.992788461538461453e-01 7.300569800569800365e-03 1.362179487179487197e-02
0.000000000000000000e+00 7.425213675213675202e-02 3.118322649572649596e-01 7.478632478632478951e-03 1.522435897435897405e-02
0.000000000000000000e+00 7.665598290598291120e-02 3.262553418803418870e-01 7.300569800569800365e-03 1.415598290598290600e-02
0.000000000000000000e+00 8.262108262108261436e-02 3.520299145299145560e-01 9.615384615384615918e-03 2.083333333333333218e-02
0.000000000000000000e+00 9.837962962962963631e-02 3.406784188034188143e-01 7.656695156695156670e-03 1.415598290598290600e-02
0.000000000000000000e+00 1.145833333333333287e-01 3.633814102564102422e-01 9.081196581196581893e-03 1.041666666666666609e-02
0.000000000000000000e+00 9.864672364672365246e-02 3.891559829059829112e-01 8.903133903133903307e-03 1.442307692307692388e-02
0.000000000000000000e+00 1.168091168091168058e-01 4.097222222222222099e-01 9.259259259259258745e-03 1.655982905982905998e-02
0.000000000000000000e+00 1.214387464387464421e-01 4.261485042735042583e-01 7.834757834757835257e-03 1.308760683760683795e-02
0.000000000000000000e+00 1.258012820512820484e-01 4.423076923076922906e-01 9.081196581196581893e-03 1.602564102564102422e-02
0.000000000000000000e+00 1.048789173789173856e-01 4.383012820512820484e-01 9.259259259259258745e-03 1.709401709401709574e-02
0.000000000000000000e+00 1.196581196581196632e-01 4.823717948717948789e-01 9.615384615384615918e-03 1.709401709401709574e-02
0.000000000000000000e+00 1.241096866096866036e-01 5.000000000000000000e-01 9.615384615384615918e-03 1.762820512820512803e-02
0.000000000000000000e+00 1.455662393162393264e-01 5.042735042735042583e-01 9.793447293447292770e-03 1.709401709401709574e-02
0.000000000000000000e+00 1.319444444444444475e-01 5.259081196581196771e-01 6.054131054131053728e-03 9.615384615384615918e-03
0.000000000000000000e+00 1.518874643874643937e-01 5.224358974358974672e-01 9.259259259259258745e-03 1.549145299145299193e-02
0.000000000000000000e+00 1.582977207977208089e-01 5.432692307692307265e-01 1.032763532763532680e-02 1.709401709401709574e-02
0.000000000000000000e+00 1.435185185185185175e-01 5.610309829059828557e-01 9.259259259259258745e-03 1.629273504273504383e-02
0.000000000000000000e+00 1.565170940170940161e-01 5.998931623931623713e-01 1.103988603988603941e-02 2.190170940170940023e-02
0.000000000000000000e+00 1.769052706552706467e-01 5.981570512820513219e-01 9.081196581196581893e-03 1.682692307692307612e-02
0.000000000000000000e+00 1.839387464387464421e-01 6.201923076923077094e-01 8.903133903133903307e-03 1.655982905982905998e-02
0.000000000000000000e+00 1.624821937321937193e-01 6.219284188034187588e-01 8.012820512820512109e-03 1.201923076923076990e-02
0.000000000000000000e+00 2.759971509971509852e-03 5.391292735042735318e-01 4.807692307692307959e-03 1.469017094017094002e-02
0.000000000000000000e+00 1.379985754985755056e-02 5.420673076923077094e-01 1.834045584045583890e-02 1.789529914529914417e-02
0.000000000000000000e+00 2.724358974358974395e-02 5.435363247863247427e-01 8.190883190883190695e-03 1.923076923076923184e-02
0.000000000000000000e+00 6.054131054131053728e-03 6.549145299145299193e-01 1.175213675213675202e-02 1.068376068376068397e-02
0.000000000000000000e+00 3.356481481481481816e-02 6.386217948717948234e-01 7.656695156695156670e-03 1.762820512820512803e-02
0.000000000000000000e+00 7.309472934472933947e-02 6.669337606837606458e-01 1.371082621082621127e-02 1.068376068376068397e-02
0.000000000000000000e+00 9.214743589743590313e-02 6.672008547008546619e-01 1.834045584045583890e-02 1.495726495726495790e-02
0.000000000000000000e+00 1.977386039886039892e-01 7.199519230769231282e-01 1.264245014245014322e-02 1.949786324786324798e-02
0.000000000000000000e+00 2.052172364672364691e-01 7.377136752136752573e-01 1.193019943019943060e-02 1.816239316239316379e-02
0.000000000000000000e+00 2.136752136752136655e-01 7.554754273504273865e-01 1.103988603988603941e-02 1.682692307692307612e-02
0.000000000000000000e+00 2.398504273504273587e-01 7.572115384615384359e-01 1.282051282051282007e-02 2.029914529914529989e-02
0.000000000000000000e+00 2.538283475783476018e-01 7.853899572649573058e-01 1.513532763532763475e-02 2.590811965811965975e-02
0.000000000000000000e+00 1.533119658119658224e-01 8.416132478632478708e-01 1.709401709401709574e-02 1.282051282051282007e-02
0.000000000000000000e+00 2.148326210826210780e-01 1.159188034188034233e-01 5.876068376068376009e-03 1.014957264957264994e-02
0.000000000000000000e+00 2.510683760683760646e-01 1.092414529914529919e-01 6.054131054131053728e-03 7.478632478632478951e-03
0.000000000000000000e+00 2.566773504273504036e-01 1.084401709401709435e-01 4.807692307692307959e-03 6.944444444444444059e-03
0.000000000000000000e+00 2.625534188034188143e-01 1.068376068376068327e-01 5.163817663817663398e-03 6.944444444444444059e-03
0.000000000000000000e+00 2.674501424501424252e-01 1.067040598290598247e-01 4.273504273504273934e-03 5.608974358974358997e-03
0.000000000000000000e+00 2.730591168091168197e-01 1.041666666666666713e-01 5.519943019943019703e-03 7.478632478632478951e-03
0.000000000000000000e+00 2.778668091168091103e-01 1.030982905982905928e-01 5.163817663817663398e-03 7.478632478632478951e-03
0.000000000000000000e+00 1.482371794871794879e-01 3.472222222222222099e-01 1.193019943019943060e-02 1.121794871794871799e-02
0.000000000000000000e+00 2.142984330484330457e-01 3.181089743589743390e-01 1.477920227920227932e-02 1.442307692307692388e-02
0.000000000000000000e+00 2.032585470085470081e-01 3.448183760683760646e-01 1.050569800569800538e-02 1.014957264957264994e-02
0.000000000000000000e+00 2.177706552706552834e-01 3.377403846153846367e-01 1.638176638176638139e-02 1.469017094017094002e-02
0.000000000000000000e+00 2.811609686609686798e-01 3.820779914529914278e-01 8.547008547008547868e-03 1.415598290598290600e-02
0.000000000000000000e+00 2.641559829059829112e-01 3.995726495726495964e-01 1.477920227920227932e-02 1.175213675213675202e-02
0.000000000000000000e+00 3.006588319088319139e-01 3.904914529914529919e-01 1.477920227920227932e-02 1.175213675213675202e-02
0.000000000000000000e+00 3.327101139601139623e-01 3.802083333333333148e-01 1.228632478632478604e-02 1.148504273504273587e-02
0.000000000000000000e+00 2.295227920227920215e-01 6.290064102564102422e-01 1.424501424501424529e-02 1.228632478632478604e-02
0.000000000000000000e+00 2.438568376068376009e-01 6.201923076923077094e-01 1.228632478632478604e-02 1.335470085470085409e-02
0.000000000000000000e+00 2.590811965811966044e-01 6.111111111111111605e-01 1.566951566951567051e-02 1.495726495726495790e-02
0.000000000000000000e+00 3.231837606837607013e-01 5.825320512820513219e-01 1.495726495726495790e-02 1.282051282051282007e-02
0.000000000000000000e+00 3.539886039886039892e-01 5.726495726495726135e-01 1.353276353276353268e-02 1.228632478632478604e-02
0.000000000000000000e+00 4.187143874643874386e-01 7.673611111111111605e-01 6.588319088319088621e-03 2.190170940170940023e-02
0.000000000000000000e+00 4.448005698005698116e-01 7.266292735042735318e-01 1.531339031339031334e-02 1.201923076923076990e-02
0.000000000000000000e+00 4.650997150997150942e-01 7.325053418803418870e-01 1.175213675213675202e-02 8.279914529914529989e-03
0.000000000000000000e+00 4.698183760683760646e-01 7.498664529914529364e-01 1.299857549857549865e-02 1.255341880341880392e-02
0.000000000000000000e+00 4.696403133903133686e-01 7.592147435897436125e-01 1.371082621082621127e-02 9.882478632478632063e-03
0.000000000000000000e+00 4.726673789173789220e-01 7.692307692307692735e-01 1.228632478632478604e-02 1.068376068376068397e-02
0.000000000000000000e+00 3.070690883190883014e-01 2.150106837606837601e-02 6.588319088319088621e-03 1.308760683760683795e-02
0.000000000000000000e+00 2.802706552706552556e-01 3.806089743589743252e-02 9.971509971509971357e-03 9.348290598290598039e-03
0.000000000000000000e+00 2.948717948717948789e-01 5.862713675213675202e-02 6.054131054131053728e-03 8.814102564102564014e-03
0.000000000000000000e+00 3.095619658119658224e-01 3.365384615384615224e-02 5.519943019943019703e-03 1.068376068376068397e-02
0.000000000000000000e+00 3.122329059829059839e-01 4.834401709401709574e-02 5.876068376068376009e-03 1.175213675213675202e-02
0.000000000000000000e+00 3.147257834757834494e-01 5.916132478632478431e-02 5.876068376068376009e-03 9.348290598290598039e-03
0.000000000000000000e+00 2.963853276353276556e-01 6.570512820512820762e-02 6.232193732193732315e-03 6.944444444444444059e-03
0.000000000000000000e+00 2.978098290598290565e-01 7.037927350427350404e-02 6.944444444444444059e-03 7.745726495726495964e-03
0.000000000000000000e+00 2.985220797720797847e-01 7.478632478632478431e-02 6.588319088319088621e-03 4.807692307692307959e-03
0.000000000000000000e+00 3.214921652421652287e-01 9.254807692307692735e-02 6.232193732193732315e-03 1.148504273504273587e-02
0.000000000000000000e+00 3.110754985754985991e-01 1.021634615384615363e-01 6.410256410256410034e-03 1.362179487179487197e-02
0.000000000000000000e+00 3.264779202279202153e-01 1.177884615384615363e-01 6.588319088319088621e-03 1.282051282051282007e-02
0.000000000000000000e+00 3.144586894586894332e-01 1.208600427350427359e-01 6.766381766381766340e-03 1.201923076923076990e-02
0.000000000000000000e+00 3.162393162393162260e-01 1.322115384615384637e-01 6.410256410256410034e-03 1.175213675213675202e-02
0.000000000000000000e+00 3.214921652421652287e-01 1.530448717948718063e-01 6.944444444444444059e-03 1.282051282051282007e-02
0.000000000000000000e+00 3.230947293447293256e-01 1.661324786324786251e-01 6.588319088319088621e-03 1.228632478632478604e-02
0.000000000000000000e+00 3.261217948717948789e-01 1.806891025641025605e-01 6.944444444444444059e-03 1.201923076923076990e-02
0.000000000000000000e+00 3.419693732193732072e-01 1.877670940170940161e-01 8.368945868945869282e-03 1.602564102564102422e-02
0.000000000000000000e+00 3.310185185185185452e-01 1.993856837606837740e-01 6.766381766381766340e-03 1.201923076923076990e-02
0.000000000000000000e+00 3.455306267806267928e-01 2.052617521367521292e-01 7.656695156695156670e-03 1.308760683760683795e-02
0.000000000000000000e+00 3.347578347578347713e-01 2.143429487179487059e-01 6.766381766381766340e-03 1.362179487179487197e-02
0.000000000000000000e+00 3.381410256410256610e-01 2.294337606837606736e-01 7.834757834757835257e-03 1.282051282051282007e-02
0.000000000000000000e+00 3.419693732193732072e-01 2.439903846153846090e-01 7.300569800569800365e-03 1.469017094017094002e-02
0.000000000000000000e+00 3.595975783475783283e-01 2.500000000000000000e-01 7.300569800569800365e-03 1.442307692307692388e-02
0.000000000000000000e+00 3.410790598290598385e-01 2.880608974358974117e-01 6.944444444444444059e-03 1.362179487179487197e-02
0.000000000000000000e+00 3.645833333333333148e-01 2.876602564102563875e-01 9.793447293447292770e-03 9.081196581196581893e-03
0.000000000000000000e+00 3.652955840455840431e-01 2.938034188034188143e-01 1.086182336182336255e-02 1.014957264957264994e-02
0.000000000000000000e+00 3.649394586894587067e-01 2.991452991452991372e-01 6.588319088319088621e-03 5.876068376068376009e-03
0.000000000000000000e+00 3.699252136752136932e-01 3.071581196581196771e-01 5.876068376068376009e-03 5.341880341880341984e-03
0.000000000000000000e+00 3.746438746438746636e-01 3.307959401709401615e-01 1.175213675213675202e-02 8.279914529914529989e-03
0.000000000000000000e+00 3.751780626780626959e-01 3.374732905982906206e-01 1.353276353276353268e-02 1.148504273504273587e-02
0.000000000000000000e+00 3.767806267806267928e-01 3.449519230769230727e-01 1.282051282051282007e-02 1.041666666666666609e-02
0.000000000000000000e+00 3.781160968660968735e-01 3.517628205128205399e-01 1.264245014245014322e-02 9.615384615384615918e-03
0.000000000000000000e+00 3.964565527065527228e-01 3.977029914529914278e-01 6.944444444444444059e-03 1.228632478632478604e-02
0.000000000000000000e+00 3.837250712250712126e-01 4.103899572649572502e-01 8.190883190883190695e-03 1.522435897435897405e-02
0.000000000000000000e+00 4.035790598290598385e-01 4.237446581196581130e-01 8.725071225071224720e-03 1.629273504273504383e-02
0.000000000000000000e+00 3.894230769230769273e-01 4.555288461538461453e-01 9.971509971509971357e-03 2.003205128205128374e-02
0.000000000000000000e+00 4.104344729344729381e-01 4.551282051282051211e-01 8.903133903133903307e-03 1.816239316239316379e-02
0.000000000000000000e+00 3.952101139601139623e-01 4.750267094017093794e-01 8.368945868945869282e-03 1.255341880341880392e-02
0.000000000000000000e+00 4.161324786324786529e-01 4.776976495726495964e-01 7.834757834757835257e-03 1.469017094017094002e-02
0.000000000000000000e+00 4.601139601139601076e-01 6.306089743589743390e-01 9.259259259259258745e-03 1.549145299145299193e-02
0.000000000000000000e+00 4.647435897435897578e-01 6.501068376068376287e-01 8.547008547008547868e-03 1.816239316239316379e-02
0.000000000000000000e+00 5.095263532763533165e-01 7.792467948717948234e-01 1.228632478632478604e-02 1.469017094017094002e-02
0.000000000000000000e+00 5.006232193732194080e-01 8.482905982905982745e-01 8.725071225071224720e-03 2.029914529914529989e-02
0.000000000000000000e+00 5.034722222222222099e-01 8.697916666666666297e-01 9.081196581196581893e-03 1.896367521367521222e-02
0.000000000000000000e+00 5.068554131054131551e-01 8.946314102564102422e-01 9.081196581196581893e-03 1.896367521367521222e-02
0.000000000000000000e+00 5.147792022792022637e-01 9.513888888888888395e-01 8.547008547008547868e-03 2.083333333333333218e-02
0.000000000000000000e+00 8.859508547008546619e-01 8.098290598290598385e-01 2.154558404558404652e-02 2.243589743589743599e-02
0.000000000000000000e+00 9.794337606837606458e-01 5.024038461538461453e-01 9.081196581196581893e-03 1.655982905982905998e-02
0.000000000000000000e+00 9.732015669515668987e-01 5.178952991452991927e-01 1.050569800569800538e-02 1.976495726495726413e-02
0.000000000000000000e+00 9.649216524216523982e-01 4.429754273504273310e-01 9.971509971509971357e-03 2.003205128205128374e-02
0.000000000000000000e+00 8.811431623931623713e-01 3.641826923076922906e-01 1.442307692307692388e-02 1.148504273504273587e-02
0.000000000000000000e+00 7.773326210826211335e-01 3.191773504273504036e-01 1.121794871794871799e-02 1.068376068376068397e-02
0.000000000000000000e+00 8.006588319088319139e-01 3.295940170940170888e-01 1.513532763532763475e-02 1.228632478632478604e-02
0.000000000000000000e+00 8.229166666666666297e-01 3.389423076923077094e-01 1.371082621082621127e-02 1.175213675213675202e-02
0.000000000000000000e+00 7.110042735042735318e-01 2.909989316239316448e-01 1.246438746438746463e-02 1.415598290598290600e-02
0.000000000000000000e+00 6.284722222222222099e-01 3.440170940170940161e-01 1.050569800569800538e-02 1.014957264957264994e-02
0.000000000000000000e+00 6.265135327635327211e-01 3.728632478632478708e-01 1.264245014245014322e-02 1.388888888888888812e-02
0.000000000000000000e+00 5.116631054131054457e-01 4.224091880341880323e-01 7.300569800569800365e-03 1.682692307692307612e-02
0.000000000000000000e+00 4.944800569800569812e-01 4.926549145299145560e-01 7.478632478632478951e-03 1.415598290598290600e-02
0.000000000000000000e+00 4.843304843304843121e-01 5.301816239316239354e-01 9.971509971509971357e-03 1.709401709401709574e-02
0.000000000000000000e+00 4.433760683760683552e-01 3.044871794871794810e-02 5.698005698005698290e-03 1.068376068376068397e-02
0.000000000000000000e+00 4.300213675213675479e-01 3.725961538461538408e-02 5.698005698005698290e-03 1.201923076923076990e-02
0.000000000000000000e+00 4.318910256410256610e-01 5.101495726495726413e-02 5.519943019943019703e-03 1.175213675213675202e-02
0.000000000000000000e+00 4.469373219373219408e-01 4.967948717948717646e-02 5.698005698005698290e-03 1.121794871794871799e-02
0.000000000000000000e+00 4.494301994301994063e-01 6.276709401709401615e-02 6.766381766381766340e-03 1.442307692307692388e-02
0.000000000000000000e+00 4.356303418803418870e-01 6.637286324786324798e-02 5.876068376068376009e-03 1.148504273504273587e-02
0.000000000000000000e+00 4.395477207977208089e-01 9.027777777777777624e-02 6.588319088319088621e-03 1.228632478632478604e-02
0.000000000000000000e+00 4.570868945868946098e-01 1.000267094017094072e-01 6.410256410256410034e-03 1.201923076923076990e-02
0.000000000000000000e+00 4.816595441595441507e-01 1.416933760683760646e-01 6.766381766381766340e-03 1.308760683760683795e-02
0.000000000000000000e+00 4.895833333333333148e-01 1.390224358974359031e-01 7.656695156695156670e-03 1.201923076923076990e-02
0.000000000000000000e+00 5.026709401709401615e-01 1.355502136752136655e-01 6.766381766381766340e-03 1.201923076923076990e-02
0.000000000000000000e+00 4.734686609686609704e-01 1.980502136752136655e-01 7.834757834757835257e-03 1.629273504273504383e-02
0.000000000000000000e+00 4.808582621082621023e-01 2.395833333333333426e-01 6.944444444444444059e-03 1.549145299145299193e-02
0.000000000000000000e+00 4.867343304843304574e-01 2.752403846153846367e-01 7.300569800569800365e-03 1.469017094017094002e-02
0.000000000000000000e+00 4.454237891737891641e-01 2.946047008547008628e-01 8.368945868945869282e-03 1.442307692307692388e-02
0.000000000000000000e+00 4.528133903133902960e-01 2.923344017094017255e-01 5.698005698005698290e-03 1.201923076923076990e-02
0.000000000000000000e+00 4.597578347578347713e-01 2.930021367521367659e-01 6.410256410256410034e-03 1.282051282051282007e-02
0.000000000000000000e+00 4.560185185185185452e-01 3.195779914529914278e-01 5.698005698005698290e-03 9.882478632478632063e-03
0.000000000000000000e+00 4.910078347578347713e-01 2.943376068376068466e-01 1.121794871794871799e-02 2.457264957264957209e-02
0.000000000000000000e+00 4.975961538461538547e-01 3.326655982905982745e-01 8.012820512820512109e-03 1.469017094017094002e-02
0.000000000000000000e+00 7.007656695156695426e-01 3.538995726495726413e-02 6.944444444444444059e-03 1.469017094017094002e-02
0.000000000000000000e+00 6.858084045584045274e-01 4.126602564102564014e-02 5.876068376068376009e-03 1.362179487179487197e-02
0.000000000000000000e+00 6.869658119658119677e-01 5.301816239316239215e-02 5.341880341880341984e-03 9.348290598290598039e-03
0.000000000000000000e+00 6.695156695156695426e-01 9.361645299145299193e-02 7.834757834757835257e-03 1.148504273504273587e-02
0.000000000000000000e+00 6.464565527065526673e-01 1.354166666666666574e-01 8.012820512820512109e-03 1.068376068376068397e-02
0.000000000000000000e+00 6.404914529914529364e-01 1.462339743589743668e-01 8.547008547008547868e-03 1.148504273504273587e-02
0.000000000000000000e+00 5.953525641025640969e-01 2.298344017094016978e-01 9.437321937321937332e-03 1.255341880341880392e-02
0.000000000000000000e+00 5.593839031339031820e-01 2.988782051282051211e-01 8.368945868945869282e-03 1.175213675213675202e-02
0.000000000000000000e+00 5.529736467236466835e-01 3.129006410256410242e-01 9.437321937321937332e-03 1.362179487179487197e-02
0.000000000000000000e+00 9.650106837606837740e-01 3.779380341880341637e-02 1.014957264957264994e-02 9.348290598290598039e-03
0.000000000000000000e+00 9.715099715099715372e-01 4.166666666666666435e-02 8.547008547008547868e-03 1.068376068376068397e-02
0.000000000000000000e+00 8.823005698005698116e-01 2.477297008547008628e-01 5.341880341880341984e-03 6.677350427350427046e-03
0.000000000000000000e+00 9.134615384615384359e-01 2.621527777777777901e-01 7.122507122507122646e-03 1.095085470085470011e-02
0.000000000000000000e+00 9.268162393162393542e-01 2.706997863247863068e-01 5.341880341880341984e-03 5.608974358974358997e-03
0.000000000000000000e+00 9.376780626780626404e-01 2.757745726495726690e-01 5.698005698005698290e-03 6.143162393162393022e-03
0.000000000000000000e+00 9.636752136752136932e-01 2.875267094017093794e-01 6.054131054131053728e-03 8.279914529914529989e-03
0.000000000000000000e+00 9.715099715099715372e-01 2.926014957264957417e-01 6.766381766381766340e-03 7.211538461538461939e-03
0.000000000000000000e+00 9.946581196581196771e-01 3.046207264957264682e-01 7.478632478632478951e-03 1.095085470085470011e-02
