0.000000000000000000e+00 5.698005698005698290e-03 7.211538461538461939e-03 2.492877492877492839e-03 5.341880341880341984e-03
0.000000000000000000e+00 5.074786324786324972e-03 1.175213675213675202e-02 3.739316239316239476e-03 3.739316239316239476e-03
0.000000000000000000e+00 4.807692307692307959e-03 1.602564102564102422e-02 6.054131054131053728e-03 5.341880341880341984e-03
0.000000000000000000e+00 4.807692307692307959e-03 2.497329059829059977e-02 8.903133903133903307e-03 6.143162393162393022e-03
0.000000000000000000e+00 4.629629629629629373e-03 3.018162393162393195e-02 8.547008547008547868e-03 6.410256410256410034e-03
0.000000000000000000e+00 1.097756410256410242e-01 4.006410256410256054e-03 1.014957264957264994e-02 6.944444444444444059e-03
0.000000000000000000e+00 1.102207977207977224e-01 8.547008547008547868e-03 1.103988603988603941e-02 7.478632478632478951e-03
0.000000000000000000e+00 1.096866096866096901e-01 1.762820512820512803e-02 9.971509971509971357e-03 7.478632478632478951e-03
0.000000000000000000e+00 1.095975783475783422e-01 2.243589743589743599e-02 9.437321937321937332e-03 6.944444444444444059e-03
0.000000000000000000e+00 1.096866096866096901e-01 2.711004273504273587e-02 9.615384615384615918e-03 7.745726495726495964e-03
0.000000000000000000e+00 1.046118233618233556e-01 6.904380341880342331e-02 7.300569800569800365e-03 7.211538461538461939e-03
0.000000000000000000e+00 1.047898860398860377e-01 7.799145299145299193e-02 8.725071225071224720e-03 8.012820512820512109e-03
0.000000000000000000e+00 1.031873219373219408e-01 8.319978632478632063e-02 8.725071225071224720e-03 7.211538461538461939e-03
0.000000000000000000e+00 1.043447293447293395e-01 8.894230769230769551e-02 9.259259259259258745e-03 7.478632478632478951e-03
0.000000000000000000e+00 2.199074074074074125e-02 1.757478632478632341e-01 6.588319088319088621e-03 1.709401709401709574e-02
0.000000000000000000e+00 1.198361823361823314e-01 1.495726495726495686e-01 4.629629629629629373e-03 1.068376068376068397e-02
0.000000000000000000e+00 1.170762108262108220e-01 1.714743589743589758e-01 4.095441595441595348e-03 1.014957264957264994e-02
0.000000000000000000e+00 1.152065527065527090e-01 1.892361111111111049e-01 6.054131054131053728e-03 1.362179487179487197e-02
0.000000000000000000e+00 1.136039886039885982e-01 2.040598290598290565e-01 4.629629629629629373e-03 1.175213675213675202e-02
0.000000000000000000e+00 1.089743589743589758e-01 2.381143162393162260e-01 8.190883190883190695e-03 2.163461538461538408e-02
0.000000000000000000e+00 2.258725071225071157e-01 2.893963675213675479e-01 5.519943019943019703e-03 1.095085470085470011e-02
0.000000000000000000e+00 1.700498575498575471e-02 4.806356837606837740e-01 6.588319088319088621e-03 1.308760683760683795e-02
0.000000000000000000e+00 2.635327635327635448e-02 5.046741452991453381e-01 9.971509971509971357e-03 1.415598290598290600e-02
0.000000000000000000e+00 7.015669515669516187e-02 4.520566239316239354e-01 1.068376068376068397e-02 8.814102564102564014e-03
0.000000000000000000e+00 9.428418803418803229e-02 4.718215811965811857e-01 8.368945868945869282e-03 8.814102564102564014e-03
0.000000000000000000e+00 9.375000000000000000e-02 4.788995726495726690e-01 1.121794871794871799e-02 8.012820512820512109e-03
0.000000000000000000e+00 8.716168091168091658e-02 5.104166666666666297e-01 8.725071225071224720e-03 6.944444444444444059e-03
0.000000000000000000e+00 3.828347578347578162e-02 5.231036324786324521e-01 9.971509971509971357e-03 1.362179487179487197e-02
0.000000000000000000e+00 5.573361823361823453e-02 5.426014957264957417e-01 8.190883190883190695e-03 1.308760683760683795e-02
0.000000000000000000e+00 1.438746438746438816e-01 5.615651709401708880e-01 1.139601139601139658e-02 1.362179487179487197e-02
0.000000000000000000e+00 1.294515669515669543e-01 5.623664529914529364e-01 1.282051282051282007e-02 1.308760683760683795e-02
0.000000000000000000e+00 1.302528490028490027e-01 6.065705128205127750e-01 9.437321937321937332e-03 1.388888888888888812e-02
0.000000000000000000e+00 3.427706552706552556e-02 6.615918803418803229e-01 1.335470085470085409e-02 8.012820512820512109e-03
0.000000000000000000e+00 3.125000000000000000e-02 6.702724358974359031e-01 1.157407407407407343e-02 9.348290598290598039e-03
0.000000000000000000e+00 2.466168091168091311e-02 6.999198717948718063e-01 1.371082621082621127e-02 1.148504273504273587e-02
0.000000000000000000e+00 2.751068376068376009e-02 7.187500000000000000e-01 6.232193732193732315e-03 8.547008547008547868e-03
0.000000000000000000e+00 1.558048433048433122e-02 7.419871794871795156e-01 1.121794871794871799e-02 1.068376068376068397e-02
0.000000000000000000e+00 5.965099715099715302e-03 7.922008547008546619e-01 1.121794871794871799e-02 1.068376068376068397e-02
0.000000000000000000e+00 1.655982905982905998e-02 9.147970085470085166e-01 6.054131054131053728e-03 1.014957264957264994e-02
0.000000000000000000e+00 1.460113960113960073e-02 9.268162393162393542e-01 5.341880341880341984e-03 9.615384615384615918e-03
0.000000000000000000e+00 1.086182336182336255e-02 9.376335470085470636e-01 9.615384615384615918e-03 9.882478632478632063e-03
0.000000000000000000e+00 5.519943019943019703e-03 9.710202991452991927e-01 6.410256410256410034e-03 8.814102564102564014e-03
0.000000000000000000e+00 2.379807692307692180e-01 1.335470085470085409e-02 9.081196581196581893e-03 7.478632478632478951e-03
0.000000000000000000e+00 2.700320512820512664e-01 3.872863247863247982e-03 9.437321937321937332e-03 6.677350427350427046e-03
0.000000000000000000e+00 3.972578347578347713e-01 2.775106837606837740e-01 1.068376068376068397e-02 8.547008547008547868e-03
0.000000000000000000e+00 3.352920227920228036e-01 4.535256410256410242e-01 1.531339031339031334e-02 1.121794871794871799e-02
0.000000000000000000e+00 3.552350427350427498e-01 4.684829059829059839e-01 7.478632478632478951e-03 1.869658119658119608e-02
0.000000000000000000e+00 4.068732193732193525e-01 3.985042735042735318e-01 1.246438746438746463e-02 1.335470085470085409e-02
0.000000000000000000e+00 4.480056980056980054e-01 3.433493589743589758e-01 8.547008547008547868e-03 1.415598290598290600e-02
0.000000000000000000e+00 4.399928774928774655e-01 3.705929487179487336e-01 1.780626780626780661e-02 2.377136752136752018e-02
0.000000000000000000e+00 4.539707977207977363e-01 3.617788461538461453e-01 9.081196581196581893e-03 1.148504273504273587e-02
0.000000000000000000e+00 4.936787749287749327e-01 3.036858974358974117e-01 1.121794871794871799e-02 1.228632478632478604e-02
0.000000000000000000e+00 3.742877492877492718e-01 1.802884615384615224e-02 5.698005698005698290e-03 6.677350427350427046e-03
0.000000000000000000e+00 4.054487179487179516e-01 1.522435897435897405e-02 8.903133903133903307e-03 6.410256410256410034e-03
0.000000000000000000e+00 4.059829059829059839e-01 1.989850427350427220e-02 9.615384615384615918e-03 7.211538461538461939e-03
0.000000000000000000e+00 3.757122507122507282e-01 3.966346153846153633e-02 1.068376068376068397e-02 7.745726495726495964e-03
0.000000000000000000e+00 3.943198005698005937e-01 4.634081196581196771e-02 5.519943019943019703e-03 1.201923076923076990e-02
0.000000000000000000e+00 3.964565527065527228e-01 6.436965811965811302e-02 5.519943019943019703e-03 1.121794871794871799e-02
0.000000000000000000e+00 3.968126780626780592e-01 7.491987179487179238e-02 4.807692307692307959e-03 9.348290598290598039e-03
0.000000000000000000e+00 4.002849002849002691e-01 1.053685897435897439e-01 5.698005698005698290e-03 1.095085470085470011e-02
0.000000000000000000e+00 4.041132478632478708e-01 1.403579059829059839e-01 5.876068376068376009e-03 1.148504273504273587e-02
0.000000000000000000e+00 4.124821937321937471e-01 2.012553418803418870e-01 6.232193732193732315e-03 1.362179487179487197e-02
0.000000000000000000e+00 4.356303418803418870e-01 4.865117521367521292e-01 6.944444444444444059e-03 1.736111111111111188e-02
0.000000000000000000e+00 4.599358974358974117e-01 4.778311965811966044e-01 6.766381766381766340e-03 1.388888888888888812e-02
0.000000000000000000e+00 4.877136752136752018e-01 4.631410256410256610e-01 6.410256410256410034e-03 1.602564102564102422e-02
0.000000000000000000e+00 4.770299145299145560e-01 4.831730769230769273e-01 1.246438746438746463e-02 1.068376068376068397e-02
0.000000000000000000e+00 4.517450142450142314e-01 4.914529914529914278e-01 1.210826210826210746e-02 1.068376068376068397e-02
0.000000000000000000e+00 3.293269230769230727e-01 6.814903846153845812e-01 7.300569800569800365e-03 1.682692307692307612e-02
0.000000000000000000e+00 2.970085470085470081e-01 7.605502136752136932e-01 1.460113960113960073e-02 1.041666666666666609e-02
0.000000000000000000e+00 2.808938746438746636e-01 8.528311965811965489e-01 1.549145299145299193e-02 1.121794871794871799e-02
0.000000000000000000e+00 3.262998575498575748e-01 9.583333333333333703e-01 8.012820512820512109e-03 1.976495726495726413e-02
0.000000000000000000e+00 4.895833333333333148e-01 2.337072649572649596e-02 4.095441595441595348e-03 6.143162393162393022e-03
0.000000000000000000e+00 4.944800569800569812e-01 2.163461538461538408e-02 4.273504273504273934e-03 5.876068376068376009e-03
0.000000000000000000e+00 5.031160968660968180e-01 2.043269230769230796e-02 3.383190883190883170e-03 9.348290598290598039e-03
0.000000000000000000e+00 5.389066951566952035e-01 4.674145299145299019e-03 5.519943019943019703e-03 8.279914529914529989e-03
0.000000000000000000e+00 5.418447293447293811e-01 1.963141025641025605e-02 5.698005698005698290e-03 1.148504273504273587e-02
0.000000000000000000e+00 5.321403133903134242e-01 2.510683760683760785e-02 4.095441595441595348e-03 9.615384615384615918e-03
0.000000000000000000e+00 5.438924501424501345e-01 3.058226495726495617e-02 5.163817663817663398e-03 1.041666666666666609e-02
0.000000000000000000e+00 5.336538461538461453e-01 3.445512820512820762e-02 5.698005698005698290e-03 8.547008547008547868e-03
0.000000000000000000e+00 5.360576923076922906e-01 4.700854700854700807e-02 4.451566951566951653e-03 1.228632478632478604e-02
0.000000000000000000e+00 5.466524216524216717e-01 4.460470085470085583e-02 4.985754985754985678e-03 9.615384615384615918e-03
0.000000000000000000e+00 5.480769230769231282e-01 5.528846153846153633e-02 5.698005698005698290e-03 1.121794871794871799e-02
0.000000000000000000e+00 5.504807692307692735e-01 6.610576923076923184e-02 5.163817663817663398e-03 9.882478632478632063e-03
0.000000000000000000e+00 5.521723646723646350e-01 7.425213675213675202e-02 4.985754985754985678e-03 8.547008547008547868e-03
0.000000000000000000e+00 5.543981481481481399e-01 8.373397435897435293e-02 6.588319088319088621e-03 1.148504273504273587e-02
0.000000000000000000e+00 5.567129629629629095e-01 9.561965811965811302e-02 5.519943019943019703e-03 1.014957264957264994e-02
0.000000000000000000e+00 5.592058404558404305e-01 1.065705128205128166e-01 6.588319088319088621e-03 1.121794871794871799e-02
0.000000000000000000e+00 5.469195156695156879e-01 1.107104700854700807e-01 5.876068376068376009e-03 1.148504273504273587e-02
0.000000000000000000e+00 5.486111111111111605e-01 1.216613247863247843e-01 6.410256410256410034e-03 1.148504273504273587e-02
0.000000000000000000e+00 5.512820512820513219e-01 1.340811965811965767e-01 5.341880341880341984e-03 9.615384615384615918e-03
0.000000000000000000e+00 5.623219373219373596e-01 1.330128205128205121e-01 6.410256410256410034e-03 1.388888888888888812e-02
0.000000000000000000e+00 5.559116809116808611e-01 1.559829059829059839e-01 4.629629629629629373e-03 1.175213675213675202e-02
0.000000000000000000e+00 5.674857549857549310e-01 1.557158119658119677e-01 6.766381766381766340e-03 1.121794871794871799e-02
0.000000000000000000e+00 5.582264957264957417e-01 1.686698717948718063e-01 5.698005698005698290e-03 1.308760683760683795e-02
0.000000000000000000e+00 5.444266381766381668e-01 2.357104700854700807e-01 6.944444444444444059e-03 7.211538461538461939e-03
0.000000000000000000e+00 5.706018518518518601e-01 2.310363247863247982e-01 1.014957264957264994e-02 8.547008547008547868e-03
0.000000000000000000e+00 5.469195156695156879e-01 2.483974358974359031e-01 1.193019943019943060e-02 8.012820512820512109e-03
0.000000000000000000e+00 5.732727920227920215e-01 2.439903846153846090e-01 1.086182336182336255e-02 7.745726495726495964e-03
0.000000000000000000e+00 5.756766381766381668e-01 2.500000000000000000e-01 1.210826210826210746e-02 8.012820512820512109e-03
0.000000000000000000e+00 5.869836182336182206e-01 2.624198717948718063e-01 1.050569800569800538e-02 7.745726495726495964e-03
0.000000000000000000e+00 6.000712250712251228e-01 4.456463675213675479e-01 9.971509971509971357e-03 1.255341880341880392e-02
0.000000000000000000e+00 6.175213675213675479e-01 4.552617521367521292e-01 1.317663817663817724e-02 8.279914529914529989e-03
0.000000000000000000e+00 6.144943019943019946e-01 4.720886752136752018e-01 9.259259259259258745e-03 1.629273504273504383e-02
0.000000000000000000e+00 6.323005698005698116e-01 4.953258547008547175e-01 1.068376068376068397e-02 9.882478632478632063e-03
0.000000000000000000e+00 6.419159544159543929e-01 5.152243589743589203e-01 1.282051282051282007e-02 1.014957264957264994e-02
0.000000000000000000e+00 6.557158119658119677e-01 5.422008547008546619e-01 1.513532763532763475e-02 1.068376068376068397e-02
0.000000000000000000e+00 6.344373219373219408e-01 5.619658119658119677e-01 9.259259259259258745e-03 1.762820512820512803e-02
0.000000000000000000e+00 6.455662393162393542e-01 5.834668803418803229e-01 1.121794871794871799e-02 1.736111111111111188e-02
0.000000000000000000e+00 6.259793447293446889e-01 9.224091880341880323e-01 1.157407407407407343e-02 1.789529914529914417e-02
0.000000000000000000e+00 5.586716524216523982e-01 9.384348290598291120e-01 1.477920227920227932e-02 1.362179487179487197e-02
0.000000000000000000e+00 6.297186609686609149e-01 9.806356837606837740e-01 1.584757834757834910e-02 1.789529914529914417e-02
0.000000000000000000e+00 7.150106837606837740e-01 1.315438034188034233e-01 1.228632478632478604e-02 1.148504273504273587e-02
0.000000000000000000e+00 7.215990028490028019e-01 1.447649572649572780e-01 8.012820512820512109e-03 6.944444444444444059e-03
0.000000000000000000e+00 7.624643874643874941e-01 1.073717948717948650e-01 8.547008547008547868e-03 8.547008547008547868e-03
0.000000000000000000e+00 8.016381766381766028e-01 6.143162393162392848e-02 6.410256410256410034e-03 9.615384615384615918e-03
0.000000000000000000e+00 8.421474358974359031e-01 5.635683760683760785e-02 8.012820512820512109e-03 8.547008547008547868e-03
0.000000000000000000e+00 8.506944444444444198e-01 5.061431623931623991e-02 8.368945868945869282e-03 9.882478632478632063e-03
0.000000000000000000e+00 8.596866096866097040e-01 4.540598290598290426e-02 9.259259259259258745e-03 1.014957264957264994e-02
0.000000000000000000e+00 9.109686609686609149e-01 2.069978632478632410e-02 9.259259259259258745e-03 8.814102564102564014e-03
0.000000000000000000e+00 9.237001424501424252e-01 1.308760683760683795e-02 1.086182336182336255e-02 1.121794871794871799e-02
0.000000000000000000e+00 9.464921652421652842e-01 4.674145299145299019e-03 8.012820512820512109e-03 7.745726495726495964e-03
0.000000000000000000e+00 9.153311965811965489e-01 5.956196581196580853e-02 8.012820512820512109e-03 1.068376068376068397e-02
0.000000000000000000e+00 9.218304843304843121e-01 6.770833333333332871e-02 7.834757834757835257e-03 9.348290598290598039e-03
0.000000000000000000e+00 9.293981481481481399e-01 7.652243589743590313e-02 9.437321937321937332e-03 1.201923076923076990e-02
0.000000000000000000e+00 9.377670940170940161e-01 1.179220085470085444e-01 5.519943019943019703e-03 7.211538461538461939e-03
0.000000000000000000e+00 9.426638176638176825e-01 1.271367521367521292e-01 5.698005698005698290e-03 8.012820512820512109e-03
0.000000000000000000e+00 9.553952991452991927e-01 1.160523504273504314e-01 8.725071225071224720e-03 1.308760683760683795e-02
0.000000000000000000e+00 9.661680911680912143e-01 1.368856837606837740e-01 8.190883190883190695e-03 1.041666666666666609e-02
0.000000000000000000e+00 6.139601139601139623e-01 2.592147435897436125e-01 9.259259259259258745e-03 7.745726495726495964e-03
0.000000000000000000e+00 6.455662393162393542e-01 2.549412393162392987e-01 9.437321937321937332e-03 7.211538461538461939e-03
0.000000000000000000e+00 6.723646723646723444e-01 2.514690170940170888e-01 1.103988603988603941e-02 7.211538461538461939e-03
0.000000000000000000e+00 7.177706552706553111e-01 2.482638888888888951e-01 1.068376068376068397e-02 7.211538461538461939e-03
0.000000000000000000e+00 7.598824786324785974e-01 2.427884615384615363e-01 1.121794871794871799e-02 8.012820512820512109e-03
0.000000000000000000e+00 7.895299145299145005e-01 2.390491452991453103e-01 1.032763532763532680e-02 7.478632478632478951e-03
0.000000000000000000e+00 8.026175213675214026e-01 2.373130341880341776e-01 1.050569800569800538e-02 8.814102564102564014e-03
0.000000000000000000e+00 8.145477207977207534e-01 2.357104700854700807e-01 1.121794871794871799e-02 8.279914529914529989e-03
0.000000000000000000e+00 8.564814814814815103e-01 2.162126068376068466e-01 7.834757834757835257e-03 1.201923076923076990e-02
0.000000000000000000e+00 8.622685185185184897e-01 2.148771367521367659e-01 7.300569800569800365e-03 1.255341880341880392e-02
0.000000000000000000e+00 8.681445868945868449e-01 2.146100427350427220e-01 7.656695156695156670e-03 1.201923076923076990e-02
0.000000000000000000e+00 8.793625356125356340e-01 2.146100427350427220e-01 5.519943019943019703e-03 7.745726495726495964e-03
0.000000000000000000e+00 8.852386039886039892e-01 2.143429487179487059e-01 5.519943019943019703e-03 6.677350427350427046e-03
0.000000000000000000e+00 8.912037037037037202e-01 2.120726495726495686e-01 6.766381766381766340e-03 1.228632478632478604e-02
0.000000000000000000e+00 9.070512820512820484e-01 2.059294871794871695e-01 7.834757834757835257e-03 1.121794871794871799e-02
0.000000000000000000e+00 9.297542735042735318e-01 2.131410256410256332e-01 1.014957264957264994e-02 8.012820512820512109e-03
0.000000000000000000e+00 9.419515669515668987e-01 2.107371794871794879e-01 9.971509971509971357e-03 8.012820512820512109e-03
0.000000000000000000e+00 8.718839031339031820e-01 5.292467948717948234e-01 1.193019943019943060e-02 1.842948717948717993e-02
0.000000000000000000e+00 7.902421652421652842e-01 5.825320512820513219e-01 1.745014245014244944e-02 1.442307692307692388e-02
0.000000000000000000e+00 7.885505698005698116e-01 7.524038461538461453e-01 6.944444444444444059e-03 9.615384615384615918e-03
0.000000000000000000e+00 8.316417378917378977e-01 9.336271367521367104e-01 9.437321937321937332e-03 1.842948717948717993e-02
0.000000000000000000e+00 8.412571225071224790e-01 9.375000000000000000e-01 9.081196581196581893e-03 1.923076923076923184e-02
0.000000000000000000e+00 8.500712250712251228e-01 9.412393162393162260e-01 9.615384615384615918e-03 2.136752136752136794e-02
0.000000000000000000e+00 8.584401709401708880e-01 9.443108974358974672e-01 8.903133903133903307e-03 1.896367521367521222e-02
0.000000000000000000e+00 8.689458689458688934e-01 9.479166666666666297e-01 7.478632478632478951e-03 1.602564102564102422e-02
0.000000000000000000e+00 8.883547008547008073e-01 9.587339743589743390e-01 8.547008547008547868e-03 1.629273504273504383e-02
0.000000000000000000e+00 8.974358974358974672e-01 9.635416666666666297e-01 8.903133903133903307e-03 1.842948717948717993e-02
0.000000000000000000e+00 9.061609686609686243e-01 9.662126068376067911e-01 9.615384615384615918e-03 1.949786324786324798e-02
0.000000000000000000e+00 9.155092592592593004e-01 9.675480769230768718e-01 1.121794871794871799e-02 2.537393162393162399e-02
0.000000000000000000e+00 8.484686609686609149e-01 8.987713675213675479e-01 1.032763532763532680e-02 1.655982905982905998e-02
0.000000000000000000e+00 8.577279202279202153e-01 9.029113247863247427e-01 1.282051282051282007e-02 1.842948717948717993e-02
0.000000000000000000e+00 8.678774928774928288e-01 9.081196581196581130e-01 1.175213675213675202e-02 1.923076923076923184e-02
0.000000000000000000e+00 9.302884615384615641e-01 8.974358974358974672e-01 1.477920227920227932e-02 1.869658119658119608e-02
0.000000000000000000e+00 8.612891737891738009e-01 8.502938034188034511e-01 1.317663817663817724e-02 1.736111111111111188e-02
0.000000000000000000e+00 8.921830484330484090e-01 8.194444444444444198e-01 1.299857549857549865e-02 1.495726495726495790e-02
0.000000000000000000e+00 9.289529914529914834e-01 8.506944444444444198e-01 1.495726495726495790e-02 1.869658119658119608e-02
0.000000000000000000e+00 9.617165242165242045e-01 8.814102564102563875e-01 1.566951566951567051e-02 1.709401709401709574e-02
