0.000000000000000000e+00 2.288995726495726413e-01 2.417200854700854717e-01 1.264245014245014322e-02 8.547008547008547868e-03
0.000000000000000000e+00 2.495548433048433157e-01 2.196848290598290565e-01 1.193019943019943060e-02 8.814102564102564014e-03
0.000000000000000000e+00 2.679843304843304574e-01 1.953792735042735040e-01 9.971509971509971357e-03 8.279914529914529989e-03
0.000000000000000000e+00 2.659366096866097040e-01 2.013888888888888951e-01 1.121794871794871799e-02 8.547008547008547868e-03
0.000000000000000000e+00 2.745726495726495964e-01 2.187500000000000000e-01 6.410256410256410034e-03 1.282051282051282007e-02
0.000000000000000000e+00 2.728810541310541238e-01 2.306356837606837740e-01 6.232193732193732315e-03 1.095085470085470011e-02
0.000000000000000000e+00 2.786680911680911588e-01 2.309027777777777901e-01 4.985754985754985678e-03 1.041666666666666609e-02
0.000000000000000000e+00 3.039529914529914278e-01 2.135416666666666574e-01 1.068376068376068397e-02 7.745726495726495964e-03
0.000000000000000000e+00 3.030626780626780592e-01 2.194177350427350404e-01 1.103988603988603941e-02 7.211538461538461939e-03
0.000000000000000000e+00 1.753027065527065498e-01 8.951655982905982745e-01 7.656695156695156670e-03 2.003205128205128374e-02
0.000000000000000000e+00 2.036146723646723722e-01 9.176014957264957417e-01 1.086182336182336255e-02 1.736111111111111188e-02
0.000000000000000000e+00 2.037037037037036924e-01 9.294871794871795156e-01 1.032763532763532680e-02 1.816239316239316379e-02
0.000000000000000000e+00 3.498041310541310511e-01 8.426816239316239909e-02 5.876068376068376009e-03 1.201923076923076990e-02
0.000000000000000000e+00 3.517628205128205399e-01 9.855769230769230449e-02 5.519943019943019703e-03 1.282051282051282007e-02
0.000000000000000000e+00 3.534544159544159569e-01 1.103098290598290565e-01 4.629629629629629373e-03 1.014957264957264994e-02
0.000000000000000000e+00 3.548789173789173579e-01 1.225961538461538408e-01 4.985754985754985678e-03 1.228632478632478604e-02
0.000000000000000000e+00 3.555911680911680861e-01 1.350160256410256332e-01 4.985754985754985678e-03 1.255341880341880392e-02
0.000000000000000000e+00 3.708155270655270619e-01 3.938301282051281937e-01 6.944444444444444059e-03 1.362179487179487197e-02
0.000000000000000000e+00 3.729522792022791911e-01 5.463408119658119677e-01 1.050569800569800538e-02 1.362179487179487197e-02
0.000000000000000000e+00 2.834757834757834494e-01 5.960202991452991927e-01 6.054131054131053728e-03 1.469017094017094002e-02
0.000000000000000000e+00 4.209401709401709435e-01 6.444978632478632896e-01 7.834757834757835257e-03 1.495726495726495790e-02
0.000000000000000000e+00 4.009081196581196771e-01 6.965811965811965489e-01 1.335470085470085409e-02 1.175213675213675202e-02
0.000000000000000000e+00 4.135505698005698116e-01 6.909722222222222099e-01 1.014957264957264994e-02 1.228632478632478604e-02
0.000000000000000000e+00 3.842592592592592449e-01 7.851228632478632896e-01 4.985754985754985678e-03 1.308760683760683795e-02
0.000000000000000000e+00 3.865740740740740700e-01 8.203792735042735318e-01 1.317663817663817724e-02 1.095085470085470011e-02
0.000000000000000000e+00 4.183582621082621023e-01 8.183760683760683552e-01 1.121794871794871799e-02 1.121794871794871799e-02
0.000000000000000000e+00 3.878205128205128305e-01 8.420138888888888395e-01 1.353276353276353268e-02 1.041666666666666609e-02
0.000000000000000000e+00 4.212962962962962798e-01 8.456196581196581130e-01 1.495726495726495790e-02 1.388888888888888812e-02
0.000000000000000000e+00 4.283297720797720753e-01 8.856837606837606458e-01 1.727207977207977085e-02 1.335470085470085409e-02
0.000000000000000000e+00 3.901353276353276556e-01 8.887553418803418870e-01 1.210826210826210746e-02 1.095085470085470011e-02
0.000000000000000000e+00 4.303774928774928843e-01 9.049145299145299193e-01 1.602564102564102422e-02 1.335470085470085409e-02
0.000000000000000000e+00 4.328703703703703498e-01 9.257478632478632896e-01 1.495726495726495790e-02 1.335470085470085409e-02
0.000000000000000000e+00 4.352742165242165506e-01 9.465811965811965489e-01 1.655982905982905998e-02 1.175213675213675202e-02
0.000000000000000000e+00 4.358084045584045829e-01 9.576655982905982745e-01 1.442307692307692388e-02 1.201923076923076990e-02
0.000000000000000000e+00 4.365206552706552556e-01 9.682158119658119677e-01 1.371082621082621127e-02 1.175213675213675202e-02
0.000000000000000000e+00 4.378561253561253364e-01 9.787660256410256610e-01 1.388888888888888812e-02 1.201923076923076990e-02
0.000000000000000000e+00 4.390135327635327767e-01 9.885149572649573058e-01 1.335470085470085409e-02 1.228632478632478604e-02
0.000000000000000000e+00 3.972578347578347713e-01 9.886485042735042583e-01 1.566951566951567051e-02 1.255341880341880392e-02
0.000000000000000000e+00 4.725783475783476018e-01 9.348290598290598039e-03 4.273504273504273934e-03 9.081196581196581893e-03
0.000000000000000000e+00 4.782763532763532610e-01 7.478632478632478951e-03 3.917378917378917629e-03 9.615384615384615918e-03
0.000000000000000000e+00 4.903846153846153633e-01 8.814102564102564014e-03 4.273504273504273934e-03 1.121794871794871799e-02
0.000000000000000000e+00 4.959045584045583821e-01 7.745726495726495964e-03 4.273504273504273934e-03 9.615384615384615918e-03
0.000000000000000000e+00 4.781873219373219408e-01 2.470619658119658016e-02 8.725071225071224720e-03 6.677350427350427046e-03
0.000000000000000000e+00 4.796118233618233417e-01 3.352029914529914417e-02 8.725071225071224720e-03 6.677350427350427046e-03
0.000000000000000000e+00 4.802350427350427498e-01 3.952991452991452825e-02 9.259259259259258745e-03 6.944444444444444059e-03
0.000000000000000000e+00 4.780092592592592449e-01 7.411858974358974395e-02 5.163817663817663398e-03 1.255341880341880392e-02
0.000000000000000000e+00 4.794337606837607013e-01 8.587072649572649596e-02 4.451566951566951653e-03 1.041666666666666609e-02
0.000000000000000000e+00 4.798789173789173579e-01 9.628739316239316726e-02 4.273504273504273934e-03 9.882478632478632063e-03
0.000000000000000000e+00 4.803240740740740700e-01 1.085737179487179516e-01 4.807692307692307959e-03 9.882478632478632063e-03
0.000000000000000000e+00 5.391737891737892197e-01 1.067040598290598247e-01 6.766381766381766340e-03 1.308760683760683795e-02
0.000000000000000000e+00 5.662393162393162260e-01 1.168536324786324798e-01 9.615384615384615918e-03 5.608974358974358997e-03
0.000000000000000000e+00 5.779024216524216717e-01 1.175213675213675202e-01 9.437321937321937332e-03 6.944444444444444059e-03
0.000000000000000000e+00 5.850249287749287319e-01 1.356837606837606736e-01 7.656695156695156670e-03 6.410256410256410034e-03
0.000000000000000000e+00 5.852029914529914834e-01 1.407585470085470081e-01 7.656695156695156670e-03 6.410256410256410034e-03
0.000000000000000000e+00 5.870726495726495964e-01 1.469017094017094072e-01 1.068376068376068397e-02 9.615384615384615918e-03
0.000000000000000000e+00 6.058582621082621023e-01 1.314102564102564152e-01 1.050569800569800538e-02 8.547008547008547868e-03
0.000000000000000000e+00 5.885861823361823175e-01 1.650641025641025605e-01 9.437321937321937332e-03 7.478632478632478951e-03
0.000000000000000000e+00 6.116452991452991927e-01 1.720085470085470081e-01 1.103988603988603941e-02 7.478632478632478951e-03
0.000000000000000000e+00 6.293625356125356340e-01 1.665331196581196493e-01 5.876068376068376009e-03 1.148504273504273587e-02
0.000000000000000000e+00 6.416488603988603767e-01 1.665331196581196493e-01 5.519943019943019703e-03 1.201923076923076990e-02
0.000000000000000000e+00 5.082799145299145005e-01 2.143429487179487059e-01 1.086182336182336255e-02 7.745726495726495964e-03
0.000000000000000000e+00 5.094373219373219408e-01 2.206196581196581130e-01 8.547008547008547868e-03 7.478632478632478951e-03
0.000000000000000000e+00 5.114850427350426942e-01 2.446581196581196493e-01 1.157407407407407343e-02 8.547008547008547868e-03
0.000000000000000000e+00 5.105947293447293811e-01 2.508012820512820484e-01 8.725071225071224720e-03 7.478632478632478951e-03
0.000000000000000000e+00 5.111289173789174134e-01 2.568108974358974117e-01 9.793447293447292770e-03 7.745726495726495964e-03
0.000000000000000000e+00 5.374821937321937471e-01 2.446581196581196493e-01 1.086182336182336255e-02 9.081196581196581893e-03
0.000000000000000000e+00 5.370370370370370905e-01 2.196848290598290565e-01 1.032763532763532680e-02 8.279914529914529989e-03
0.000000000000000000e+00 5.404202279202279247e-01 2.630876068376068466e-01 1.032763532763532680e-02 8.012820512820512109e-03
0.000000000000000000e+00 5.521723646723646350e-01 2.564102564102563875e-01 8.903133903133903307e-03 8.012820512820512109e-03
0.000000000000000000e+00 5.530626780626780592e-01 2.624198717948718063e-01 1.139601139601139658e-02 9.348290598290598039e-03
0.000000000000000000e+00 5.235933048433047965e-01 2.027243589743589758e-01 5.519943019943019703e-03 1.228632478632478604e-02
0.000000000000000000e+00 5.296474358974359031e-01 2.017895299145299193e-01 5.163817663817663398e-03 1.041666666666666609e-02
0.000000000000000000e+00 5.361467236467236663e-01 2.013888888888888951e-01 4.985754985754985678e-03 1.014957264957264994e-02
0.000000000000000000e+00 5.418447293447293811e-01 2.012553418803418870e-01 5.341880341880341984e-03 1.148504273504273587e-02
0.000000000000000000e+00 5.476317663817663606e-01 1.997863247863247982e-01 4.807692307692307959e-03 9.615384615384615918e-03
0.000000000000000000e+00 5.546652421652421561e-01 2.001869658119658224e-01 5.698005698005698290e-03 1.041666666666666609e-02
0.000000000000000000e+00 5.603632478632478708e-01 2.004540598290598385e-01 4.985754985754985678e-03 9.882478632478632063e-03
0.000000000000000000e+00 5.668625356125356340e-01 1.999198717948718063e-01 5.876068376068376009e-03 1.148504273504273587e-02
0.000000000000000000e+00 5.723824786324785974e-01 2.004540598290598385e-01 5.519943019943019703e-03 1.201923076923076990e-02
0.000000000000000000e+00 5.781695156695156879e-01 2.003205128205128305e-01 5.698005698005698290e-03 1.068376068376068397e-02
0.000000000000000000e+00 5.845797720797720753e-01 2.003205128205128305e-01 6.766381766381766340e-03 1.228632478632478604e-02
0.000000000000000000e+00 5.906339031339031820e-01 1.991185897435897301e-01 5.698005698005698290e-03 9.882478632478632063e-03
0.000000000000000000e+00 5.894764957264957417e-01 2.487980769230769273e-01 9.793447293447292770e-03 7.745726495726495964e-03
0.000000000000000000e+00 6.134259259259259300e-01 2.116720085470085444e-01 1.103988603988603941e-02 7.745726495726495964e-03
0.000000000000000000e+00 6.146723646723646350e-01 2.179487179487179516e-01 9.259259259259258745e-03 7.478632478632478951e-03
0.000000000000000000e+00 6.084401709401708880e-01 3.163728632478632341e-01 9.259259259259258745e-03 8.279914529914529989e-03
0.000000000000000000e+00 6.706730769230768718e-01 3.016826923076922906e-01 4.807692307692307959e-03 1.095085470085470011e-02
0.000000000000000000e+00 5.369480056980057148e-01 3.884882478632478708e-01 9.793447293447292770e-03 8.814102564102564014e-03
0.000000000000000000e+00 5.496794871794872250e-01 3.898237179487179516e-01 1.032763532763532680e-02 7.745726495726495964e-03
0.000000000000000000e+00 5.379273504273504036e-01 3.969017094017093794e-01 1.103988603988603941e-02 8.012820512820512109e-03
0.000000000000000000e+00 5.502136752136752573e-01 3.973023504273504036e-01 1.210826210826210746e-02 8.279914529914529989e-03
0.000000000000000000e+00 5.363247863247863068e-01 4.022435897435897578e-01 1.139601139601139658e-02 5.876068376068376009e-03
0.000000000000000000e+00 5.489672364672364413e-01 4.023771367521367659e-01 1.139601139601139658e-02 4.540598290598290947e-03
0.000000000000000000e+00 5.693554131054131551e-01 3.641826923076922906e-01 6.232193732193732315e-03 1.522435897435897405e-02
0.000000000000000000e+00 5.811075498575498655e-01 3.912927350427350404e-01 1.086182336182336255e-02 8.012820512820512109e-03
0.000000000000000000e+00 5.794159544159543929e-01 3.982371794871794601e-01 1.175213675213675202e-02 8.547008547008547868e-03
0.000000000000000000e+00 5.945512820512820484e-01 4.065170940170940161e-01 9.971509971509971357e-03 9.081196581196581893e-03
0.000000000000000000e+00 6.236645299145299193e-01 4.062500000000000000e-01 1.086182336182336255e-02 9.615384615384615918e-03
0.000000000000000000e+00 6.246438746438746081e-01 4.142628205128205399e-01 1.068376068376068397e-02 8.547008547008547868e-03
0.000000000000000000e+00 6.373753561253561184e-01 4.143963675213675479e-01 1.193019943019943060e-02 9.348290598290598039e-03
0.000000000000000000e+00 6.251780626780626404e-01 4.286858974358974117e-01 9.259259259259258745e-03 8.547008547008547868e-03
0.000000000000000000e+00 6.373753561253561184e-01 4.297542735042735318e-01 1.157407407407407343e-02 9.081196581196581893e-03
0.000000000000000000e+00 6.748575498575498655e-01 4.280181623931623713e-01 1.282051282051282007e-02 8.279914529914529989e-03
0.000000000000000000e+00 6.739672364672364413e-01 4.341613247863247982e-01 9.259259259259258745e-03 2.938034188034188005e-03
0.000000000000000000e+00 6.316773504273504036e-01 6.212606837606837740e-01 7.300569800569800365e-03 9.615384615384615918e-03
0.000000000000000000e+00 6.448539886039885705e-01 6.153846153846154188e-01 8.012820512820512109e-03 1.175213675213675202e-02
0.000000000000000000e+00 6.516203703703703498e-01 6.127136752136752573e-01 7.656695156695156670e-03 1.282051282051282007e-02
0.000000000000000000e+00 6.590099715099715372e-01 6.093750000000000000e-01 8.190883190883190695e-03 1.201923076923076990e-02
0.000000000000000000e+00 6.633725071225071712e-01 5.886752136752136932e-01 1.371082621082621127e-02 1.228632478632478604e-02
0.000000000000000000e+00 6.972934472934473327e-01 5.965544871794872250e-01 7.834757834757835257e-03 1.041666666666666609e-02
0.000000000000000000e+00 7.248931623931623713e-01 5.857371794871795156e-01 8.903133903133903307e-03 1.228632478632478604e-02
0.000000000000000000e+00 7.300569800569800538e-01 5.827991452991453381e-01 6.410256410256410034e-03 1.228632478632478604e-02
0.000000000000000000e+00 7.102029914529914834e-01 5.531517094017094349e-01 1.406695156695156670e-02 1.175213675213675202e-02
0.000000000000000000e+00 7.261396011396011874e-01 5.483440170940171443e-01 1.388888888888888812e-02 1.068376068376068397e-02
0.000000000000000000e+00 7.362001424501424252e-01 5.434027777777777901e-01 6.232193732193732315e-03 9.882478632478632063e-03
0.000000000000000000e+00 6.102207977207977363e-01 7.310363247863247427e-01 9.971509971509971357e-03 1.549145299145299193e-02
0.000000000000000000e+00 6.182336182336182206e-01 7.303685897435897578e-01 7.478632478632478951e-03 1.201923076923076990e-02
0.000000000000000000e+00 6.557158119658119677e-01 7.142094017094017255e-01 1.086182336182336255e-02 1.709401709401709574e-02
0.000000000000000000e+00 6.232193732193732627e-01 7.590811965811965489e-01 2.101139601139601076e-02 2.510683760683760785e-02
0.000000000000000000e+00 7.131410256410256610e-01 6.899038461538461453e-01 9.259259259259258745e-03 1.549145299145299193e-02
0.000000000000000000e+00 7.324608262108261991e-01 6.834935897435897578e-01 9.793447293447292770e-03 1.655982905982905998e-02
0.000000000000000000e+00 7.597044159544159569e-01 6.728098290598291120e-01 9.437321937321937332e-03 1.388888888888888812e-02
0.000000000000000000e+00 7.232905982905982745e-01 7.254273504273504036e-01 1.210826210826210746e-02 1.282051282051282007e-02
0.000000000000000000e+00 7.191951566951566566e-01 7.322382478632478708e-01 1.068376068376068397e-02 9.882478632478632063e-03
0.000000000000000000e+00 5.531517094017094349e-01 7.922008547008546619e-01 7.300569800569800365e-03 1.923076923076923184e-02
0.000000000000000000e+00 5.757656695156695426e-01 8.469551282051281937e-01 1.477920227920227932e-02 1.014957264957264994e-02
0.000000000000000000e+00 5.947293447293446889e-01 8.633814102564102422e-01 8.190883190883190695e-03 1.949786324786324798e-02
0.000000000000000000e+00 5.759437321937321830e-01 8.661858974358974672e-01 1.620370370370370280e-02 1.068376068376068397e-02
0.000000000000000000e+00 5.765669515669515910e-01 8.768696581196581130e-01 1.210826210826210746e-02 1.068376068376068397e-02
0.000000000000000000e+00 5.770121082621082476e-01 9.058493589743589203e-01 1.655982905982905998e-02 1.255341880341880392e-02
0.000000000000000000e+00 5.782585470085470636e-01 9.168002136752136932e-01 1.228632478632478604e-02 1.041666666666666609e-02
0.000000000000000000e+00 5.787037037037037202e-01 9.280181623931623713e-01 1.210826210826210746e-02 1.041666666666666609e-02
0.000000000000000000e+00 5.965990028490028019e-01 9.366987179487179516e-01 8.368945868945869282e-03 2.190170940170940023e-02
0.000000000000000000e+00 5.790598290598291120e-01 9.489850427350426942e-01 1.424501424501424529e-02 1.121794871794871799e-02
0.000000000000000000e+00 5.784366096866097040e-01 9.598023504273504036e-01 1.477920227920227932e-02 1.148504273504273587e-02
0.000000000000000000e+00 5.780804843304843121e-01 9.704861111111111605e-01 1.371082621082621127e-02 1.201923076923076990e-02
0.000000000000000000e+00 6.012286324786324521e-01 9.902510683760683552e-01 8.012820512820512109e-03 1.842948717948717993e-02
0.000000000000000000e+00 5.798611111111111605e-01 9.931891025641025328e-01 1.442307692307692388e-02 1.201923076923076990e-02
0.000000000000000000e+00 6.720085470085470636e-01 1.028311965811965767e-01 8.903133903133903307e-03 7.478632478632478951e-03
0.000000000000000000e+00 6.843839031339031820e-01 8.092948717948718340e-02 5.876068376068376009e-03 1.014957264957264994e-02
0.000000000000000000e+00 7.020121082621082476e-01 8.186431623931623991e-02 5.519943019943019703e-03 1.148504273504273587e-02
0.000000000000000000e+00 7.516025641025640969e-01 1.088408119658119677e-01 9.971509971509971357e-03 6.677350427350427046e-03
0.000000000000000000e+00 7.518696581196581130e-01 1.137820512820512803e-01 1.193019943019943060e-02 7.478632478632478951e-03
0.000000000000000000e+00 7.531160968660968180e-01 1.195245726495726551e-01 9.793447293447292770e-03 7.745726495726495964e-03
0.000000000000000000e+00 7.549857549857549310e-01 1.298076923076923184e-01 1.139601139601139658e-02 7.478632478632478951e-03
0.000000000000000000e+00 7.563212250712251228e-01 1.352831196581196493e-01 9.793447293447292770e-03 7.211538461538461939e-03
0.000000000000000000e+00 7.258725071225071712e-01 1.665331196581196493e-01 1.086182336182336255e-02 7.745726495726495964e-03
0.000000000000000000e+00 7.266737891737892197e-01 1.722756410256410242e-01 9.971509971509971357e-03 8.012820512820512109e-03
0.000000000000000000e+00 7.580128205128204844e-01 1.643963675213675202e-01 9.971509971509971357e-03 6.677350427350427046e-03
0.000000000000000000e+00 7.589031339031339085e-01 1.696047008547008628e-01 9.259259259259258745e-03 6.944444444444444059e-03
0.000000000000000000e+00 7.566773504273504036e-01 1.772168803418803507e-01 8.368945868945869282e-03 7.745726495726495964e-03
0.000000000000000000e+00 7.589921652421652842e-01 1.824252136752136655e-01 5.163817663817663398e-03 6.944444444444444059e-03
0.000000000000000000e+00 7.288105413105413488e-01 1.849626068376068466e-01 8.547008547008547868e-03 7.745726495726495964e-03
0.000000000000000000e+00 7.314814814814815103e-01 1.905715811965811857e-01 1.068376068376068397e-02 7.745726495726495964e-03
0.000000000000000000e+00 7.321937321937321830e-01 1.959134615384615363e-01 7.834757834757835257e-03 6.677350427350427046e-03
0.000000000000000000e+00 7.924679487179486781e-01 4.740918803418803229e-02 8.725071225071224720e-03 7.211538461538461939e-03
0.000000000000000000e+00 7.913105413105413488e-01 5.208333333333333565e-02 6.766381766381766340e-03 6.410256410256410034e-03
0.000000000000000000e+00 7.940705128205127750e-01 5.689102564102564014e-02 9.437321937321937332e-03 6.410256410256410034e-03
0.000000000000000000e+00 7.911324786324785974e-01 6.156517094017094349e-02 3.561253561253561323e-03 5.608974358974358997e-03
0.000000000000000000e+00 7.969195156695156879e-01 7.064636752136752018e-02 1.050569800569800538e-02 6.677350427350427046e-03
0.000000000000000000e+00 7.909544159544159569e-01 3.230502136752136932e-01 1.068376068376068397e-02 8.814102564102564014e-03
0.000000000000000000e+00 8.819444444444444198e-01 3.291933760683760646e-01 1.246438746438746463e-02 8.279914529914529989e-03
0.000000000000000000e+00 8.491809116809116986e-01 3.474893162393162260e-01 6.054131054131053728e-03 8.012820512820512109e-03
0.000000000000000000e+00 7.498219373219373596e-01 4.157318376068376287e-01 6.766381766381766340e-03 8.279914529914529989e-03
0.000000000000000000e+00 8.080484330484331013e-01 5.202991452991453381e-01 1.068376068376068397e-02 9.615384615384615918e-03
0.000000000000000000e+00 8.241631054131054457e-01 5.166933760683760646e-01 1.406695156695156670e-02 9.348290598290598039e-03
0.000000000000000000e+00 8.701032763532763337e-01 5.096153846153845812e-01 1.157407407407407343e-02 9.081196581196581893e-03
0.000000000000000000e+00 8.873753561253561184e-01 5.066773504273504036e-01 1.086182336182336255e-02 9.081196581196581893e-03
0.000000000000000000e+00 9.172008547008546619e-01 5.014690170940171443e-01 1.282051282051282007e-02 8.814102564102564014e-03
0.000000000000000000e+00 9.461360398860398924e-01 4.950587606837607013e-01 1.371082621082621127e-02 1.041666666666666609e-02
0.000000000000000000e+00 9.973290598290598385e-01 5.436698717948718063e-01 4.985754985754985678e-03 1.148504273504273587e-02
0.000000000000000000e+00 9.136396011396011874e-01 7.040598290598291120e-01 1.139601139601139658e-02 9.081196581196581893e-03
0.000000000000000000e+00 9.145299145299145005e-01 7.132745726495726135e-01 1.353276353276353268e-02 9.348290598290598039e-03
0.000000000000000000e+00 9.133725071225071712e-01 7.227564102564102422e-01 1.584757834757834910e-02 1.121794871794871799e-02
0.000000000000000000e+00 9.167556980056980054e-01 7.329059829059828557e-01 1.406695156695156670e-02 9.615384615384615918e-03
0.000000000000000000e+00 9.184472934472934780e-01 7.437232905982905651e-01 1.424501424501424529e-02 1.041666666666666609e-02
0.000000000000000000e+00 9.170227920227920215e-01 7.532051282051281937e-01 1.495726495726495790e-02 1.121794871794871799e-02
0.000000000000000000e+00 9.196937321937321830e-01 7.625534188034187588e-01 1.282051282051282007e-02 1.014957264957264994e-02
0.000000000000000000e+00 9.153311965811965489e-01 7.724358974358974672e-01 5.163817663817663398e-03 9.081196581196581893e-03
0.000000000000000000e+00 9.246794871794872250e-01 7.940705128205127750e-01 1.424501424501424529e-02 1.068376068376068397e-02
0.000000000000000000e+00 9.279736467236466835e-01 8.171741452991453381e-01 1.371082621082621127e-02 1.041666666666666609e-02
0.000000000000000000e+00 9.298433048433047965e-01 8.370726495726495964e-01 1.317663817663817724e-02 1.014957264957264994e-02
0.000000000000000000e+00 9.322471509971509418e-01 8.476228632478632896e-01 1.335470085470085409e-02 1.095085470085470011e-02
0.000000000000000000e+00 9.338497150997151497e-01 8.595085470085470636e-01 1.264245014245014322e-02 9.615384615384615918e-03
0.000000000000000000e+00 9.377670940170940161e-01 8.928952991452991927e-01 1.299857549857549865e-02 1.175213675213675202e-02
0.000000000000000000e+00 9.074074074074074403e-01 8.938301282051281937e-01 9.259259259259258745e-03 1.896367521367521222e-02
0.000000000000000000e+00 9.099893162393162260e-01 9.149305555555555802e-01 9.793447293447292770e-03 2.056623931623931603e-02
0.000000000000000000e+00 9.433760683760683552e-01 9.393696581196581130e-01 1.531339031339031334e-02 1.175213675213675202e-02
0.000000000000000000e+00 8.904024216524216717e-01 4.126602564102564014e-02 9.437321937321937332e-03 7.211538461538461939e-03
0.000000000000000000e+00 8.932514245014244736e-01 4.620726495726495964e-02 1.157407407407407343e-02 6.944444444444444059e-03
0.000000000000000000e+00 8.951210826210825866e-01 5.154914529914529642e-02 1.032763532763532680e-02 8.012820512820512109e-03
0.000000000000000000e+00 8.988603988603988126e-01 6.089743589743589619e-02 1.139601139601139658e-02 6.944444444444444059e-03
0.000000000000000000e+00 9.008190883190883014e-01 6.583867521367521569e-02 1.032763532763532680e-02 7.211538461538461939e-03
0.000000000000000000e+00 9.024216524216523982e-01 7.077991452991452825e-02 9.259259259259258745e-03 8.012820512820512109e-03
0.000000000000000000e+00 9.152421652421652842e-01 1.140491452991452964e-01 8.190883190883190695e-03 7.478632478632478951e-03
0.000000000000000000e+00 9.197827635327635587e-01 1.239316239316239354e-01 9.793447293447292770e-03 7.478632478632478951e-03
0.000000000000000000e+00 9.206730769230768718e-01 1.296741452991453103e-01 9.793447293447292770e-03 7.745726495726495964e-03
0.000000000000000000e+00 9.244123931623932089e-01 1.352831196581196493e-01 1.050569800569800538e-02 7.745726495726495964e-03
0.000000000000000000e+00 9.394586894586894887e-01 1.172542735042735040e-01 7.834757834757835257e-03 1.388888888888888812e-02
0.000000000000000000e+00 9.659900284900284628e-01 1.993856837606837740e-01 7.478632478632478951e-03 1.201923076923076990e-02
0.000000000000000000e+00 9.726673789173788665e-01 2.226228632478632341e-01 6.588319088319088621e-03 1.148504273504273587e-02
0.000000000000000000e+00 9.782763532763533165e-01 2.403846153846153910e-01 9.259259259259258745e-03 1.388888888888888812e-02
0.000000000000000000e+00 9.823717948717948234e-01 2.561431623931623713e-01 7.478632478632478951e-03 1.228632478632478604e-02
0.000000000000000000e+00 9.930555555555555802e-01 2.916666666666666852e-01 1.032763532763532680e-02 2.243589743589743599e-02
0.000000000000000000e+00 2.364672364672364691e-01 5.519497863247863068e-01 3.561253561253561323e-03 1.041666666666666609e-02
0.000000000000000000e+00 1.558938746438746359e-01 2.771100427350427498e-01 5.163817663817663398e-03 1.095085470085470011e-02
