0.000000000000000000e+00 7.496438746438746636e-02 1.615918803418803576e-02 4.629629629629629373e-03 7.211538461538461939e-03
0.000000000000000000e+00 8.110754985754985158e-02 1.602564102564102422e-02 4.095441595441595348e-03 6.410256410256410034e-03
0.000000000000000000e+00 1.005163817663817655e-01 7.678952991452991927e-02 1.086182336182336255e-02 7.211538461538461939e-03
0.000000000000000000e+00 1.266915954415954448e-01 6.810897435897435293e-02 1.193019943019943060e-02 8.547008547008547868e-03
0.000000000000000000e+00 1.007834757834757816e-01 8.306623931623931256e-02 1.175213675213675202e-02 8.012820512820512109e-03
0.000000000000000000e+00 1.005163817663817655e-01 8.920940170940171166e-02 1.193019943019943060e-02 9.081196581196581893e-03
0.000000000000000000e+00 9.998219373219373318e-02 1.061698717948717924e-01 1.121794871794871799e-02 8.279914529914529989e-03
0.000000000000000000e+00 1.260683760683760646e-01 1.064369658119658085e-01 1.246438746438746463e-02 9.348290598290598039e-03
0.000000000000000000e+00 1.896367521367521222e-02 1.712072649572649596e-01 6.944444444444444059e-03 1.495726495726495790e-02
0.000000000000000000e+00 1.807336182336182276e-02 1.872329059829059839e-01 5.876068376068376009e-03 1.175213675213675202e-02
0.000000000000000000e+00 1.369301994301994341e-01 1.550480769230769273e-01 1.246438746438746463e-02 9.348290598290598039e-03
0.000000000000000000e+00 1.694266381766381668e-01 1.191239316239316171e-01 1.228632478632478604e-02 1.282051282051282007e-02
0.000000000000000000e+00 2.092236467236467112e-01 8.640491452991452825e-02 6.054131054131053728e-03 1.201923076923076990e-02
0.000000000000000000e+00 2.155448717948718063e-01 8.493589743589743946e-02 5.876068376068376009e-03 1.121794871794871799e-02
0.000000000000000000e+00 2.227564102564102699e-01 8.453525641025641524e-02 7.122507122507122646e-03 1.522435897435897405e-02
0.000000000000000000e+00 2.508903133903133686e-01 7.946047008547008073e-02 6.410256410256410034e-03 1.255341880341880392e-02
0.000000000000000000e+00 2.558760683760683552e-01 1.069711538461538408e-01 5.341880341880341984e-03 1.255341880341880392e-02
0.000000000000000000e+00 2.435007122507122646e-01 1.370192307692307820e-01 5.519943019943019703e-03 1.335470085470085409e-02
0.000000000000000000e+00 3.909366096866097040e-01 1.945779914529914556e-01 6.944444444444444059e-03 1.629273504273504383e-02
0.000000000000000000e+00 5.765669515669515910e-01 1.038995726495726551e-01 1.139601139601139658e-02 9.081196581196581893e-03
0.000000000000000000e+00 6.093304843304843121e-01 1.665331196581196493e-01 1.175213675213675202e-02 1.095085470085470011e-02
0.000000000000000000e+00 7.422542735042735318e-01 1.905715811965811857e-01 6.588319088319088621e-03 1.201923076923076990e-02
0.000000000000000000e+00 7.493767806267805920e-01 1.900373931623931534e-01 5.876068376068376009e-03 1.148504273504273587e-02
0.000000000000000000e+00 7.699430199430199462e-01 1.903044871794871695e-01 6.054131054131053728e-03 1.095085470085470011e-02
0.000000000000000000e+00 7.767094017094017255e-01 1.904380341880341776e-01 6.054131054131053728e-03 1.175213675213675202e-02
0.000000000000000000e+00 7.838319088319087857e-01 1.905715811965811857e-01 6.054131054131053728e-03 1.682692307692307612e-02
0.000000000000000000e+00 7.970975783475783283e-01 1.928418803418803507e-01 6.588319088319088621e-03 1.121794871794871799e-02
0.000000000000000000e+00 8.051994301994301884e-01 1.919070512820512941e-01 5.698005698005698290e-03 1.201923076923076990e-02
0.000000000000000000e+00 8.102742165242164951e-01 2.500000000000000000e-01 9.437321937321937332e-03 1.121794871794871799e-02
0.000000000000000000e+00 8.245192307692307265e-01 2.334401709401709435e-01 9.793447293447292770e-03 1.175213675213675202e-02
0.000000000000000000e+00 8.254095441595441507e-01 1.812232905982905928e-01 5.163817663817663398e-03 9.348290598290598039e-03
0.000000000000000000e+00 8.415242165242164951e-01 1.422275641025640969e-01 6.766381766381766340e-03 1.095085470085470011e-02
0.000000000000000000e+00 8.382300569800569257e-01 1.306089743589743668e-01 1.050569800569800538e-02 9.615384615384615918e-03
0.000000000000000000e+00 8.591524216524216717e-01 7.612179487179486503e-02 7.122507122507122646e-03 1.121794871794871799e-02
0.000000000000000000e+00 2.007656695156695148e-01 2.990117521367521292e-01 6.588319088319088621e-03 1.201923076923076990e-02
0.000000000000000000e+00 2.089565527065526951e-01 2.968750000000000000e-01 6.588319088319088621e-03 1.522435897435897405e-02
0.000000000000000000e+00 2.169693732193732072e-01 2.952724358974359031e-01 7.656695156695156670e-03 1.682692307692307612e-02
0.000000000000000000e+00 2.316595441595441507e-01 2.938034188034188143e-01 6.410256410256410034e-03 1.602564102564102422e-02
0.000000000000000000e+00 2.392272079772079785e-01 2.918002136752136932e-01 5.876068376068376009e-03 1.469017094017094002e-02
0.000000000000000000e+00 2.460826210826210780e-01 2.901976495726495964e-01 6.766381766381766340e-03 1.415598290598290600e-02
0.000000000000000000e+00 3.152599715099715372e-01 2.532051282051281937e-01 1.549145299145299193e-02 9.615384615384615918e-03
0.000000000000000000e+00 3.386752136752136932e-01 2.757745726495726690e-01 7.122507122507122646e-03 1.415598290598290600e-02
0.000000000000000000e+00 4.210292022792022637e-01 2.385149572649572780e-01 1.371082621082621127e-02 8.547008547008547868e-03
0.000000000000000000e+00 4.351851851851851749e-01 2.367788461538461453e-01 1.210826210826210746e-02 8.279914529914529989e-03
0.000000000000000000e+00 4.704415954415954171e-01 2.321047008547008628e-01 1.495726495726495790e-02 9.615384615384615918e-03
0.000000000000000000e+00 4.881588319088319139e-01 2.317040598290598385e-01 1.442307692307692388e-02 1.041666666666666609e-02
0.000000000000000000e+00 5.323183760683760646e-01 2.267628205128205121e-01 1.798433048433048520e-02 1.388888888888888812e-02
0.000000000000000000e+00 8.849715099715099731e-02 5.333867521367521292e-01 7.478632478632478951e-03 1.549145299145299193e-02
0.000000000000000000e+00 8.475783475783475740e-02 5.751869658119658224e-01 7.478632478632478951e-03 1.575854700854700807e-02
0.000000000000000000e+00 2.920227920227920146e-02 6.909722222222222099e-01 8.547008547008547868e-03 1.709401709401709574e-02
0.000000000000000000e+00 3.801638176638176547e-02 6.901709401709401615e-01 8.368945868945869282e-03 1.816239316239316379e-02
0.000000000000000000e+00 4.665242165242165090e-02 6.885683760683760646e-01 7.834757834757835257e-03 2.029914529914529989e-02
0.000000000000000000e+00 7.825854700854700807e-02 9.793002136752136932e-01 1.584757834757834910e-02 1.362179487179487197e-02
0.000000000000000000e+00 7.986111111111110494e-02 9.923878205128204844e-01 1.798433048433048520e-02 1.415598290598290600e-02
0.000000000000000000e+00 1.716524216524216440e-01 3.267895299145299193e-01 5.698005698005698290e-03 1.469017094017094002e-02
0.000000000000000000e+00 1.716524216524216440e-01 3.422809829059829112e-01 5.341880341880341984e-03 1.469017094017094002e-02
0.000000000000000000e+00 2.029024216524216440e-01 4.349626068376068466e-01 8.012820512820512109e-03 1.308760683760683795e-02
0.000000000000000000e+00 2.108262108262108359e-01 4.344284188034188143e-01 6.766381766381766340e-03 1.575854700854700807e-02
0.000000000000000000e+00 2.187500000000000000e-01 4.334935897435897578e-01 6.944444444444444059e-03 1.442307692307692388e-02
0.000000000000000000e+00 2.258725071225071157e-01 4.334935897435897578e-01 6.944444444444444059e-03 1.602564102564102422e-02
0.000000000000000000e+00 2.335292022792022915e-01 4.318910256410256610e-01 7.300569800569800365e-03 1.442307692307692388e-02
0.000000000000000000e+00 2.409188034188034233e-01 4.332264957264957417e-01 6.410256410256410034e-03 1.282051282051282007e-02
0.000000000000000000e+00 2.596153846153846367e-01 4.025106837606837740e-01 7.478632478632478951e-03 1.655982905982905998e-02
0.000000000000000000e+00 2.508012820512820484e-01 5.659722222222222099e-01 1.620370370370370280e-02 1.121794871794871799e-02
0.000000000000000000e+00 2.523148148148148251e-01 5.759882478632478708e-01 1.424501424501424529e-02 1.041666666666666609e-02
0.000000000000000000e+00 2.486645299145299193e-01 6.041666666666666297e-01 1.513532763532763475e-02 1.121794871794871799e-02
0.000000000000000000e+00 2.840099715099715372e-01 6.266025641025640969e-01 7.122507122507122646e-03 1.655982905982905998e-02
0.000000000000000000e+00 3.242521367521367659e-01 7.434561965811965489e-01 8.547008547008547868e-03 2.270299145299145213e-02
0.000000000000000000e+00 2.999465811965811857e-01 7.958066239316239354e-01 6.944444444444444059e-03 1.789529914529914417e-02
0.000000000000000000e+00 2.991452991452991372e-01 8.215811965811965489e-01 7.478632478632478951e-03 1.335470085470085409e-02
0.000000000000000000e+00 2.791132478632478708e-01 8.699252136752136932e-01 1.834045584045583890e-02 1.655982905982905998e-02
0.000000000000000000e+00 3.012820512820512664e-01 9.618055555555555802e-01 9.615384615384615918e-03 2.190170940170940023e-02
0.000000000000000000e+00 2.806267806267806475e-01 9.925213675213675479e-01 1.673789173789173856e-02 1.014957264957264994e-02
0.000000000000000000e+00 2.552528490028490027e-01 9.966613247863247427e-01 1.371082621082621127e-02 6.143162393162393022e-03
0.000000000000000000e+00 2.356659544159544206e-01 9.979967948717948234e-01 1.371082621082621127e-02 3.472222222222222029e-03
0.000000000000000000e+00 2.979878917378917524e-01 5.017361111111111605e-01 6.588319088319088621e-03 1.522435897435897405e-02
0.000000000000000000e+00 3.057336182336182206e-01 5.017361111111111605e-01 7.834757834757835257e-03 1.736111111111111188e-02
0.000000000000000000e+00 3.145477207977208089e-01 4.998664529914529919e-01 7.300569800569800365e-03 1.575854700854700807e-02
0.000000000000000000e+00 3.301282051282051211e-01 4.983974358974359031e-01 7.834757834757835257e-03 1.709401709401709574e-02
0.000000000000000000e+00 3.383190883190883014e-01 4.965277777777777901e-01 6.766381766381766340e-03 1.549145299145299193e-02
0.000000000000000000e+00 3.804309116809116986e-01 4.974626068376068466e-01 7.656695156695156670e-03 1.522435897435897405e-02
0.000000000000000000e+00 3.882656695156695426e-01 4.969284188034188143e-01 6.588319088319088621e-03 1.362179487179487197e-02
0.000000000000000000e+00 3.993945868945869004e-01 4.969284188034188143e-01 8.547008547008547868e-03 2.003205128205128374e-02
0.000000000000000000e+00 4.075854700854700807e-01 4.947916666666666852e-01 6.410256410256410034e-03 1.362179487179487197e-02
0.000000000000000000e+00 3.850605413105412933e-01 5.447382478632478708e-01 7.300569800569800365e-03 1.736111111111111188e-02
0.000000000000000000e+00 3.930733618233618332e-01 5.439369658119658224e-01 6.944444444444444059e-03 1.629273504273504383e-02
0.000000000000000000e+00 4.120370370370370350e-01 5.412660256410256610e-01 6.410256410256410034e-03 1.629273504273504383e-02
0.000000000000000000e+00 4.201388888888888951e-01 5.379273504273504036e-01 7.300569800569800365e-03 1.762820512820512803e-02
0.000000000000000000e+00 4.278846153846153633e-01 5.360576923076922906e-01 6.410256410256410034e-03 1.709401709401709574e-02
0.000000000000000000e+00 4.361645299145299193e-01 5.340544871794872250e-01 6.944444444444444059e-03 1.789529914529914417e-02
0.000000000000000000e+00 4.131054131054130996e-01 5.782585470085470636e-01 6.766381766381766340e-03 1.602564102564102422e-02
0.000000000000000000e+00 3.855947293447293256e-01 6.785523504273504036e-01 1.549145299145299193e-02 1.148504273504273587e-02
0.000000000000000000e+00 3.854166666666666852e-01 6.995192307692307265e-01 1.477920227920227932e-02 1.228632478632478604e-02
0.000000000000000000e+00 3.910256410256410242e-01 7.321047008547008073e-01 7.478632478632478951e-03 2.190170940170940023e-02
0.000000000000000000e+00 4.167556980056980054e-01 4.521901709401709435e-01 6.588319088319088621e-03 1.442307692307692388e-02
0.000000000000000000e+00 4.328703703703703498e-01 4.485844017094017255e-01 6.766381766381766340e-03 7.745726495726495964e-03
0.000000000000000000e+00 4.314458689458689489e-01 4.230769230769230727e-01 7.122507122507122646e-03 1.762820512820512803e-02
0.000000000000000000e+00 4.140847578347578439e-01 4.107905982905982745e-01 5.876068376068376009e-03 1.228632478632478604e-02
0.000000000000000000e+00 4.131054131054130996e-01 3.955662393162392987e-01 6.410256410256410034e-03 1.549145299145299193e-02
0.000000000000000000e+00 4.509437321937321830e-01 7.309027777777777901e-01 8.368945868945869282e-03 1.949786324786324798e-02
0.000000000000000000e+00 4.610933048433048520e-01 7.284989316239316448e-01 7.656695156695156670e-03 1.682692307692307612e-02
0.000000000000000000e+00 4.325142450142450135e-01 7.708333333333333703e-01 1.388888888888888812e-02 1.228632478632478604e-02
0.000000000000000000e+00 4.350961538461538547e-01 7.811164529914529364e-01 1.620370370370370280e-02 1.308760683760683795e-02
0.000000000000000000e+00 4.350961538461538547e-01 7.920673076923077094e-01 1.584757834757834910e-02 1.201923076923076990e-02
0.000000000000000000e+00 4.359864672364672233e-01 8.027510683760683552e-01 1.727207977207977085e-02 1.255341880341880392e-02
0.000000000000000000e+00 4.354522792022791911e-01 8.134348290598291120e-01 1.655982905982905998e-02 1.201923076923076990e-02
0.000000000000000000e+00 4.366096866096866314e-01 8.247863247863247427e-01 1.531339031339031334e-02 1.175213675213675202e-02
0.000000000000000000e+00 4.374109686609686798e-01 8.356036324786324521e-01 1.513532763532763475e-02 1.255341880341880392e-02
0.000000000000000000e+00 4.368767806267806475e-01 8.481570512820513219e-01 1.299857549857549865e-02 1.255341880341880392e-02
0.000000000000000000e+00 4.391915954415954171e-01 8.595085470085470636e-01 1.798433048433048520e-02 1.228632478632478604e-02
0.000000000000000000e+00 4.403490028490028574e-01 8.704594017094017255e-01 1.388888888888888812e-02 1.228632478632478604e-02
0.000000000000000000e+00 4.407051282051281937e-01 8.822115384615384359e-01 1.566951566951567051e-02 1.282051282051282007e-02
0.000000000000000000e+00 4.426638176638176825e-01 8.940972222222222099e-01 1.958689458689458554e-02 1.415598290598290600e-02
0.000000000000000000e+00 4.701745014245014009e-01 8.660523504273504036e-01 8.012820512820512109e-03 2.110042735042735179e-02
0.000000000000000000e+00 4.739138176638176825e-01 9.204059829059828557e-01 7.300569800569800365e-03 1.923076923076923184e-02
0.000000000000000000e+00 4.929665242165242045e-01 9.174679487179486781e-01 8.368945868945869282e-03 2.190170940170940023e-02
0.000000000000000000e+00 5.125534188034187588e-01 9.122596153846154188e-01 9.081196581196581893e-03 2.377136752136752018e-02
0.000000000000000000e+00 5.225249287749287319e-01 9.147970085470085166e-01 8.368945868945869282e-03 1.976495726495726413e-02
0.000000000000000000e+00 5.314280626780626404e-01 9.119925213675214026e-01 7.656695156695156670e-03 1.842948717948717993e-02
0.000000000000000000e+00 5.542200854700854995e-01 9.026442307692307265e-01 8.012820512820512109e-03 2.163461538461538408e-02
0.000000000000000000e+00 5.101495726495726135e-01 8.631143162393162260e-01 8.190883190883190695e-03 2.216880341880341984e-02
0.000000000000000000e+00 5.379273504273504036e-01 8.568376068376067911e-01 8.547008547008547868e-03 1.816239316239316379e-02
0.000000000000000000e+00 5.262642450142450690e-01 8.346688034188034511e-01 8.012820512820512109e-03 1.976495726495726413e-02
0.000000000000000000e+00 5.100605413105413488e-01 7.698985042735042583e-01 7.300569800569800365e-03 1.736111111111111188e-02
0.000000000000000000e+00 5.598290598290598385e-01 7.664262820512820484e-01 1.531339031339031334e-02 1.308760683760683795e-02
0.000000000000000000e+00 5.839565527065526673e-01 3.587072649572649596e-01 6.944444444444444059e-03 1.495726495726495790e-02
0.000000000000000000e+00 6.061253561253561184e-01 3.601762820512820484e-01 7.122507122507122646e-03 1.415598290598290600e-02
0.000000000000000000e+00 6.096866096866097040e-01 3.969017094017093794e-01 6.054131054131053728e-03 1.495726495726495790e-02
0.000000000000000000e+00 5.876068376068376287e-01 4.719551282051281937e-01 6.054131054131053728e-03 1.655982905982905998e-02
0.000000000000000000e+00 6.264245014245014564e-01 5.558226495726495964e-01 1.353276353276353268e-02 1.335470085470085409e-02
0.000000000000000000e+00 7.090455840455840431e-01 5.311164529914529364e-01 1.388888888888888812e-02 1.148504273504273587e-02
0.000000000000000000e+00 6.047008547008546619e-01 7.362446581196581130e-01 7.122507122507122646e-03 1.789529914529914417e-02
0.000000000000000000e+00 6.064814814814815103e-01 7.865918803418803229e-01 7.122507122507122646e-03 1.923076923076923184e-02
0.000000000000000000e+00 6.120014245014244736e-01 8.782051282051281937e-01 9.259259259259258745e-03 2.724358974358974395e-02
0.000000000000000000e+00 6.135149572649573058e-01 9.062500000000000000e-01 8.368945868945869282e-03 2.190170940170940023e-02
0.000000000000000000e+00 7.518696581196581130e-01 8.958333333333333703e-01 6.944444444444444059e-03 6.944444444444444059e-03
0.000000000000000000e+00 7.876602564102563875e-01 8.912927350427350959e-01 7.656695156695156670e-03 1.121794871794871799e-02
0.000000000000000000e+00 7.171474358974359031e-01 8.302617521367521292e-01 8.012820512820512109e-03 1.896367521367521222e-02
0.000000000000000000e+00 7.194622507122506727e-01 8.522970085470085166e-01 8.725071225071224720e-03 1.816239316239316379e-02
0.000000000000000000e+00 7.269408831908832358e-01 8.306623931623932089e-01 8.012820512820512109e-03 1.923076923076923184e-02
0.000000000000000000e+00 7.297008547008546619e-01 8.509615384615384359e-01 8.190883190883190695e-03 1.869658119658119608e-02
0.000000000000000000e+00 7.365562678062678170e-01 8.305288461538461453e-01 9.081196581196581893e-03 2.163461538461538408e-02
0.000000000000000000e+00 7.388710826210825866e-01 8.528311965811965489e-01 9.081196581196581893e-03 2.083333333333333218e-02
0.000000000000000000e+00 7.461716524216523982e-01 8.281250000000000000e-01 8.012820512820512109e-03 1.896367521367521222e-02
0.000000000000000000e+00 7.483974358974359031e-01 8.509615384615384359e-01 9.259259259259258745e-03 1.655982905982905998e-02
0.000000000000000000e+00 7.562321937321937471e-01 8.285256410256410797e-01 8.547008547008547868e-03 1.976495726495726413e-02
0.000000000000000000e+00 7.735042735042735318e-01 8.274572649572649041e-01 8.547008547008547868e-03 1.869658119658119608e-02
0.000000000000000000e+00 6.814458689458688934e-01 7.971420940170940161e-01 1.282051282051282007e-02 1.308760683760683795e-02
0.000000000000000000e+00 7.114494301994301884e-01 7.784455128205127750e-01 9.793447293447292770e-03 1.789529914529914417e-02
0.000000000000000000e+00 7.286324786324785974e-01 7.573450854700854995e-01 9.259259259259258745e-03 2.163461538461538408e-02
0.000000000000000000e+00 7.218660968660968180e-01 7.801816239316239354e-01 8.547008547008547868e-03 2.136752136752136794e-02
0.000000000000000000e+00 7.305021367521367104e-01 7.807158119658119677e-01 8.012820512820512109e-03 1.976495726495726413e-02
0.000000000000000000e+00 7.486645299145299193e-01 7.795138888888888395e-01 8.368945868945869282e-03 1.949786324786324798e-02
0.000000000000000000e+00 7.669159544159543929e-01 7.777777777777777901e-01 8.903133903133903307e-03 2.029914529914529989e-02
0.000000000000000000e+00 7.216880341880341776e-01 7.094017094017094349e-01 8.903133903133903307e-03 1.976495726495726413e-02
0.000000000000000000e+00 7.312143874643874941e-01 7.091346153846154188e-01 8.368945868945869282e-03 1.709401709401709574e-02
0.000000000000000000e+00 7.286324786324785974e-01 6.897702991452991927e-01 7.834757834757835257e-03 1.949786324786324798e-02
0.000000000000000000e+00 7.468839031339031820e-01 6.901709401709401615e-01 8.368945868945869282e-03 1.923076923076923184e-02
0.000000000000000000e+00 7.498219373219373596e-01 7.094017094017094349e-01 7.478632478632478951e-03 1.655982905982905998e-02
0.000000000000000000e+00 7.368233618233618332e-01 6.350160256410256610e-01 8.547008547008547868e-03 1.896367521367521222e-02
0.000000000000000000e+00 7.474180911680912143e-01 6.356837606837606458e-01 9.437321937321937332e-03 1.923076923076923184e-02
0.000000000000000000e+00 9.934116809116808611e-01 3.681891025641025883e-01 8.547008547008547868e-03 1.629273504273504383e-02
0.000000000000000000e+00 8.713497150997151497e-01 5.928151709401708880e-01 6.944444444444444059e-03 1.575854700854700807e-02
0.000000000000000000e+00 8.849715099715099731e-01 5.491452991452991927e-01 1.424501424501424529e-02 1.282051282051282007e-02
0.000000000000000000e+00 8.951210826210825866e-01 5.682425213675214026e-01 1.246438746438746463e-02 1.255341880341880392e-02
0.000000000000000000e+00 8.988603988603988126e-01 5.743856837606837740e-01 1.175213675213675202e-02 1.308760683760683795e-02
0.000000000000000000e+00 9.192485754985755264e-01 6.104433760683760646e-01 1.228632478632478604e-02 1.308760683760683795e-02
0.000000000000000000e+00 9.441773504273504036e-01 6.609241452991453381e-01 1.406695156695156670e-02 1.415598290598290600e-02
0.000000000000000000e+00 9.502314814814815103e-01 6.718750000000000000e-01 1.299857549857549865e-02 1.308760683760683795e-02
0.000000000000000000e+00 9.556623931623932089e-01 6.810897435897436125e-01 1.317663817663817724e-02 1.388888888888888812e-02
0.000000000000000000e+00 9.665242165242164951e-01 6.983173076923077094e-01 1.282051282051282007e-02 1.308760683760683795e-02
0.000000000000000000e+00 9.715099715099715372e-01 7.071314102564102422e-01 1.424501424501424529e-02 1.415598290598290600e-02
0.000000000000000000e+00 9.761396011396011874e-01 7.160790598290598385e-01 1.388888888888888812e-02 1.495726495726495790e-02
0.000000000000000000e+00 9.866452991452991927e-01 7.371794871794872250e-01 1.424501424501424529e-02 1.602564102564102422e-02
0.000000000000000000e+00 8.998397435897436125e-01 7.865918803418803229e-01 1.299857549857549865e-02 1.549145299145299193e-02
0.000000000000000000e+00 9.153311965811965489e-01 8.179754273504273865e-01 1.620370370370370280e-02 1.682692307692307612e-02
0.000000000000000000e+00 9.200498575498575748e-01 8.278579059829059839e-01 1.460113960113960073e-02 1.629273504273504383e-02
0.000000000000000000e+00 9.295762108262107803e-01 8.532318376068376287e-01 7.656695156695156670e-03 1.308760683760683795e-02
0.000000000000000000e+00 9.540598290598291120e-01 8.979700854700854995e-01 1.566951566951567051e-02 1.549145299145299193e-02
0.000000000000000000e+00 9.602029914529914834e-01 9.090544871794872250e-01 1.406695156695156670e-02 1.575854700854700807e-02
0.000000000000000000e+00 9.667022792022792466e-01 9.201388888888888395e-01 1.424501424501424529e-02 1.602564102564102422e-02
0.000000000000000000e+00 9.729344729344728826e-01 9.336271367521367104e-01 1.602564102564102422e-02 1.575854700854700807e-02
