0.000000000000000000e+00 9.909188034188033678e-02 4.794337606837607152e-02 3.383190883190883170e-03 5.608974358974358997e-03
0.000000000000000000e+00 8.288817663817664438e-02 6.757478632478632063e-02 4.807692307692307959e-03 1.121794871794871799e-02
0.000000000000000000e+00 8.253205128205128027e-02 8.159722222222222376e-02 4.451566951566951653e-03 1.148504273504273587e-02
0.000000000000000000e+00 8.253205128205128027e-02 9.241452991452991927e-02 3.739316239316239476e-03 1.014957264957264994e-02
0.000000000000000000e+00 8.262108262108261436e-02 1.018963675213675202e-01 4.273504273504273934e-03 7.211538461538461939e-03
0.000000000000000000e+00 1.931980056980056940e-02 1.952457264957264960e-01 1.086182336182336255e-02 7.478632478632478951e-03
0.000000000000000000e+00 1.780626780626780661e-02 2.011217948717948789e-01 1.139601139601139658e-02 8.012820512820512109e-03
0.000000000000000000e+00 7.754629629629629373e-02 3.023504273504273310e-01 6.944444444444444059e-03 1.175213675213675202e-02
0.000000000000000000e+00 4.220085470085470358e-02 5.228365384615384359e-01 1.103988603988603941e-02 1.362179487179487197e-02
0.000000000000000000e+00 7.719017094017094349e-02 6.192574786324785974e-01 6.232193732193732315e-03 1.362179487179487197e-02
0.000000000000000000e+00 4.994658119658119955e-02 6.704059829059828557e-01 1.264245014245014322e-02 1.121794871794871799e-02
0.000000000000000000e+00 2.110042735042735179e-02 7.570779914529914834e-01 5.163817663817663398e-03 1.308760683760683795e-02
0.000000000000000000e+00 5.012464387464387466e-02 7.892628205128204844e-01 1.121794871794871799e-02 1.121794871794871799e-02
0.000000000000000000e+00 1.860754985754985852e-02 7.912660256410256610e-01 1.264245014245014322e-02 1.041666666666666609e-02
0.000000000000000000e+00 1.691595441595441715e-02 8.129006410256410797e-01 1.353276353276353268e-02 1.041666666666666609e-02
0.000000000000000000e+00 4.905626780626780314e-02 8.157051282051281937e-01 1.371082621082621127e-02 1.335470085470085409e-02
0.000000000000000000e+00 4.905626780626780314e-02 8.549679487179486781e-01 1.228632478632478604e-02 1.388888888888888812e-02
0.000000000000000000e+00 1.290954415954415936e-02 8.581730769230768718e-01 1.157407407407407343e-02 1.121794871794871799e-02
0.000000000000000000e+00 4.816595441595441368e-02 8.747329059829059839e-01 1.086182336182336255e-02 1.228632478632478604e-02
0.000000000000000000e+00 4.807692307692307959e-02 8.946314102564102422e-01 9.615384615384615918e-03 1.201923076923076990e-02
0.000000000000000000e+00 4.558404558404558632e-02 9.158653846153845812e-01 8.190883190883190695e-03 1.068376068376068397e-02
0.000000000000000000e+00 4.558404558404558632e-02 9.261485042735042583e-01 8.190883190883190695e-03 1.095085470085470011e-02
0.000000000000000000e+00 4.513888888888888812e-02 9.360309829059828557e-01 7.656695156695156670e-03 1.095085470085470011e-02
0.000000000000000000e+00 4.309116809116809305e-02 9.467147435897436125e-01 4.985754985754985678e-03 9.348290598290598039e-03
0.000000000000000000e+00 4.291310541310541099e-02 9.567307692307692735e-01 3.917378917378917629e-03 1.121794871794871799e-02
0.000000000000000000e+00 7.211538461538461939e-03 9.565972222222222099e-01 1.371082621082621127e-02 1.148504273504273587e-02
0.000000000000000000e+00 5.787037037037036716e-03 9.760950854700854995e-01 1.086182336182336255e-02 1.308760683760683795e-02
0.000000000000000000e+00 3.650284900284900269e-02 9.913194444444444198e-01 6.054131054131053728e-03 1.148504273504273587e-02
0.000000000000000000e+00 6.677350427350427046e-03 9.954594017094017255e-01 1.228632478632478604e-02 8.547008547008547868e-03
0.000000000000000000e+00 2.187500000000000000e-01 7.345085470085470011e-03 8.725071225071224720e-03 6.677350427350427046e-03
0.000000000000000000e+00 2.187500000000000000e-01 1.602564102564102422e-02 8.725071225071224720e-03 6.410256410256410034e-03
0.000000000000000000e+00 2.185719373219373318e-01 2.163461538461538408e-02 9.437321937321937332e-03 6.944444444444444059e-03
0.000000000000000000e+00 2.112713675213675202e-01 5.542200854700854440e-02 5.163817663817663398e-03 1.308760683760683795e-02
0.000000000000000000e+00 2.112713675213675202e-01 6.770833333333332871e-02 4.807692307692307959e-03 1.041666666666666609e-02
0.000000000000000000e+00 2.104700854700854717e-01 7.759081196581196771e-02 3.917378917378917629e-03 8.814102564102564014e-03
0.000000000000000000e+00 2.204415954415954448e-01 1.006944444444444475e-01 6.766381766381766340e-03 3.739316239316239476e-03
0.000000000000000000e+00 2.680733618233618332e-01 8.774038461538460898e-02 5.876068376068376009e-03 1.255341880341880392e-02
0.000000000000000000e+00 2.936253561253561184e-01 9.762286324786324798e-02 8.903133903133903307e-03 5.608974358974358997e-03
0.000000000000000000e+00 3.054665242165242045e-01 9.829059829059828834e-02 8.725071225071224720e-03 6.944444444444444059e-03
0.000000000000000000e+00 3.319088319088319139e-01 1.115117521367521430e-01 1.103988603988603941e-02 8.279914529914529989e-03
0.000000000000000000e+00 3.092948717948718063e-01 1.163194444444444475e-01 9.259259259259258745e-03 6.143162393162393022e-03
0.000000000000000000e+00 3.097400284900284628e-01 1.208600427350427359e-01 1.014957264957264994e-02 5.608974358974358997e-03
0.000000000000000000e+00 3.099180911680911588e-01 1.268696581196581130e-01 1.121794871794871799e-02 1.014957264957264994e-02
0.000000000000000000e+00 3.084935897435897578e-01 1.451655982905983022e-01 1.121794871794871799e-02 7.745726495726495964e-03
0.000000000000000000e+00 3.316417378917378977e-01 1.518429487179487059e-01 1.086182336182336255e-02 7.745726495726495964e-03
0.000000000000000000e+00 2.232905982905983022e-01 1.945779914529914556e-01 1.139601139601139658e-02 7.745726495726495964e-03
0.000000000000000000e+00 2.234686609686609704e-01 2.004540598290598385e-01 9.615384615384615918e-03 7.745726495726495964e-03
0.000000000000000000e+00 2.218660968660968735e-01 2.238247863247863345e-01 1.139601139601139658e-02 9.615384615384615918e-03
0.000000000000000000e+00 2.203525641025640969e-01 2.301014957264957139e-01 8.725071225071224720e-03 7.745726495726495964e-03
0.000000000000000000e+00 2.204415954415954448e-01 2.362446581196581130e-01 9.259259259259258745e-03 7.211538461538461939e-03
0.000000000000000000e+00 2.509793447293447444e-01 1.993856837606837740e-01 9.793447293447292770e-03 8.279914529914529989e-03
0.000000000000000000e+00 2.478632478632478708e-01 2.231570512820512941e-01 1.032763532763532680e-02 1.041666666666666609e-02
0.000000000000000000e+00 2.483084045584045552e-01 2.421207264957264960e-01 1.014957264957264994e-02 8.279914529914529989e-03
0.000000000000000000e+00 2.613069800569800538e-01 2.353098290598290565e-01 9.793447293447292770e-03 8.012820512820512109e-03
0.000000000000000000e+00 2.607727920227920215e-01 2.413194444444444475e-01 1.121794871794871799e-02 9.348290598290598039e-03
0.000000000000000000e+00 2.402065527065526951e-01 1.826923076923076816e-01 5.698005698005698290e-03 1.228632478632478604e-02
0.000000000000000000e+00 2.462606837606837740e-01 1.818910256410256332e-01 5.341880341880341984e-03 1.068376068376068397e-02
0.000000000000000000e+00 2.523148148148148251e-01 1.813568376068376009e-01 5.698005698005698290e-03 1.014957264957264994e-02
0.000000000000000000e+00 2.582799145299145560e-01 1.809561965811965767e-01 5.519943019943019703e-03 1.148504273504273587e-02
0.000000000000000000e+00 2.643340455840456071e-01 1.797542735042735040e-01 5.163817663817663398e-03 9.081196581196581893e-03
0.000000000000000000e+00 2.711894586894587067e-01 1.801549145299145283e-01 4.985754985754985678e-03 1.041666666666666609e-02
0.000000000000000000e+00 2.766203703703703498e-01 1.801549145299145283e-01 4.451566951566951653e-03 9.348290598290598039e-03
0.000000000000000000e+00 2.831196581196581130e-01 1.797542735042735040e-01 5.341880341880341984e-03 1.175213675213675202e-02
0.000000000000000000e+00 2.888176638176638278e-01 1.804220085470085444e-01 4.985754985754985678e-03 1.148504273504273587e-02
0.000000000000000000e+00 2.947827635327635587e-01 1.798878205128205121e-01 5.519943019943019703e-03 1.041666666666666609e-02
0.000000000000000000e+00 3.010149572649572502e-01 1.800213675213675202e-01 5.519943019943019703e-03 1.175213675213675202e-02
0.000000000000000000e+00 3.070690883190883014e-01 1.786858974358974395e-01 5.519943019943019703e-03 1.014957264957264994e-02
0.000000000000000000e+00 2.995904558404558493e-01 2.276976495726495686e-01 1.014957264957264994e-02 7.211538461538461939e-03
0.000000000000000000e+00 3.278133903133902960e-01 1.908386752136752018e-01 1.032763532763532680e-02 8.279914529914529989e-03
0.000000000000000000e+00 3.282585470085470081e-01 1.972489316239316171e-01 8.725071225071224720e-03 8.279914529914529989e-03
0.000000000000000000e+00 3.655626780626780592e-01 2.654914529914529919e-01 5.698005698005698290e-03 1.175213675213675202e-02
0.000000000000000000e+00 3.731303418803418870e-01 2.649572649572649596e-01 5.876068376068376009e-03 1.442307692307692388e-02
0.000000000000000000e+00 3.721509971509971426e-01 2.789797008547008628e-01 4.985754985754985678e-03 1.095085470085470011e-02
0.000000000000000000e+00 2.275641025641025605e-01 3.653846153846153633e-01 1.032763532763532680e-02 9.081196581196581893e-03
0.000000000000000000e+00 2.400284900284900269e-01 3.667200854700854440e-01 9.971509971509971357e-03 8.012820512820512109e-03
0.000000000000000000e+00 2.270299145299145283e-01 3.739316239316239354e-01 1.068376068376068397e-02 7.478632478632478951e-03
0.000000000000000000e+00 2.386930199430199462e-01 3.743322649572649596e-01 1.014957264957264994e-02 8.279914529914529989e-03
0.000000000000000000e+00 2.248931623931623991e-01 3.784722222222222099e-01 1.139601139601139658e-02 4.807692307692307959e-03
0.000000000000000000e+00 2.630876068376068466e-01 3.417467948717948789e-01 6.588319088319088621e-03 1.362179487179487197e-02
0.000000000000000000e+00 2.709223646723646906e-01 3.677884615384615641e-01 1.086182336182336255e-02 7.478632478632478951e-03
0.000000000000000000e+00 2.686965811965811857e-01 3.744658119658119677e-01 1.139601139601139658e-02 8.012820512820512109e-03
0.000000000000000000e+00 2.685185185185185452e-01 3.815438034188033956e-01 8.547008547008547868e-03 8.279914529914529989e-03
0.000000000000000000e+00 2.812500000000000000e-01 3.819444444444444198e-01 1.157407407407407343e-02 7.478632478632478951e-03
0.000000000000000000e+00 3.116096866096866314e-01 3.820779914529914278e-01 1.103988603988603941e-02 9.882478632478632063e-03
0.000000000000000000e+00 3.239850427350427498e-01 3.903579059829059839e-01 1.157407407407407343e-02 9.348290598290598039e-03
0.000000000000000000e+00 3.116987179487179516e-01 3.902243589743589758e-01 1.050569800569800538e-02 8.547008547008547868e-03
0.000000000000000000e+00 3.096509971509971426e-01 4.049145299145299193e-01 9.971509971509971357e-03 9.081196581196581893e-03
0.000000000000000000e+00 3.222934472934472772e-01 4.053151709401709435e-01 1.139601139601139658e-02 8.279914529914529989e-03
0.000000000000000000e+00 3.588853276353276556e-01 4.037126068376068466e-01 1.193019943019943060e-02 8.279914529914529989e-03
0.000000000000000000e+00 2.605947293447293256e-01 6.022970085470085166e-01 6.588319088319088621e-03 6.410256410256410034e-03
0.000000000000000000e+00 2.762642450142450135e-01 5.969551282051281937e-01 6.232193732193732315e-03 5.876068376068376009e-03
0.000000000000000000e+00 2.895299145299145560e-01 5.921474358974359031e-01 6.054131054131053728e-03 6.944444444444444059e-03
0.000000000000000000e+00 3.038639601139601076e-01 5.862713675213675479e-01 5.876068376068376009e-03 8.547008547008547868e-03
0.000000000000000000e+00 3.110754985754985991e-01 5.836004273504273865e-01 6.410256410256410034e-03 9.081196581196581893e-03
0.000000000000000000e+00 3.185541310541310511e-01 5.802617521367521292e-01 6.410256410256410034e-03 8.279914529914529989e-03
0.000000000000000000e+00 3.581730769230769273e-01 5.670405982905982745e-01 5.876068376068376009e-03 7.478632478632478951e-03
0.000000000000000000e+00 3.866631054131053902e-01 5.560897435897436125e-01 4.807692307692307959e-03 8.547008547008547868e-03
0.000000000000000000e+00 3.774928774928774655e-01 5.260416666666666297e-01 1.424501424501424529e-02 1.255341880341880392e-02
0.000000000000000000e+00 3.615562678062678170e-01 6.601228632478632896e-01 9.793447293447292770e-03 1.522435897435897405e-02
0.000000000000000000e+00 3.818554131054130996e-01 6.531784188034187588e-01 1.157407407407407343e-02 1.629273504273504383e-02
0.000000000000000000e+00 3.022613960113960108e-01 6.812232905982905651e-01 9.437321937321937332e-03 9.882478632478632063e-03
0.000000000000000000e+00 2.616631054131053902e-01 7.009882478632478708e-01 8.368945868945869282e-03 1.148504273504273587e-02
0.000000000000000000e+00 2.532051282051281937e-01 7.019230769230768718e-01 1.068376068376068397e-02 1.602564102564102422e-02
0.000000000000000000e+00 2.609508547008547175e-01 7.295673076923077094e-01 2.047720797720797847e-02 2.590811965811965975e-02
0.000000000000000000e+00 1.878561253561253641e-01 7.622863247863247427e-01 8.903133903133903307e-03 1.976495726495726413e-02
0.000000000000000000e+00 2.029914529914529919e-01 8.158386752136752573e-01 1.460113960113960073e-02 1.041666666666666609e-02
0.000000000000000000e+00 2.198183760683760646e-01 8.318643162393162260e-01 9.793447293447292770e-03 2.003205128205128374e-02
0.000000000000000000e+00 2.010327635327635309e-01 8.344017094017094349e-01 1.602564102564102422e-02 1.121794871794871799e-02
0.000000000000000000e+00 2.002314814814814825e-01 8.448183760683760646e-01 1.264245014245014322e-02 1.014957264957264994e-02
0.000000000000000000e+00 1.965811965811965767e-01 8.733974358974359031e-01 1.638176638176638139e-02 1.175213675213675202e-02
0.000000000000000000e+00 1.960470085470085444e-01 8.842147435897436125e-01 1.282051282051282007e-02 1.041666666666666609e-02
0.000000000000000000e+00 1.949786324786324798e-01 8.951655982905982745e-01 1.139601139601139658e-02 1.041666666666666609e-02
0.000000000000000000e+00 2.113603988603988681e-01 9.033119658119658224e-01 7.834757834757835257e-03 2.190170940170940023e-02
0.000000000000000000e+00 1.920405982905983022e-01 9.155982905982905651e-01 1.371082621082621127e-02 1.121794871794871799e-02
0.000000000000000000e+00 1.895477207977208089e-01 9.258814102564102422e-01 1.264245014245014322e-02 1.148504273504273587e-02
0.000000000000000000e+00 1.883903133903133964e-01 9.366987179487179516e-01 1.388888888888888812e-02 1.121794871794871799e-02
0.000000000000000000e+00 2.092236467236467112e-01 9.551282051282051766e-01 6.766381766381766340e-03 1.762820512820512803e-02
0.000000000000000000e+00 1.871438746438746359e-01 9.590010683760683552e-01 1.495726495726495790e-02 1.148504273504273587e-02
0.000000000000000000e+00 2.085113960113960108e-01 9.829059829059828557e-01 7.478632478632478951e-03 1.976495726495726413e-02
0.000000000000000000e+00 1.836716524216524260e-01 9.909188034188034511e-01 1.584757834757834910e-02 1.175213675213675202e-02
0.000000000000000000e+00 3.496260683760683552e-01 1.461004273504273587e-01 5.163817663817663398e-03 1.175213675213675202e-02
0.000000000000000000e+00 3.617343304843304574e-01 1.461004273504273587e-01 5.519943019943019703e-03 1.228632478632478604e-02
0.000000000000000000e+00 4.004629629629629650e-01 8.333333333333332871e-02 8.190883190883190695e-03 7.478632478632478951e-03
0.000000000000000000e+00 4.160434472934472772e-01 6.169871794871795156e-02 4.807692307692307959e-03 1.068376068376068397e-02
0.000000000000000000e+00 4.329594017094017255e-01 5.996260683760683968e-02 4.451566951566951653e-03 7.745726495726495964e-03
0.000000000000000000e+00 4.786324786324786529e-01 8.827457264957265515e-02 9.615384615384615918e-03 7.745726495726495964e-03
0.000000000000000000e+00 4.781873219373219408e-01 9.361645299145299193e-02 1.121794871794871799e-02 7.745726495726495964e-03
0.000000000000000000e+00 4.783653846153846367e-01 9.909188034188033678e-02 8.368945868945869282e-03 7.478632478632478951e-03
0.000000000000000000e+00 4.795227920227920215e-01 1.092414529914529919e-01 1.175213675213675202e-02 6.944444444444444059e-03
0.000000000000000000e+00 4.801460113960113740e-01 1.144497863247863206e-01 9.081196581196581893e-03 6.677350427350427046e-03
0.000000000000000000e+00 4.454237891737891641e-01 1.456997863247863345e-01 1.050569800569800538e-02 7.745726495726495964e-03
0.000000000000000000e+00 4.453347578347578439e-01 1.513087606837606736e-01 9.259259259259258745e-03 7.745726495726495964e-03
0.000000000000000000e+00 4.777421652421652287e-01 1.428952991452991372e-01 9.615384615384615918e-03 6.944444444444444059e-03
0.000000000000000000e+00 4.775641025641025883e-01 1.482371794871794879e-01 8.903133903133903307e-03 6.944444444444444059e-03
0.000000000000000000e+00 4.764066951566951480e-01 1.561164529914529919e-01 1.228632478632478604e-02 8.279914529914529989e-03
0.000000000000000000e+00 4.457799145299145560e-01 1.631944444444444475e-01 8.368945868945869282e-03 8.012820512820512109e-03
0.000000000000000000e+00 4.477386039886039892e-01 1.690705128205128305e-01 1.086182336182336255e-02 7.478632478632478951e-03
0.000000000000000000e+00 4.779202279202279247e-01 1.613247863247863345e-01 8.903133903133903307e-03 6.944444444444444059e-03
0.000000000000000000e+00 4.902065527065527228e-01 1.677350427350427220e-01 5.698005698005698290e-03 5.876068376068376009e-03
0.000000000000000000e+00 5.284009971509971981e-01 2.724358974358974395e-02 8.725071225071224720e-03 5.876068376068376009e-03
0.000000000000000000e+00 5.251068376068376287e-01 3.205128205128204844e-02 3.561253561253561323e-03 5.341880341880341984e-03
0.000000000000000000e+00 5.287571225071224790e-01 3.672542735042735179e-02 8.368945868945869282e-03 6.143162393162393022e-03
0.000000000000000000e+00 5.293803418803418870e-01 5.048076923076923184e-02 1.032763532763532680e-02 6.944444444444444059e-03
0.000000000000000000e+00 5.501246438746438816e-01 1.665331196581196493e-01 9.437321937321937332e-03 7.745726495726495964e-03
0.000000000000000000e+00 4.880698005698005937e-01 2.992788461538461453e-01 1.103988603988603941e-02 8.279914529914529989e-03
0.000000000000000000e+00 5.788817663817663606e-01 3.042200854700854440e-01 1.210826210826210746e-02 8.547008547008547868e-03
0.000000000000000000e+00 6.402243589743589203e-01 2.678952991452991372e-01 5.163817663817663398e-03 1.175213675213675202e-02
0.000000000000000000e+00 4.352742165242165506e-01 3.899572649572649596e-01 5.519943019943019703e-03 7.478632478632478951e-03
0.000000000000000000e+00 4.551282051282051211e-01 4.993322649572649596e-01 1.317663817663817724e-02 1.041666666666666609e-02
0.000000000000000000e+00 5.420227920227920215e-01 4.817040598290598385e-01 1.103988603988603941e-02 9.882478632478632063e-03
0.000000000000000000e+00 5.600961538461538547e-01 4.784989316239316448e-01 1.086182336182336255e-02 9.348290598290598039e-03
0.000000000000000000e+00 5.902777777777777901e-01 4.731570512820512664e-01 1.317663817663817724e-02 9.348290598290598039e-03
0.000000000000000000e+00 6.200142450142450690e-01 4.662126068376068466e-01 1.424501424501424529e-02 1.041666666666666609e-02
0.000000000000000000e+00 6.660434472934473327e-01 5.146901709401708880e-01 8.725071225071224720e-03 1.335470085470085409e-02
0.000000000000000000e+00 5.575142450142450690e-01 6.720085470085470636e-01 1.068376068376068397e-02 9.615384615384615918e-03
0.000000000000000000e+00 5.563568376068376287e-01 6.806891025641025328e-01 1.193019943019943060e-02 9.348290598290598039e-03
0.000000000000000000e+00 5.546652421652421561e-01 6.899038461538461453e-01 1.566951566951567051e-02 1.175213675213675202e-02
0.000000000000000000e+00 5.562678062678062529e-01 6.997863247863247427e-01 1.282051282051282007e-02 9.615384615384615918e-03
0.000000000000000000e+00 5.562678062678062529e-01 7.100694444444444198e-01 1.317663817663817724e-02 9.882478632478632063e-03
0.000000000000000000e+00 5.534188034188034511e-01 7.199519230769231282e-01 1.353276353276353268e-02 1.095085470085470011e-02
0.000000000000000000e+00 5.554665242165242045e-01 7.284989316239316448e-01 1.193019943019943060e-02 1.095085470085470011e-02
0.000000000000000000e+00 5.549323361823361722e-01 7.391826923076922906e-01 1.477920227920227932e-02 1.041666666666666609e-02
0.000000000000000000e+00 5.553774928774928288e-01 7.597489316239316448e-01 1.282051282051282007e-02 1.041666666666666609e-02
0.000000000000000000e+00 5.557336182336182206e-01 7.827190170940171443e-01 1.282051282051282007e-02 1.041666666666666609e-02
0.000000000000000000e+00 5.549323361823361722e-01 8.015491452991453381e-01 1.264245014245014322e-02 1.121794871794871799e-02
0.000000000000000000e+00 5.552884615384615641e-01 8.122329059829059839e-01 1.157407407407407343e-02 1.068376068376068397e-02
0.000000000000000000e+00 5.555555555555555802e-01 8.239850427350426942e-01 1.175213675213675202e-02 9.615384615384615918e-03
0.000000000000000000e+00 5.546652421652421561e-01 8.563034188034187588e-01 1.210826210826210746e-02 1.121794871794871799e-02
0.000000000000000000e+00 5.244836182336182206e-01 8.576388888888888395e-01 6.944444444444444059e-03 1.762820512820512803e-02
0.000000000000000000e+00 5.243945868945868449e-01 8.783386752136752573e-01 6.766381766381766340e-03 1.949786324786324798e-02
0.000000000000000000e+00 5.536858974358974672e-01 9.010416666666666297e-01 1.371082621082621127e-02 1.041666666666666609e-02
0.000000000000000000e+00 5.531517094017094349e-01 9.730235042735042583e-01 1.620370370370370280e-02 1.228632478632478604e-02
0.000000000000000000e+00 5.533297720797720753e-01 9.842414529914529364e-01 1.477920227920227932e-02 1.228632478632478604e-02
0.000000000000000000e+00 5.519052706552706189e-01 9.946581196581196771e-01 1.691595441595441715e-02 1.014957264957264994e-02
0.000000000000000000e+00 6.267806267806267373e-01 2.029914529914529989e-02 8.547008547008547868e-03 6.944444444444444059e-03
0.000000000000000000e+00 6.288283475783476018e-01 2.524038461538461592e-02 1.050569800569800538e-02 7.745726495726495964e-03
0.000000000000000000e+00 6.305199430199430743e-01 3.044871794871794810e-02 1.068376068376068397e-02 8.547008547008547868e-03
0.000000000000000000e+00 6.321225071225071712e-01 3.993055555555555247e-02 9.971509971509971357e-03 7.745726495726495964e-03
0.000000000000000000e+00 6.334579772079772519e-01 4.473824786324786390e-02 9.081196581196581893e-03 6.677350427350427046e-03
0.000000000000000000e+00 6.349715099715099731e-01 4.954594017094016839e-02 9.259259259259258745e-03 7.745726495726495964e-03
0.000000000000000000e+00 6.412037037037037202e-01 9.201388888888889506e-02 7.834757834757835257e-03 7.211538461538461939e-03
0.000000000000000000e+00 6.445868945868945543e-01 1.017628205128205121e-01 9.259259259259258745e-03 8.012820512820512109e-03
0.000000000000000000e+00 6.446759259259259300e-01 1.073717948717948650e-01 9.437321937321937332e-03 8.012820512820512109e-03
0.000000000000000000e+00 6.475249287749287319e-01 1.124465811965811995e-01 1.014957264957264994e-02 6.944444444444444059e-03
0.000000000000000000e+00 6.648860398860398924e-01 9.495192307692307265e-02 6.410256410256410034e-03 1.255341880341880392e-02
0.000000000000000000e+00 7.165242165242164951e-01 1.466346153846153910e-01 9.615384615384615918e-03 5.876068376068376009e-03
0.000000000000000000e+00 6.800213675213675479e-01 1.753472222222222099e-01 7.478632478632478951e-03 1.201923076923076990e-02
0.000000000000000000e+00 6.834935897435897578e-01 1.984508547008546897e-01 5.519943019943019703e-03 1.175213675213675202e-02
0.000000000000000000e+00 6.861645299145299193e-01 2.158119658119658224e-01 6.588319088319088621e-03 1.282051282051282007e-02
0.000000000000000000e+00 6.886574074074074403e-01 2.315705128205128305e-01 6.588319088319088621e-03 1.228632478632478604e-02
0.000000000000000000e+00 6.934650997150997309e-01 2.665598290598290565e-01 7.656695156695156670e-03 2.190170940170940023e-02
0.000000000000000000e+00 7.088675213675214026e-01 4.493856837606837740e-01 7.478632478632478951e-03 9.348290598290598039e-03
0.000000000000000000e+00 7.427884615384615641e-01 4.774305555555555802e-01 1.157407407407407343e-02 9.348290598290598039e-03
0.000000000000000000e+00 7.435007122507122368e-01 4.850427350427350404e-01 1.193019943019943060e-02 1.014957264957264994e-02
0.000000000000000000e+00 7.131410256410256610e-01 4.850427350427350404e-01 7.834757834757835257e-03 1.014957264957264994e-02
0.000000000000000000e+00 7.124287749287748772e-01 5.002670940170940161e-01 1.032763532763532680e-02 9.615384615384615918e-03
0.000000000000000000e+00 7.126068376068376287e-01 5.150908119658119677e-01 1.317663817663817724e-02 9.882478632478632063e-03
0.000000000000000000e+00 7.571225071225071712e-01 5.730502136752136932e-01 7.122507122507122646e-03 7.211538461538461939e-03
0.000000000000000000e+00 7.354878917378917524e-01 7.020566239316239354e-01 1.371082621082621127e-02 1.041666666666666609e-02
0.000000000000000000e+00 7.370904558404558493e-01 7.107371794871795156e-01 8.368945868945869282e-03 1.014957264957264994e-02
0.000000000000000000e+00 7.370014245014244736e-01 7.418536324786324521e-01 1.246438746438746463e-02 1.201923076923076990e-02
0.000000000000000000e+00 7.386039886039885705e-01 7.851228632478632896e-01 1.175213675213675202e-02 1.095085470085470011e-02
0.000000000000000000e+00 7.433226495726495964e-01 8.231837606837606458e-01 8.012820512820512109e-03 8.547008547008547868e-03
0.000000000000000000e+00 7.419871794871795156e-01 8.374732905982905651e-01 1.282051282051282007e-02 1.095085470085470011e-02
0.000000000000000000e+00 7.451032763532763337e-01 8.671207264957264682e-01 7.656695156695156670e-03 9.348290598290598039e-03
0.000000000000000000e+00 7.455484330484331013e-01 8.804754273504273865e-01 1.282051282051282007e-02 1.201923076923076990e-02
0.000000000000000000e+00 7.548076923076922906e-01 9.627403846153845812e-01 1.246438746438746463e-02 1.255341880341880392e-02
0.000000000000000000e+00 7.537393162393162260e-01 9.863782051282051766e-01 1.424501424501424529e-02 1.175213675213675202e-02
0.000000000000000000e+00 7.920227920227920215e-01 9.658119658119658224e-01 1.282051282051282007e-02 1.175213675213675202e-02
0.000000000000000000e+00 7.942485754985755264e-01 9.776976495726495964e-01 1.442307692307692388e-02 1.148504273504273587e-02
0.000000000000000000e+00 7.931801994301994618e-01 9.887820512820513219e-01 1.549145299145299193e-02 1.175213675213675202e-02
0.000000000000000000e+00 7.629095441595441507e-01 3.792735042735042444e-02 9.793447293447292770e-03 8.012820512820512109e-03
0.000000000000000000e+00 7.875712250712251228e-01 1.255341880341880392e-02 9.615384615384615918e-03 6.944444444444444059e-03
0.000000000000000000e+00 7.861467236467236663e-01 8.814102564102564014e-03 9.615384615384615918e-03 5.876068376068376009e-03
0.000000000000000000e+00 7.890847578347578439e-01 1.776175213675213610e-02 1.086182336182336255e-02 8.814102564102564014e-03
0.000000000000000000e+00 7.898860398860398924e-01 2.310363247863247982e-02 9.615384615384615918e-03 7.211538461538461939e-03
0.000000000000000000e+00 7.922898860398860377e-01 2.857905982905982814e-02 1.050569800569800538e-02 7.478632478632478951e-03
0.000000000000000000e+00 8.093839031339031820e-01 1.175213675213675202e-02 1.050569800569800538e-02 7.478632478632478951e-03
0.000000000000000000e+00 8.112535612535612950e-01 1.562500000000000000e-02 9.615384615384615918e-03 6.143162393162393022e-03
0.000000000000000000e+00 8.118767806267805920e-01 2.043269230769230796e-02 1.264245014245014322e-02 9.348290598290598039e-03
0.000000000000000000e+00 9.197827635327635587e-01 6.410256410256410034e-03 6.232193732193732315e-03 9.081196581196581893e-03
0.000000000000000000e+00 9.320690883190883014e-01 4.300213675213675202e-02 9.793447293447292770e-03 6.944444444444444059e-03
0.000000000000000000e+00 9.338497150997151497e-01 4.794337606837607152e-02 9.793447293447292770e-03 7.211538461538461939e-03
0.000000000000000000e+00 9.359864672364672789e-01 6.316773504273504036e-02 4.807692307692307959e-03 7.211538461538461939e-03
0.000000000000000000e+00 9.099002849002848503e-01 6.784188034188033678e-02 1.032763532763532680e-02 7.478632478632478951e-03
0.000000000000000000e+00 9.294871794871795156e-01 7.478632478632478431e-02 7.122507122507122646e-03 1.175213675213675202e-02
0.000000000000000000e+00 9.369658119658119677e-01 9.348290598290598385e-02 6.766381766381766340e-03 1.121794871794871799e-02
0.000000000000000000e+00 9.399038461538461453e-01 1.038995726495726551e-01 6.944444444444444059e-03 8.547008547008547868e-03
0.000000000000000000e+00 9.656339031339031820e-01 1.713408119658119677e-01 8.903133903133903307e-03 1.201923076923076990e-02
0.000000000000000000e+00 9.914529914529914834e-01 2.343750000000000000e-01 9.615384615384615918e-03 1.415598290598290600e-02
0.000000000000000000e+00 9.953703703703703498e-01 3.130341880341880323e-01 8.903133903133903307e-03 9.615384615384615918e-03
0.000000000000000000e+00 9.874465811965812412e-01 4.937232905982906206e-01 9.081196581196581893e-03 1.041666666666666609e-02
