0.000000000000000000e+00 5.163817663817663398e-03 8.039529914529915111e-02 6.410256410256410034e-03 1.228632478632478604e-02
0.000000000000000000e+00 2.991452991452991581e-02 8.947649572649572780e-02 8.547008547008547868e-03 4.807692307692307959e-03
0.000000000000000000e+00 4.166666666666666435e-02 9.001068376068376009e-02 9.259259259259258745e-03 7.478632478632478951e-03
0.000000000000000000e+00 6.597222222222222376e-02 1.030982905982905928e-01 1.050569800569800538e-02 8.012820512820512109e-03
0.000000000000000000e+00 4.255698005698005382e-02 1.081730769230769273e-01 1.032763532763532680e-02 6.410256410256410034e-03
0.000000000000000000e+00 4.291310541310541099e-02 1.132478632478632480e-01 1.103988603988603941e-02 6.944444444444444059e-03
0.000000000000000000e+00 4.220085470085470358e-02 1.183226495726495686e-01 1.103988603988603941e-02 9.081196581196581893e-03
0.000000000000000000e+00 3.837250712250712265e-02 1.364850427350427220e-01 1.086182336182336255e-02 8.012820512820512109e-03
0.000000000000000000e+00 6.045227920227920493e-02 1.430288461538461453e-01 1.050569800569800538e-02 7.745726495726495964e-03
0.000000000000000000e+00 7.843660968660969013e-02 1.370192307692307820e-01 5.163817663817663398e-03 1.175213675213675202e-02
0.000000000000000000e+00 9.045584045584045829e-02 1.371527777777777901e-01 6.054131054131053728e-03 1.201923076923076990e-02
0.000000000000000000e+00 2.670940170940170992e-03 1.714743589743589758e-01 4.985754985754985678e-03 1.014957264957264994e-02
0.000000000000000000e+00 8.814102564102564014e-03 1.705395299145299193e-01 5.519943019943019703e-03 1.148504273504273587e-02
0.000000000000000000e+00 1.415598290598290600e-02 1.714743589743589758e-01 5.163817663817663398e-03 1.175213675213675202e-02
0.000000000000000000e+00 2.029914529914529989e-02 1.709401709401709435e-01 5.698005698005698290e-03 1.068376068376068397e-02
0.000000000000000000e+00 2.644230769230769204e-02 1.708066239316239354e-01 5.163817663817663398e-03 1.201923076923076990e-02
0.000000000000000000e+00 3.267450142450142175e-02 1.693376068376068466e-01 5.163817663817663398e-03 9.615384615384615918e-03
0.000000000000000000e+00 5.012464387464387466e-02 1.809561965811965767e-01 6.944444444444444059e-03 6.677350427350427046e-03
0.000000000000000000e+00 4.932336182336182623e-02 1.879006410256410242e-01 4.629629629629629373e-03 7.745726495726495964e-03
0.000000000000000000e+00 1.878561253561253711e-02 2.182158119658119677e-01 9.793447293447292770e-03 7.478632478632478951e-03
0.000000000000000000e+00 7.932692307692307265e-02 2.544070512820512664e-01 5.163817663817663398e-03 1.148504273504273587e-02
0.000000000000000000e+00 8.386752136752136100e-02 2.674946581196581130e-01 4.985754985754985678e-03 1.095085470085470011e-02
0.000000000000000000e+00 1.014957264957264994e-02 3.703258547008547175e-01 1.103988603988603941e-02 8.814102564102564014e-03
0.000000000000000000e+00 9.348290598290598039e-03 3.784722222222222099e-01 1.086182336182336255e-02 8.547008547008547868e-03
0.000000000000000000e+00 2.199074074074074125e-02 3.782051282051281937e-01 1.193019943019943060e-02 9.081196581196581893e-03
0.000000000000000000e+00 5.608974358974358997e-03 3.928952991452991372e-01 1.014957264957264994e-02 9.081196581196581893e-03
0.000000000000000000e+00 1.878561253561253711e-02 3.931623931623931534e-01 1.228632478632478604e-02 9.081196581196581893e-03
0.000000000000000000e+00 5.404202279202278969e-02 3.910256410256410242e-01 1.086182336182336255e-02 8.547008547008547868e-03
0.000000000000000000e+00 2.421652421652421491e-02 6.435630341880341776e-01 1.246438746438746463e-02 1.522435897435897405e-02
0.000000000000000000e+00 4.318019943019942714e-02 6.360844017094017255e-01 9.793447293447292770e-03 1.415598290598290600e-02
0.000000000000000000e+00 1.557158119658119677e-01 5.261752136752136794e-02 4.807692307692307959e-03 1.014957264957264994e-02
0.000000000000000000e+00 1.375534188034188143e-01 7.425213675213675202e-02 8.012820512820512109e-03 7.478632478632478951e-03
0.000000000000000000e+00 2.142984330484330457e-01 7.879273504273504036e-02 8.368945868945869282e-03 6.944444444444444059e-03
0.000000000000000000e+00 2.132300569800569812e-01 8.360042735042734485e-02 1.050569800569800538e-02 6.944444444444444059e-03
0.000000000000000000e+00 2.123397435897435848e-01 8.920940170940171166e-02 7.300569800569800365e-03 7.478632478632478951e-03
0.000000000000000000e+00 2.122507122507122646e-01 9.922542735042734485e-02 1.032763532763532680e-02 6.677350427350427046e-03
0.000000000000000000e+00 2.125178062678062807e-01 1.045673076923076955e-01 9.081196581196581893e-03 6.677350427350427046e-03
0.000000000000000000e+00 1.737891737891738009e-01 1.355502136752136655e-01 9.971509971509971357e-03 7.745726495726495964e-03
0.000000000000000000e+00 1.732549857549857686e-01 1.412927350427350404e-01 9.259259259259258745e-03 8.012820512820512109e-03
0.000000000000000000e+00 1.720975783475783560e-01 1.531784188034188143e-01 8.725071225071224720e-03 7.745726495726495964e-03
0.000000000000000000e+00 2.052172364672364691e-01 1.322115384615384637e-01 7.656695156695156670e-03 5.876068376068376009e-03
0.000000000000000000e+00 2.054843304843304852e-01 1.378205128205128305e-01 8.190883190883190695e-03 6.944444444444444059e-03
0.000000000000000000e+00 2.033475783475783560e-01 1.452991452991453103e-01 1.210826210826210746e-02 7.478632478632478951e-03
0.000000000000000000e+00 2.142094017094016978e-01 1.563835470085470081e-01 8.190883190883190695e-03 5.608974358974358997e-03
0.000000000000000000e+00 2.713675213675213471e-01 1.722756410256410381e-02 6.766381766381766340e-03 5.608974358974358997e-03
0.000000000000000000e+00 2.708333333333333148e-01 2.203525641025641177e-02 7.478632478632478951e-03 5.074786324786324972e-03
0.000000000000000000e+00 2.710113960113960108e-01 2.711004273504273587e-02 7.834757834757835257e-03 5.608974358974358997e-03
0.000000000000000000e+00 2.708333333333333148e-01 3.565705128205128027e-02 9.259259259259258745e-03 5.608974358974358997e-03
0.000000000000000000e+00 2.704772079772079785e-01 4.086538461538461592e-02 9.259259259259258745e-03 6.410256410256410034e-03
0.000000000000000000e+00 2.758190883190883014e-01 1.550480769230769273e-01 9.971509971509971357e-03 7.211538461538461939e-03
0.000000000000000000e+00 1.972044159544159569e-01 2.863247863247863068e-01 1.050569800569800538e-02 8.012820512820512109e-03
0.000000000000000000e+00 2.862357549857549865e-01 2.905982905982906206e-01 1.086182336182336255e-02 8.012820512820512109e-03
0.000000000000000000e+00 1.322115384615384637e-01 3.767361111111111049e-01 5.519943019943019703e-03 6.677350427350427046e-03
0.000000000000000000e+00 2.270299145299145283e-01 4.656784188034188143e-01 1.068376068376068397e-02 9.348290598290598039e-03
0.000000000000000000e+00 2.452813390313390296e-01 4.624732905982906206e-01 1.014957264957264994e-02 8.814102564102564014e-03
0.000000000000000000e+00 2.761752136752136932e-01 4.569978632478632341e-01 1.246438746438746463e-02 9.081196581196581893e-03
0.000000000000000000e+00 3.065349002849002691e-01 4.500534188034188143e-01 1.335470085470085409e-02 1.014957264957264994e-02
0.000000000000000000e+00 3.457086894586894332e-01 4.967948717948718063e-01 7.656695156695156670e-03 1.282051282051282007e-02
0.000000000000000000e+00 2.142984330484330457e-01 6.526442307692307265e-01 6.588319088319088621e-03 8.279914529914529989e-03
0.000000000000000000e+00 2.132300569800569812e-01 6.614583333333333703e-01 1.014957264957264994e-02 8.814102564102564014e-03
0.000000000000000000e+00 2.104700854700854717e-01 6.706730769230768718e-01 1.424501424501424529e-02 1.068376068376068397e-02
0.000000000000000000e+00 2.102920227920228036e-01 6.808226495726495964e-01 1.103988603988603941e-02 9.615384615384615918e-03
0.000000000000000000e+00 2.084223646723646628e-01 6.904380341880341776e-01 9.437321937321937332e-03 9.081196581196581893e-03
0.000000000000000000e+00 2.057514245014245013e-01 6.999198717948718063e-01 1.335470085470085409e-02 1.095085470085470011e-02
0.000000000000000000e+00 2.059294871794871695e-01 7.086004273504273865e-01 1.228632478632478604e-02 1.068376068376068397e-02
0.000000000000000000e+00 2.018340455840455794e-01 7.393162393162393542e-01 1.121794871794871799e-02 1.014957264957264994e-02
0.000000000000000000e+00 1.999643874643874664e-01 7.612179487179486781e-01 1.282051282051282007e-02 9.615384615384615918e-03
0.000000000000000000e+00 1.942663817663817794e-01 7.804487179487179516e-01 7.834757834757835257e-03 9.615384615384615918e-03
0.000000000000000000e+00 1.954237891737891641e-01 7.907318376068376287e-01 1.193019943019943060e-02 9.882478632478632063e-03
0.000000000000000000e+00 1.938212250712250673e-01 8.020833333333333703e-01 1.264245014245014322e-02 1.014957264957264994e-02
0.000000000000000000e+00 1.883012820512820484e-01 8.338675213675214026e-01 1.050569800569800538e-02 1.121794871794871799e-02
0.000000000000000000e+00 1.588319088319088412e-01 8.361378205128204844e-01 7.834757834757835257e-03 1.629273504273504383e-02
0.000000000000000000e+00 1.560719373219373318e-01 8.560363247863247427e-01 8.725071225071224720e-03 1.976495726495726413e-02
0.000000000000000000e+00 1.811787749287749327e-01 8.786057692307692735e-01 1.157407407407407343e-02 1.095085470085470011e-02
0.000000000000000000e+00 1.714743589743589758e-01 9.487179487179486781e-01 1.566951566951567051e-02 1.175213675213675202e-02
0.000000000000000000e+00 1.702279202279202153e-01 9.595352564102563875e-01 1.424501424501424529e-02 1.148504273504273587e-02
0.000000000000000000e+00 1.652421652421652287e-01 9.715544871794872250e-01 1.139601139601139658e-02 1.148504273504273587e-02
0.000000000000000000e+00 1.650641025641025605e-01 9.846420940170940161e-01 1.210826210826210746e-02 1.148504273504273587e-02
0.000000000000000000e+00 1.644408831908831803e-01 9.957264957264957417e-01 1.477920227920227932e-02 7.478632478632478951e-03
0.000000000000000000e+00 3.711716524216523982e-01 1.014957264957264994e-02 8.368945868945869282e-03 6.944444444444444059e-03
0.000000000000000000e+00 3.722400284900284628e-01 1.495726495726495790e-02 9.437321937321937332e-03 7.478632478632478951e-03
0.000000000000000000e+00 3.739316239316239354e-01 2.016559829059829181e-02 1.103988603988603941e-02 7.745726495726495964e-03
0.000000000000000000e+00 3.741096866096866314e-01 2.938034188034188005e-02 9.615384615384615918e-03 7.478632478632478951e-03
0.000000000000000000e+00 3.748219373219373041e-01 3.405448717948717646e-02 8.903133903133903307e-03 7.211538461538461939e-03
0.000000000000000000e+00 3.757122507122507282e-01 3.886217948717948789e-02 9.615384615384615918e-03 7.211538461538461939e-03
0.000000000000000000e+00 3.763354700854700807e-01 8.066239316239316726e-02 7.656695156695156670e-03 6.944444444444444059e-03
0.000000000000000000e+00 3.782941595441595695e-01 9.014423076923076816e-02 9.081196581196581893e-03 7.211538461538461939e-03
0.000000000000000000e+00 3.775819088319088412e-01 9.575320512820513497e-02 9.081196581196581893e-03 6.677350427350427046e-03
0.000000000000000000e+00 3.793625356125356340e-01 1.013621794871794879e-01 9.437321937321937332e-03 7.745726495726495964e-03
0.000000000000000000e+00 4.036680911680911588e-01 1.627938034188034233e-01 6.054131054131053728e-03 1.095085470085470011e-02
0.000000000000000000e+00 4.039351851851851749e-01 1.853632478632478708e-01 4.451566951566951653e-03 1.068376068376068397e-02
0.000000000000000000e+00 4.042022792022791911e-01 2.024572649572649596e-01 6.054131054131053728e-03 1.335470085470085409e-02
0.000000000000000000e+00 4.050035612535612395e-01 2.178151709401709435e-01 5.163817663817663398e-03 1.201923076923076990e-02
0.000000000000000000e+00 4.049145299145299193e-01 2.521367521367521292e-01 6.410256410256410034e-03 2.136752136752136794e-02
0.000000000000000000e+00 4.059829059829059839e-01 3.952991452991452825e-01 5.698005698005698290e-03 1.335470085470085409e-02
0.000000000000000000e+00 3.947649572649572502e-01 4.682158119658119677e-01 1.068376068376068397e-02 9.081196581196581893e-03
0.000000000000000000e+00 3.933404558404558493e-01 4.819711538461538547e-01 1.068376068376068397e-02 9.882478632478632063e-03
0.000000000000000000e+00 3.912037037037037202e-01 4.967948717948718063e-01 1.246438746438746463e-02 9.615384615384615918e-03
0.000000000000000000e+00 4.266381766381766583e-01 4.595352564102563875e-01 1.103988603988603941e-02 9.348290598290598039e-03
0.000000000000000000e+00 4.262820512820512664e-01 4.670138888888888951e-01 1.175213675213675202e-02 9.348290598290598039e-03
0.000000000000000000e+00 3.944088319088319139e-01 5.599626068376067911e-01 9.971509971509971357e-03 1.255341880341880392e-02
0.000000000000000000e+00 3.884437321937321830e-01 6.797542735042735318e-01 1.442307692307692388e-02 1.121794871794871799e-02
0.000000000000000000e+00 3.872863247863247982e-01 6.889690170940171443e-01 1.246438746438746463e-02 9.882478632478632063e-03
0.000000000000000000e+00 3.843482905982906206e-01 7.188835470085470636e-01 1.371082621082621127e-02 1.148504273504273587e-02
0.000000000000000000e+00 3.806089743589743390e-01 7.617521367521367104e-01 1.157407407407407343e-02 1.068376068376068397e-02
0.000000000000000000e+00 3.771367521367521292e-01 8.126335470085470636e-01 1.246438746438746463e-02 1.148504273504273587e-02
0.000000000000000000e+00 3.742877492877492718e-01 8.428151709401708880e-01 1.210826210826210746e-02 1.095085470085470011e-02
0.000000000000000000e+00 3.758903133903133686e-01 8.557692307692307265e-01 1.282051282051282007e-02 1.014957264957264994e-02
0.000000000000000000e+00 3.717948717948718063e-01 9.350961538461538547e-01 1.495726495726495790e-02 1.175213675213675202e-02
0.000000000000000000e+00 4.097222222222222099e-01 9.381677350427350959e-01 1.175213675213675202e-02 1.041666666666666609e-02
0.000000000000000000e+00 4.106125356125356340e-01 9.495192307692307265e-01 1.353276353276353268e-02 1.068376068376068397e-02
0.000000000000000000e+00 4.079415954415954171e-01 9.607371794871795156e-01 1.531339031339031334e-02 1.175213675213675202e-02
0.000000000000000000e+00 3.684116809116809166e-01 9.839743589743589203e-01 1.566951566951567051e-02 1.175213675213675202e-02
0.000000000000000000e+00 4.067841880341880323e-01 9.949252136752136932e-01 1.299857549857549865e-02 9.615384615384615918e-03
0.000000000000000000e+00 5.037393162393162260e-01 2.630876068376068397e-02 9.615384615384615918e-03 7.211538461538461939e-03
0.000000000000000000e+00 5.324074074074074403e-01 6.143162393162393022e-03 1.068376068376068397e-02 8.012820512820512109e-03
0.000000000000000000e+00 5.331196581196581130e-01 1.121794871794871799e-02 9.259259259259258745e-03 6.944444444444444059e-03
0.000000000000000000e+00 5.340990028490028019e-01 1.642628205128205190e-02 9.793447293447292770e-03 7.211538461538461939e-03
0.000000000000000000e+00 5.550213675213675479e-01 3.205128205128205017e-03 8.547008547008547868e-03 5.341880341880341984e-03
0.000000000000000000e+00 5.540420227920227481e-01 8.814102564102564014e-03 1.014957264957264994e-02 9.081196581196581893e-03
0.000000000000000000e+00 5.291132478632478708e-01 3.051549145299145560e-01 6.232193732193732315e-03 1.148504273504273587e-02
0.000000000000000000e+00 6.993411680911680861e-01 2.947382478632478708e-01 9.793447293447292770e-03 8.814102564102564014e-03
0.000000000000000000e+00 8.019943019943019946e-01 3.211805555555555802e-01 1.032763532763532680e-02 1.095085470085470011e-02
0.000000000000000000e+00 7.611289173789174134e-01 3.619123931623931534e-01 1.014957264957264994e-02 1.495726495726495790e-02
0.000000000000000000e+00 7.700320512820513219e-01 3.807425213675213471e-01 8.725071225071224720e-03 1.148504273504273587e-02
0.000000000000000000e+00 7.573896011396011874e-01 3.890224358974359031e-01 1.727207977207977085e-02 2.430555555555555594e-02
0.000000000000000000e+00 7.273860398860398924e-01 4.169337606837607013e-01 1.175213675213675202e-02 1.282051282051282007e-02
0.000000000000000000e+00 6.642628205128204844e-01 4.720886752136752018e-01 1.157407407407407343e-02 1.095085470085470011e-02
0.000000000000000000e+00 6.856303418803418870e-01 4.877136752136752018e-01 9.081196581196581893e-03 1.923076923076923184e-02
0.000000000000000000e+00 7.692307692307692735e-01 5.069444444444444198e-01 8.190883190883190695e-03 1.762820512820512803e-02
0.000000000000000000e+00 7.922898860398860377e-01 4.981303418803418870e-01 8.368945868945869282e-03 1.549145299145299193e-02
0.000000000000000000e+00 8.184650997150997309e-01 4.838408119658119677e-01 9.081196581196581893e-03 1.736111111111111188e-02
0.000000000000000000e+00 8.106303418803418870e-01 5.040064102564102422e-01 1.228632478632478604e-02 1.121794871794871799e-02
0.000000000000000000e+00 7.861467236467236663e-01 5.120192307692307265e-01 1.282051282051282007e-02 1.121794871794871799e-02
0.000000000000000000e+00 6.896367521367521292e-01 7.061965811965812412e-01 6.410256410256410034e-03 1.388888888888888812e-02
0.000000000000000000e+00 6.683582621082621023e-01 7.839209401709401615e-01 1.406695156695156670e-02 1.175213675213675202e-02
0.000000000000000000e+00 6.663995726495726135e-01 8.774038461538461453e-01 1.335470085470085409e-02 1.228632478632478604e-02
0.000000000000000000e+00 7.259615384615384359e-01 9.861111111111111605e-01 7.122507122507122646e-03 1.976495726495726413e-02
0.000000000000000000e+00 8.218482905982905651e-01 8.778044871794872250e-01 7.656695156695156670e-03 2.163461538461538408e-02
0.000000000000000000e+00 9.586894586894586512e-01 9.686164529914529364e-01 1.460113960113960073e-02 1.362179487179487197e-02
0.000000000000000000e+00 6.714743589743589203e-01 2.897970085470085583e-02 9.259259259259258745e-03 6.143162393162393022e-03
0.000000000000000000e+00 6.727207977207977363e-01 3.418803418803419147e-02 9.971509971509971357e-03 7.478632478632478951e-03
0.000000000000000000e+00 6.456552706552706189e-01 5.408653846153846367e-02 1.068376068376068397e-02 7.745726495726495964e-03
0.000000000000000000e+00 6.648860398860398924e-01 6.076388888888888812e-02 6.766381766381766340e-03 1.201923076923076990e-02
0.000000000000000000e+00 6.696047008547008073e-01 7.892628205128204844e-02 6.232193732193732315e-03 1.041666666666666609e-02
0.000000000000000000e+00 6.712072649572649041e-01 8.920940170940171166e-02 5.519943019943019703e-03 9.081196581196581893e-03
0.000000000000000000e+00 6.793091168091167642e-01 1.201923076923076955e-01 6.766381766381766340e-03 1.121794871794871799e-02
0.000000000000000000e+00 6.878561253561253919e-01 1.559829059829059839e-01 7.122507122507122646e-03 1.228632478632478604e-02
0.000000000000000000e+00 7.046830484330484090e-01 2.174145299145299193e-01 7.656695156695156670e-03 1.335470085470085409e-02
0.000000000000000000e+00 7.577457264957264682e-01 3.872863247863247982e-02 4.807692307692307959e-03 5.876068376068376009e-03
0.000000000000000000e+00 7.627314814814815103e-01 3.685897435897435986e-02 6.232193732193732315e-03 5.876068376068376009e-03
0.000000000000000000e+00 7.719907407407406996e-01 3.565705128205128027e-02 6.232193732193732315e-03 8.814102564102564014e-03
0.000000000000000000e+00 8.039529914529914834e-01 1.869658119658119608e-02 6.766381766381766340e-03 1.068376068376068397e-02
0.000000000000000000e+00 8.095619658119658224e-01 3.525641025641025605e-02 7.300569800569800365e-03 1.175213675213675202e-02
0.000000000000000000e+00 8.129451566951566566e-01 4.567307692307692041e-02 6.944444444444444059e-03 1.228632478632478604e-02
0.000000000000000000e+00 8.175747863247863068e-01 6.036324786324786390e-02 5.876068376068376009e-03 1.014957264957264994e-02
0.000000000000000000e+00 8.208689458689458762e-01 7.131410256410256054e-02 6.766381766381766340e-03 1.175213675213675202e-02
0.000000000000000000e+00 8.245192307692307265e-01 8.199786324786324798e-02 6.232193732193732315e-03 9.615384615384615918e-03
0.000000000000000000e+00 8.275462962962962798e-01 9.041132478632478431e-02 5.163817663817663398e-03 9.348290598290598039e-03
0.000000000000000000e+00 8.308404558404558493e-01 9.975961538461539102e-02 7.834757834757835257e-03 1.201923076923076990e-02
0.000000000000000000e+00 8.344907407407406996e-01 1.115117521367521430e-01 6.944444444444444059e-03 1.095085470085470011e-02
0.000000000000000000e+00 8.386752136752136932e-01 1.228632478632478570e-01 7.478632478632478951e-03 1.175213675213675202e-02
0.000000000000000000e+00 8.277243589743589203e-01 1.275373931623931534e-01 5.519943019943019703e-03 1.041666666666666609e-02
0.000000000000000000e+00 8.306623931623932089e-01 1.387553418803418870e-01 7.122507122507122646e-03 1.255341880341880392e-02
0.000000000000000000e+00 8.459757834757835049e-01 1.499732905982905928e-01 7.834757834757835257e-03 1.415598290598290600e-02
0.000000000000000000e+00 8.351139601139601076e-01 1.507745726495726413e-01 6.766381766381766340e-03 8.814102564102564014e-03
0.000000000000000000e+00 8.541666666666666297e-01 1.728098290598290565e-01 7.834757834757835257e-03 1.121794871794871799e-02
0.000000000000000000e+00 9.846866096866097040e-01 1.574519230769230727e-01 8.190883190883190695e-03 8.814102564102564014e-03
0.000000000000000000e+00 8.468660968660968180e-01 2.666933760683760646e-01 1.246438746438746463e-02 7.745726495726495964e-03
0.000000000000000000e+00 8.681445868945868449e-01 2.491987179487179516e-01 9.793447293447292770e-03 8.547008547008547868e-03
0.000000000000000000e+00 8.728632478632478708e-01 2.622863247863247982e-01 1.068376068376068397e-02 8.547008547008547868e-03
0.000000000000000000e+00 8.758903133903134242e-01 2.688301282051281937e-01 1.210826210826210746e-02 7.745726495726495964e-03
0.000000000000000000e+00 8.896011396011396233e-01 2.811164529914529919e-01 1.103988603988603941e-02 7.211538461538461939e-03
0.000000000000000000e+00 9.159544159544159569e-01 2.781784188034188143e-01 9.259259259259258745e-03 7.745726495726495964e-03
0.000000000000000000e+00 9.472044159544159569e-01 2.744391025641025883e-01 9.081196581196581893e-03 7.745726495726495964e-03
0.000000000000000000e+00 9.738247863247863068e-01 2.716346153846153633e-01 1.103988603988603941e-02 8.547008547008547868e-03
0.000000000000000000e+00 9.840633903133902960e-01 2.702991452991452825e-01 6.944444444444444059e-03 8.012820512820512109e-03
0.000000000000000000e+00 9.276175213675214026e-01 4.663461538461538547e-01 8.368945868945869282e-03 1.121794871794871799e-02
0.000000000000000000e+00 9.480947293447293811e-01 4.780982905982906206e-01 1.406695156695156670e-02 1.121794871794871799e-02
0.000000000000000000e+00 9.476495726495726135e-01 4.943910256410256610e-01 1.068376068376068397e-02 1.549145299145299193e-02
0.000000000000000000e+00 9.692841880341880323e-01 5.180288461538461453e-01 1.193019943019943060e-02 9.882478632478632063e-03
0.000000000000000000e+00 9.819266381766381668e-01 5.384615384615384359e-01 1.299857549857549865e-02 1.068376068376068397e-02
0.000000000000000000e+00 9.958155270655271174e-01 5.667735042735042583e-01 7.656695156695156670e-03 9.615384615384615918e-03
0.000000000000000000e+00 9.813034188034187588e-01 5.861378205128204844e-01 1.139601139601139658e-02 1.789529914529914417e-02
0.000000000000000000e+00 9.943910256410256610e-01 6.036324786324785974e-01 1.014957264957264994e-02 9.081196581196581893e-03
