0.000000000000000000e+00 5.617877492877492579e-02 1.275373931623931534e-01 1.228632478632478604e-02 1.469017094017094002e-02
0.000000000000000000e+00 6.561609686609685965e-02 1.153846153846153910e-01 9.793447293447292770e-03 1.228632478632478604e-02
0.000000000000000000e+00 8.155270655270654978e-02 9.441773504273504036e-02 1.175213675213675202e-02 1.629273504273504383e-02
0.000000000000000000e+00 9.579772079772079507e-02 7.665598290598291120e-02 1.068376068376068397e-02 1.388888888888888812e-02
0.000000000000000000e+00 1.177884615384615363e-01 7.291666666666667129e-02 1.014957264957264994e-02 1.549145299145299193e-02
0.000000000000000000e+00 1.096866096866096901e-01 8.466880341880342331e-02 7.478632478632478951e-03 8.012820512820512109e-03
0.000000000000000000e+00 1.295405982905983022e-01 5.902777777777777624e-02 9.793447293447292770e-03 8.547008547008547868e-03
0.000000000000000000e+00 1.530448717948718063e-01 6.410256410256410034e-03 8.725071225071224720e-03 1.068376068376068397e-02
0.000000000000000000e+00 1.500178062678062807e-01 3.485576923076923184e-02 9.081196581196581893e-03 1.148504273504273587e-02
0.000000000000000000e+00 5.065883190883190695e-02 2.612179487179487336e-01 9.437321937321937332e-03 1.014957264957264994e-02
0.000000000000000000e+00 8.368945868945869282e-02 2.681623931623931534e-01 1.139601139601139658e-02 1.923076923076923184e-02
0.000000000000000000e+00 2.581908831908831699e-03 4.114583333333333148e-01 4.451566951566951653e-03 1.095085470085470011e-02
0.000000000000000000e+00 1.834045584045583890e-02 4.097222222222222099e-01 1.745014245014244944e-02 1.014957264957264994e-02
0.000000000000000000e+00 1.222400284900284906e-01 4.039797008547008628e-01 1.406695156695156670e-02 1.201923076923076990e-02
0.000000000000000000e+00 4.006410256410256748e-02 5.426014957264957417e-01 1.317663817663817724e-02 1.201923076923076990e-02
0.000000000000000000e+00 5.457621082621082892e-02 5.567574786324785974e-01 9.437321937321937332e-03 8.279914529914529989e-03
0.000000000000000000e+00 7.211538461538460898e-02 5.339209401709401615e-01 1.780626780626780661e-02 1.282051282051282007e-02
0.000000000000000000e+00 1.089743589743589758e-01 5.244391025641025328e-01 1.851851851851851749e-02 1.522435897435897405e-02
0.000000000000000000e+00 1.351495726495726413e-01 5.188301282051281937e-01 1.424501424501424529e-02 1.308760683760683795e-02
0.000000000000000000e+00 1.691595441595441585e-03 6.292735042735042583e-01 2.670940170940170992e-03 1.976495726495726413e-02
0.000000000000000000e+00 2.849002849002849145e-03 6.760149572649573058e-01 4.629629629629629373e-03 2.190170940170940023e-02
0.000000000000000000e+00 2.403846153846153980e-03 7.314369658119658224e-01 3.739316239316239476e-03 2.430555555555555594e-02
0.000000000000000000e+00 2.208867521367521292e-01 5.968215811965812412e-01 8.012820512820512109e-03 1.896367521367521222e-02
0.000000000000000000e+00 2.557870370370370350e-01 5.964209401709401615e-01 1.584757834757834910e-02 1.388888888888888812e-02
0.000000000000000000e+00 2.562321937321937471e-01 6.123130341880341776e-01 1.495726495726495790e-02 1.308760683760683795e-02
0.000000000000000000e+00 2.581908831908831803e-01 6.303418803418803229e-01 1.566951566951567051e-02 1.495726495726495790e-02
0.000000000000000000e+00 2.255163817663817794e-01 6.351495726495726135e-01 9.793447293447292770e-03 1.976495726495726413e-02
0.000000000000000000e+00 2.634437321937321830e-01 6.539797008547008073e-01 1.477920227920227932e-02 1.362179487179487197e-02
0.000000000000000000e+00 2.430555555555555525e-01 7.198183760683760646e-01 1.139601139601139658e-02 2.136752136752136794e-02
0.000000000000000000e+00 2.499109686609686520e-01 7.411858974358974672e-01 9.437321937321937332e-03 1.976495726495726413e-02
0.000000000000000000e+00 2.561431623931623713e-01 7.610844017094017255e-01 1.050569800569800538e-02 2.003205128205128374e-02
0.000000000000000000e+00 7.122507122507122646e-03 9.573985042735042583e-01 1.388888888888888812e-02 1.736111111111111188e-02
0.000000000000000000e+00 5.048076923076923184e-02 9.316239316239316448e-01 1.940883190883191042e-02 1.762820512820512803e-02
0.000000000000000000e+00 9.188034188034188698e-02 9.103899572649573058e-01 1.816239316239316379e-02 1.736111111111111188e-02
0.000000000000000000e+00 1.168091168091168058e-01 8.961004273504273865e-01 1.638176638176638139e-02 1.709401709401709574e-02
0.000000000000000000e+00 1.217948717948717924e-01 9.200053418803418870e-01 1.923076923076923184e-02 1.255341880341880392e-02
0.000000000000000000e+00 1.438746438746438816e-01 8.819444444444444198e-01 1.887464387464387466e-02 1.869658119658119608e-02
0.000000000000000000e+00 1.759259259259259300e-01 8.641826923076922906e-01 1.566951566951567051e-02 1.629273504273504383e-02
0.000000000000000000e+00 2.118055555555555525e-01 8.438835470085470636e-01 1.691595441595441715e-02 1.736111111111111188e-02
0.000000000000000000e+00 2.379807692307692180e-01 8.297275641025640969e-01 1.584757834757834910e-02 1.629273504273504383e-02
0.000000000000000000e+00 2.459045584045584099e-01 8.412126068376067911e-01 1.602564102564102422e-02 1.682692307692307612e-02
0.000000000000000000e+00 2.391381766381766305e-01 8.559027777777777901e-01 1.353276353276353268e-02 8.279914529914529989e-03
0.000000000000000000e+00 2.673611111111111049e-01 9.942574786324785974e-01 9.437321937321937332e-03 1.095085470085470011e-02
0.000000000000000000e+00 2.732371794871794601e-01 9.654113247863247427e-01 1.299857549857549865e-02 3.552350427350427220e-02
0.000000000000000000e+00 4.700854700854700807e-01 1.029647435897435848e-01 1.424501424501424529e-02 2.323717948717948789e-02
0.000000000000000000e+00 4.252136752136752018e-01 4.248130341880341776e-01 1.103988603988603941e-02 1.575854700854700807e-02
0.000000000000000000e+00 3.417913105413105668e-01 4.775641025641025883e-01 8.012820512820512109e-03 1.762820512820512803e-02
0.000000000000000000e+00 3.445512820512820484e-01 4.929220085470085722e-01 6.766381766381766340e-03 1.629273504273504383e-02
0.000000000000000000e+00 3.767806267806267928e-01 4.906517094017093794e-01 7.122507122507122646e-03 1.709401709401709574e-02
0.000000000000000000e+00 3.757122507122507282e-01 4.692841880341880323e-01 6.410256410256410034e-03 1.655982905982905998e-02
0.000000000000000000e+00 3.838141025641025883e-01 4.679487179487179516e-01 6.944444444444444059e-03 1.549145299145299193e-02
0.000000000000000000e+00 3.986823361823361722e-01 4.658119658119658224e-01 7.834757834757835257e-03 2.029914529914529989e-02
0.000000000000000000e+00 4.067841880341880323e-01 4.660790598290598385e-01 7.656695156695156670e-03 1.762820512820512803e-02
0.000000000000000000e+00 4.151531339031339085e-01 4.640758547008547175e-01 7.300569800569800365e-03 2.110042735042735179e-02
0.000000000000000000e+00 4.094551282051281937e-01 5.186965811965812412e-01 1.727207977207977085e-02 1.175213675213675202e-02
0.000000000000000000e+00 3.599537037037037202e-01 7.813835470085470636e-01 8.725071225071224720e-03 1.255341880341880392e-02
0.000000000000000000e+00 3.842592592592592449e-01 7.343750000000000000e-01 1.745014245014244944e-02 1.736111111111111188e-02
0.000000000000000000e+00 4.120370370370370350e-01 7.136752136752136932e-01 1.994301994301994271e-02 2.136752136752136794e-02
0.000000000000000000e+00 4.504985754985754709e-01 7.586805555555555802e-01 8.190883190883190695e-03 1.949786324786324798e-02
0.000000000000000000e+00 4.546830484330484090e-01 8.417467948717948234e-01 8.725071225071224720e-03 2.483974358974358823e-02
0.000000000000000000e+00 6.097756410256410797e-01 4.210737179487179516e-01 8.368945868945869282e-03 1.041666666666666609e-02
0.000000000000000000e+00 5.253739316239316448e-01 6.629273504273504036e-01 1.477920227920227932e-02 1.762820512820512803e-02
0.000000000000000000e+00 5.933048433048433434e-01 5.889423076923077094e-01 1.460113960113960073e-02 1.549145299145299193e-02
0.000000000000000000e+00 6.120014245014244736e-01 5.805288461538461453e-01 1.602564102564102422e-02 1.469017094017094002e-02
0.000000000000000000e+00 6.522435897435897578e-01 5.602297008547008073e-01 1.460113960113960073e-02 1.522435897435897405e-02
0.000000000000000000e+00 6.734330484330484090e-01 5.507478632478632896e-01 1.495726495726495790e-02 1.388888888888888812e-02
0.000000000000000000e+00 6.952457264957264682e-01 5.404647435897436125e-01 1.406695156695156670e-02 1.415598290598290600e-02
0.000000000000000000e+00 7.366452991452991927e-01 3.904914529914529919e-01 1.495726495726495790e-02 1.068376068376068397e-02
0.000000000000000000e+00 7.727920227920227481e-01 3.860844017094017255e-01 1.353276353276353268e-02 9.882478632478632063e-03
0.000000000000000000e+00 7.567663817663817794e-01 3.848824786324786529e-01 1.460113960113960073e-02 4.807692307692307959e-03
0.000000000000000000e+00 7.535612535612535856e-01 5.114850427350426942e-01 1.353276353276353268e-02 1.175213675213675202e-02
0.000000000000000000e+00 7.781339031339031820e-01 4.997329059829059839e-01 1.424501424501424529e-02 1.282051282051282007e-02
0.000000000000000000e+00 6.551816239316239354e-01 2.897970085470085583e-02 9.437321937321937332e-03 1.201923076923076990e-02
0.000000000000000000e+00 6.925747863247863068e-01 7.278311965811966322e-02 1.050569800569800538e-02 1.469017094017094002e-02
0.000000000000000000e+00 7.032585470085470636e-01 8.880876068376068744e-02 8.725071225071224720e-03 1.629273504273504383e-02
0.000000000000000000e+00 6.999643874643874941e-01 1.254006410256410242e-01 7.478632478632478951e-03 9.348290598290598039e-03
0.000000000000000000e+00 7.111823361823361722e-01 1.435630341880341776e-01 4.629629629629629373e-03 9.882478632478632063e-03
0.000000000000000000e+00 7.272079772079772519e-01 1.658653846153846090e-01 9.259259259259258745e-03 1.388888888888888812e-02
0.000000000000000000e+00 7.443910256410256610e-01 1.907051282051281937e-01 1.086182336182336255e-02 1.388888888888888812e-02
0.000000000000000000e+00 7.425213675213675479e-01 7.839209401709401615e-02 6.054131054131053728e-03 1.308760683760683795e-02
0.000000000000000000e+00 7.491096866096865758e-01 7.865918803418803229e-02 5.698005698005698290e-03 1.308760683760683795e-02
0.000000000000000000e+00 7.557870370370370905e-01 7.825854700854700807e-02 6.588319088319088621e-03 1.121794871794871799e-02
0.000000000000000000e+00 7.629985754985755264e-01 7.865918803418803229e-02 6.410256410256410034e-03 1.255341880341880392e-02
0.000000000000000000e+00 8.582621082621082476e-01 1.169871794871794879e-01 8.903133903133903307e-03 1.175213675213675202e-02
0.000000000000000000e+00 8.637820512820513219e-01 1.212606837606837601e-01 1.032763532763532680e-02 1.282051282051282007e-02
0.000000000000000000e+00 8.703703703703703498e-01 1.255341880341880323e-01 6.766381766381766340e-03 1.014957264957264994e-02
0.000000000000000000e+00 8.674323361823361722e-01 1.594551282051281937e-01 1.157407407407407343e-02 8.547008547008547868e-03
0.000000000000000000e+00 8.904024216524216717e-01 1.530448717948718063e-01 1.050569800569800538e-02 1.068376068376068397e-02
0.000000000000000000e+00 9.917200854700854995e-01 1.619925213675213749e-01 6.232193732193732315e-03 1.201923076923076990e-02
0.000000000000000000e+00 9.956374643874643660e-01 1.764155982905983022e-01 8.368945868945869282e-03 1.629273504273504383e-02
0.000000000000000000e+00 9.622507122507122368e-01 2.435897435897435848e-01 1.246438746438746463e-02 1.068376068376068397e-02
0.000000000000000000e+00 9.322471509971509418e-01 2.656250000000000000e-01 1.834045584045583890e-02 2.377136752136752018e-02
0.000000000000000000e+00 9.187143874643874941e-01 2.807158119658119677e-01 9.437321937321937332e-03 1.068376068376068397e-02
0.000000000000000000e+00 7.946047008547008073e-01 4.217414529914529919e-01 1.442307692307692388e-02 1.121794871794871799e-02
0.000000000000000000e+00 7.980769230769231282e-01 4.313568376068376287e-01 1.317663817663817724e-02 1.014957264957264994e-02
0.000000000000000000e+00 8.051994301994301884e-01 4.501869658119658224e-01 9.615384615384615918e-03 1.201923076923076990e-02
0.000000000000000000e+00 8.319978632478632896e-01 4.269497863247863068e-01 1.513532763532763475e-02 1.095085470085470011e-02
0.000000000000000000e+00 8.400106837606837740e-01 4.452457264957264682e-01 1.406695156695156670e-02 1.282051282051282007e-02
0.000000000000000000e+00 9.808582621082621023e-01 3.820779914529914278e-01 1.513532763532763475e-02 1.575854700854700807e-02
0.000000000000000000e+00 9.595797720797720753e-01 3.940972222222222099e-01 1.495726495726495790e-02 1.362179487179487197e-02
0.000000000000000000e+00 8.313746438746438816e-01 4.922542735042735318e-01 1.353276353276353268e-02 1.388888888888888812e-02
0.000000000000000000e+00 8.323539886039885705e-01 5.507478632478632896e-01 1.014957264957264994e-02 2.083333333333333218e-02
0.000000000000000000e+00 8.400997150997151497e-01 5.759882478632478708e-01 1.032763532763532680e-02 1.896367521367521222e-02
0.000000000000000000e+00 8.507834757834757955e-01 6.159188034188034511e-01 9.615384615384615918e-03 1.762820512820512803e-02
0.000000000000000000e+00 8.581730769230768718e-01 6.378205128205127750e-01 1.228632478632478604e-02 2.136752136752136794e-02
0.000000000000000000e+00 8.631588319088319139e-01 6.574519230769231282e-01 1.014957264957264994e-02 1.736111111111111188e-02
0.000000000000000000e+00 8.473112535612535856e-01 6.696047008547008073e-01 8.368945868945869282e-03 2.403846153846153980e-02
0.000000000000000000e+00 8.538995726495726135e-01 6.919070512820513219e-01 8.368945868945869282e-03 1.736111111111111188e-02
0.000000000000000000e+00 8.890669515669515910e-01 7.540064102564102422e-01 1.175213675213675202e-02 2.510683760683760785e-02
0.000000000000000000e+00 8.947649572649573058e-01 7.763087606837606458e-01 9.971509971509971357e-03 1.789529914529914417e-02
0.000000000000000000e+00 9.017094017094017255e-01 7.978098290598291120e-01 1.103988603988603941e-02 2.136752136752136794e-02
0.000000000000000000e+00 9.100783475783476018e-01 8.329326923076922906e-01 1.139601139601139658e-02 2.110042735042735179e-02
0.000000000000000000e+00 9.170227920227920215e-01 8.552350427350426942e-01 1.139601139601139658e-02 2.083333333333333218e-02
0.000000000000000000e+00 9.018874643874643660e-01 8.671207264957264682e-01 1.103988603988603941e-02 2.430555555555555594e-02
0.000000000000000000e+00 9.388354700854700807e-01 9.357638888888888395e-01 1.121794871794871799e-02 2.056623931623931603e-02
0.000000000000000000e+00 9.457799145299145005e-01 8.588408119658119677e-01 1.228632478632478604e-02 2.644230769230769204e-02
0.000000000000000000e+00 9.649216524216523982e-01 8.536324786324785974e-01 1.495726495726495790e-02 2.938034188034188005e-02
0.000000000000000000e+00 9.821047008547008073e-01 8.545673076923077094e-01 1.299857549857549865e-02 2.270299145299145213e-02
0.000000000000000000e+00 9.899394586894586512e-01 8.509615384615384359e-01 1.121794871794871799e-02 1.923076923076923184e-02
