0.000000000000000000e+00 4.985754985754985678e-03 5.969551282051282354e-02 9.615384615384615918e-03 1.148504273504273587e-02
0.000000000000000000e+00 1.655982905982905998e-02 6.797542735042734485e-02 9.259259259259258745e-03 1.095085470085470011e-02
0.000000000000000000e+00 5.226139601139601076e-02 6.677350427350427220e-02 9.437321937321937332e-03 1.121794871794871799e-02
0.000000000000000000e+00 2.181267806267806267e-02 9.081196581196580853e-02 1.121794871794871799e-02 9.081196581196581893e-03
0.000000000000000000e+00 2.012108262108262130e-02 9.802350427350427220e-02 1.139601139601139658e-02 9.081196581196581893e-03
0.000000000000000000e+00 1.486823361823361861e-02 1.095085470085470081e-01 1.371082621082621127e-02 1.282051282051282007e-02
0.000000000000000000e+00 1.166310541310541272e-02 1.164529914529914556e-01 1.193019943019943060e-02 9.615384615384615918e-03
0.000000000000000000e+00 9.081196581196581893e-03 1.227297008547008489e-01 1.139601139601139658e-02 9.348290598290598039e-03
0.000000000000000000e+00 4.095441595441595348e-03 1.423611111111111049e-01 7.834757834757835257e-03 1.014957264957264994e-02
0.000000000000000000e+00 2.759971509971509852e-03 1.494391025641025605e-01 4.807692307692307959e-03 9.348290598290598039e-03
0.000000000000000000e+00 3.481125356125355785e-02 1.434294871794871695e-01 1.086182336182336255e-02 9.081196581196581893e-03
0.000000000000000000e+00 6.997863247863247982e-02 8.333333333333332871e-02 9.259259259259258745e-03 1.121794871794871799e-02
0.000000000000000000e+00 8.190883190883191389e-02 1.004273504273504314e-01 9.259259259259258745e-03 1.228632478632478604e-02
0.000000000000000000e+00 9.107905982905982467e-02 1.213942307692307682e-01 6.588319088319088621e-03 1.201923076923076990e-02
0.000000000000000000e+00 7.727920227920227758e-02 1.327457264957264960e-01 6.766381766381766340e-03 1.388888888888888812e-02
0.000000000000000000e+00 2.263176638176638278e-01 4.273504273504273934e-03 9.615384615384615918e-03 7.478632478632478951e-03
0.000000000000000000e+00 1.371972934472934502e-01 3.171741452991452825e-01 1.299857549857549865e-02 9.348290598290598039e-03
0.000000000000000000e+00 1.753917378917378977e-01 3.186431623931623713e-01 1.282051282051282007e-02 1.121794871794871799e-02
0.000000000000000000e+00 1.296296296296296224e-01 3.397435897435897578e-01 1.353276353276353268e-02 1.014957264957264994e-02
0.000000000000000000e+00 1.417378917378917247e-01 5.387286324786324521e-01 1.032763532763532680e-02 5.876068376068376009e-03
0.000000000000000000e+00 1.599893162393162260e-01 5.194978632478632896e-01 1.655982905982905998e-02 1.335470085470085409e-02
0.000000000000000000e+00 1.836716524216524260e-01 5.193643162393162260e-01 1.371082621082621127e-02 1.148504273504273587e-02
0.000000000000000000e+00 1.870548433048433157e-01 5.385950854700854995e-01 1.335470085470085409e-02 8.814102564102564014e-03
0.000000000000000000e+00 2.156339031339031265e-01 5.383279914529914834e-01 1.460113960113960073e-02 8.814102564102564014e-03
0.000000000000000000e+00 2.758190883190883014e-01 5.200320512820513219e-01 1.638176638176638139e-02 1.068376068376068397e-02
0.000000000000000000e+00 2.755519943019942852e-01 5.300480769230768718e-01 1.335470085470085409e-02 1.041666666666666609e-02
0.000000000000000000e+00 2.759081196581196771e-01 5.392628205128204844e-01 1.584757834757834910e-02 1.068376068376068397e-02
0.000000000000000000e+00 2.774216524216523982e-01 5.499465811965812412e-01 1.282051282051282007e-02 1.121794871794871799e-02
0.000000000000000000e+00 2.290776353276353372e-01 5.520833333333333703e-01 1.299857549857549865e-02 1.068376068376068397e-02
0.000000000000000000e+00 2.305021367521367659e-01 5.623664529914529364e-01 1.798433048433048520e-02 1.201923076923076990e-02
0.000000000000000000e+00 2.764423076923077094e-01 5.726495726495726135e-01 1.442307692307692388e-02 1.175213675213675202e-02
0.000000000000000000e+00 2.755519943019942852e-01 5.829326923076922906e-01 1.477920227920227932e-02 1.148504273504273587e-02
0.000000000000000000e+00 2.267628205128205121e-01 5.762553418803418870e-01 1.371082621082621127e-02 9.882478632478632063e-03
0.000000000000000000e+00 2.258725071225071157e-01 5.857371794871795156e-01 1.406695156695156670e-02 1.068376068376068397e-02
0.000000000000000000e+00 2.151887464387464421e-01 6.404914529914529364e-01 1.513532763532763475e-02 1.121794871794871799e-02
0.000000000000000000e+00 2.150997150997150942e-01 6.511752136752136932e-01 1.709401709401709574e-02 1.175213675213675202e-02
0.000000000000000000e+00 2.134971509971509973e-01 6.725427350427350959e-01 1.460113960113960073e-02 1.175213675213675202e-02
0.000000000000000000e+00 2.126958689458689489e-01 6.841613247863247427e-01 1.762820512820512803e-02 1.255341880341880392e-02
0.000000000000000000e+00 2.125178062678062807e-01 6.935096153846154188e-01 1.121794871794871799e-02 9.882478632478632063e-03
0.000000000000000000e+00 1.116452991452991511e-01 7.812500000000000000e-01 1.851851851851851749e-02 1.228632478632478604e-02
0.000000000000000000e+00 1.101317663817663883e-01 7.923344017094017255e-01 1.762820512820512803e-02 1.362179487179487197e-02
0.000000000000000000e+00 1.095975783475783422e-01 8.043536324786324521e-01 1.869658119658119608e-02 1.308760683760683795e-02
0.000000000000000000e+00 1.068376068376068327e-01 8.157051282051281937e-01 1.745014245014244944e-02 1.335470085470085409e-02
0.000000000000000000e+00 1.062143874643874664e-01 8.286591880341880323e-01 1.620370370370370280e-02 1.308760683760683795e-02
0.000000000000000000e+00 1.035434472934472910e-01 8.365384615384615641e-01 1.406695156695156670e-02 6.410256410256410034e-03
0.000000000000000000e+00 3.747329059829059839e-01 6.276709401709401961e-03 6.232193732193732315e-03 8.814102564102564014e-03
0.000000000000000000e+00 3.546118233618233417e-01 1.021634615384615363e-01 6.944444444444444059e-03 1.308760683760683795e-02
0.000000000000000000e+00 3.698361823361823175e-01 9.829059829059828834e-02 7.122507122507122646e-03 1.175213675213675202e-02
0.000000000000000000e+00 3.751780626780626959e-01 9.682158119658119955e-02 7.834757834757835257e-03 1.201923076923076990e-02
0.000000000000000000e+00 4.037571225071225345e-01 8.720619658119657669e-02 6.588319088319088621e-03 8.814102564102564014e-03
0.000000000000000000e+00 4.419515669515669543e-01 7.972756410256409687e-02 8.190883190883190695e-03 1.415598290598290600e-02
0.000000000000000000e+00 4.496082621082621023e-01 7.812500000000000000e-02 7.122507122507122646e-03 1.255341880341880392e-02
0.000000000000000000e+00 4.559294871794871695e-01 7.598824786324785696e-02 8.012820512820512109e-03 1.148504273504273587e-02
0.000000000000000000e+00 4.680377492877492718e-01 7.144764957264956862e-02 6.232193732193732315e-03 1.148504273504273587e-02
0.000000000000000000e+00 4.057158119658119677e-01 2.264957264957264960e-01 1.406695156695156670e-02 1.014957264957264994e-02
0.000000000000000000e+00 4.042022792022791911e-01 2.353098290598290565e-01 1.460113960113960073e-02 1.014957264957264994e-02
0.000000000000000000e+00 3.883547008547008628e-01 3.824786324786324521e-01 6.766381766381766340e-03 1.762820512820512803e-02
0.000000000000000000e+00 3.865740740740740700e-01 3.985042735042735318e-01 7.478632478632478951e-03 1.709401709401709574e-02
0.000000000000000000e+00 3.963675213675213471e-01 3.994391025641025883e-01 6.054131054131053728e-03 1.575854700854700807e-02
0.000000000000000000e+00 3.131232193732193525e-01 5.507478632478632896e-01 1.371082621082621127e-02 1.121794871794871799e-02
0.000000000000000000e+00 3.628027065527065775e-01 5.372596153846154188e-01 8.725071225071224720e-03 2.163461538461538408e-02
0.000000000000000000e+00 4.021545584045583821e-01 5.856036324786324521e-01 7.656695156695156670e-03 1.629273504273504383e-02
0.000000000000000000e+00 3.378739316239316448e-01 7.119391025641025328e-01 1.228632478632478604e-02 1.255341880341880392e-02
0.000000000000000000e+00 2.706552706552706744e-01 7.585470085470085166e-01 8.190883190883190695e-03 2.243589743589743599e-02
0.000000000000000000e+00 2.805377492877492718e-01 7.572115384615384359e-01 8.725071225071224720e-03 2.029914529914529989e-02
0.000000000000000000e+00 3.098290598290598385e-01 7.581463675213675479e-01 8.190883190883190695e-03 1.575854700854700807e-02
0.000000000000000000e+00 5.097044159544159569e-01 2.322382478632478708e-01 1.299857549857549865e-02 1.041666666666666609e-02
0.000000000000000000e+00 5.100605413105413488e-01 2.473290598290598385e-01 1.228632478632478604e-02 1.014957264957264994e-02
0.000000000000000000e+00 5.443376068376067911e-01 2.339743589743589758e-01 1.210826210826210746e-02 1.068376068376068397e-02
0.000000000000000000e+00 5.439814814814815103e-01 2.478632478632478708e-01 1.317663817663817724e-02 1.014957264957264994e-02
0.000000000000000000e+00 5.437143874643874941e-01 2.549412393162392987e-01 1.050569800569800538e-02 1.148504273504273587e-02
0.000000000000000000e+00 5.445156695156695426e-01 2.641559829059829112e-01 1.317663817663817724e-02 1.068376068376068397e-02
0.000000000000000000e+00 5.584045584045583821e-01 2.562767094017093794e-01 1.068376068376068397e-02 9.348290598290598039e-03
0.000000000000000000e+00 5.589387464387464144e-01 2.645566239316239354e-01 1.246438746438746463e-02 1.041666666666666609e-02
0.000000000000000000e+00 5.440705128205127750e-01 2.712339743589743390e-01 1.193019943019943060e-02 9.882478632478632063e-03
0.000000000000000000e+00 5.580484330484331013e-01 2.715010683760683552e-01 1.210826210826210746e-02 8.814102564102564014e-03
0.000000000000000000e+00 5.436253561253561184e-01 2.756410256410256610e-01 1.103988603988603941e-02 3.739316239316239476e-03
0.000000000000000000e+00 5.584045584045583821e-01 2.764423076923077094e-01 1.032763532763532680e-02 4.273504273504273934e-03
0.000000000000000000e+00 5.900106837606837740e-01 2.314369658119658224e-01 1.371082621082621127e-02 9.348290598290598039e-03
0.000000000000000000e+00 5.930377492877493273e-01 2.600160256410256610e-01 1.228632478632478604e-02 9.882478632478632063e-03
0.000000000000000000e+00 4.697293447293447444e-01 3.663194444444444198e-01 8.903133903133903307e-03 9.882478632478632063e-03
0.000000000000000000e+00 5.068554131054131551e-01 3.703258547008547175e-01 1.228632478632478604e-02 9.882478632478632063e-03
0.000000000000000000e+00 5.722934472934473327e-01 3.743322649572649596e-01 1.673789173789173856e-02 1.201923076923076990e-02
0.000000000000000000e+00 5.912571225071224790e-01 3.762019230769230727e-01 1.335470085470085409e-02 1.041666666666666609e-02
0.000000000000000000e+00 6.753917378917378977e-01 3.713942307692307820e-01 1.424501424501424529e-02 5.608974358974358997e-03
0.000000000000000000e+00 7.130519943019942852e-01 3.723290598290598385e-01 1.513532763532763475e-02 6.944444444444444059e-03
0.000000000000000000e+00 4.884259259259259300e-01 4.127938034188033956e-01 7.122507122507122646e-03 1.575854700854700807e-02
0.000000000000000000e+00 5.876958689458688934e-01 4.293536324786324521e-01 1.371082621082621127e-02 1.041666666666666609e-02
0.000000000000000000e+00 5.542200854700854995e-01 4.405715811965811857e-01 1.264245014245014322e-02 1.095085470085470011e-02
0.000000000000000000e+00 5.373931623931623713e-01 4.395032051282051211e-01 1.495726495726495790e-02 1.255341880341880392e-02
0.000000000000000000e+00 5.381054131054131551e-01 4.496527777777777901e-01 1.317663817663817724e-02 1.095085470085470011e-02
0.000000000000000000e+00 4.873575498575498655e-01 4.615384615384615641e-01 1.317663817663817724e-02 1.014957264957264994e-02
0.000000000000000000e+00 5.582264957264957417e-01 4.675480769230769273e-01 1.460113960113960073e-02 1.148504273504273587e-02
0.000000000000000000e+00 5.933048433048433434e-01 4.508547008547008628e-01 1.246438746438746463e-02 1.014957264957264994e-02
0.000000000000000000e+00 5.946403133903134242e-01 4.594017094017093794e-01 1.264245014245014322e-02 1.014957264957264994e-02
0.000000000000000000e+00 5.933938746438746081e-01 4.684829059829059839e-01 1.584757834757834910e-02 1.121794871794871799e-02
0.000000000000000000e+00 4.495192307692307820e-01 5.093482905982905651e-01 1.299857549857549865e-02 1.121794871794871799e-02
0.000000000000000000e+00 4.504095441595441507e-01 5.206997863247863068e-01 1.513532763532763475e-02 1.148504273504273587e-02
0.000000000000000000e+00 5.586716524216523982e-01 5.072115384615384359e-01 1.406695156695156670e-02 1.068376068376068397e-02
0.000000000000000000e+00 5.974893162393162260e-01 5.072115384615384359e-01 1.264245014245014322e-02 1.068376068376068397e-02
0.000000000000000000e+00 5.989138176638176825e-01 5.170940170940171443e-01 1.655982905982905998e-02 1.282051282051282007e-02
0.000000000000000000e+00 4.821047008547008628e-01 5.422008547008546619e-01 7.656695156695156670e-03 1.709401709401709574e-02
0.000000000000000000e+00 4.906517094017093794e-01 5.392628205128204844e-01 8.368945868945869282e-03 1.762820512820512803e-02
0.000000000000000000e+00 4.997329059829059839e-01 5.400641025641025328e-01 7.300569800569800365e-03 1.869658119658119608e-02
0.000000000000000000e+00 5.085470085470085166e-01 5.392628205128204844e-01 7.834757834757835257e-03 1.976495726495726413e-02
0.000000000000000000e+00 5.167378917378917524e-01 5.400641025641025328e-01 6.766381766381766340e-03 1.976495726495726413e-02
0.000000000000000000e+00 5.255519943019942852e-01 5.389957264957264682e-01 7.300569800569800365e-03 1.816239316239316379e-02
0.000000000000000000e+00 5.334757834757835049e-01 5.391292735042735318e-01 7.478632478632478951e-03 1.789529914529914417e-02
0.000000000000000000e+00 5.435363247863247427e-01 5.404647435897436125e-01 7.300569800569800365e-03 1.682692307692307612e-02
0.000000000000000000e+00 5.522613960113960108e-01 5.379273504273504036e-01 8.368945868945869282e-03 2.136752136752136794e-02
0.000000000000000000e+00 5.605413105413105113e-01 5.381944444444444198e-01 7.478632478632478951e-03 1.709401709401709574e-02
0.000000000000000000e+00 5.695334757834757955e-01 5.379273504273504036e-01 7.656695156695156670e-03 1.762820512820512803e-02
0.000000000000000000e+00 5.782585470085470636e-01 5.364583333333333703e-01 8.012820512820512109e-03 2.216880341880341984e-02
0.000000000000000000e+00 4.472044159544159569e-01 5.853365384615384359e-01 1.691595441595441715e-02 1.308760683760683795e-02
0.000000000000000000e+00 4.826388888888888951e-01 5.985576923076922906e-01 1.655982905982905998e-02 1.228632478632478604e-02
0.000000000000000000e+00 4.832621082621082476e-01 6.308760683760683552e-01 1.566951566951567051e-02 1.335470085470085409e-02
0.000000000000000000e+00 4.837962962962962798e-01 6.428952991452991927e-01 1.673789173789173856e-02 1.282051282051282007e-02
0.000000000000000000e+00 4.853988603988603767e-01 6.541132478632478708e-01 1.424501424501424529e-02 1.175213675213675202e-02
0.000000000000000000e+00 4.499643874643874386e-01 6.633279914529914834e-01 1.709401709401709574e-02 1.308760683760683795e-02
0.000000000000000000e+00 5.561787749287748772e-01 7.134081196581196771e-01 1.086182336182336255e-02 2.831196581196581200e-02
0.000000000000000000e+00 6.395121082621082476e-01 6.378205128205127750e-01 8.012820512820512109e-03 1.228632478632478604e-02
0.000000000000000000e+00 6.509971509971509418e-01 7.116720085470085166e-01 9.971509971509971357e-03 2.163461538461538408e-02
0.000000000000000000e+00 6.542022792022792466e-01 7.406517094017094349e-01 8.903133903133903307e-03 1.869658119658119608e-02
0.000000000000000000e+00 6.566951566951566566e-01 7.642895299145299193e-01 8.903133903133903307e-03 1.949786324786324798e-02
0.000000000000000000e+00 6.594551282051281937e-01 7.855235042735042583e-01 6.944444444444444059e-03 1.121794871794871799e-02
0.000000000000000000e+00 6.623931623931623713e-01 8.233173076923077094e-01 1.638176638176638139e-02 1.308760683760683795e-02
0.000000000000000000e+00 6.631944444444444198e-01 8.353365384615384359e-01 1.691595441595441715e-02 1.362179487179487197e-02
0.000000000000000000e+00 6.647970085470085166e-01 8.786057692307692735e-01 1.264245014245014322e-02 1.362179487179487197e-02
0.000000000000000000e+00 6.681801994301994618e-01 8.938301282051281937e-01 8.725071225071224720e-03 1.255341880341880392e-02
0.000000000000000000e+00 6.684472934472934780e-01 9.188034188034187588e-01 1.602564102564102422e-02 1.335470085470085409e-02
0.000000000000000000e+00 6.381766381766381668e-01 9.659455128205127750e-01 9.259259259259258745e-03 1.842948717948717993e-02
0.000000000000000000e+00 6.485933048433047965e-01 9.638087606837606458e-01 9.437321937321937332e-03 2.537393162393162399e-02
0.000000000000000000e+00 6.719195156695156879e-01 9.670138888888888395e-01 8.368945868945869282e-03 1.736111111111111188e-02
0.000000000000000000e+00 6.819800569800569257e-01 9.647435897435897578e-01 9.615384615384615918e-03 2.403846153846153980e-02
0.000000000000000000e+00 6.673789173789174134e-01 3.165064102564102422e-02 9.971509971509971357e-03 1.095085470085470011e-02
0.000000000000000000e+00 5.656160968660968180e-01 1.219284188034188005e-01 8.012820512820512109e-03 1.095085470085470011e-02
0.000000000000000000e+00 5.941061253561253919e-01 1.144497863247863206e-01 6.944444444444444059e-03 1.308760683760683795e-02
0.000000000000000000e+00 5.573361823361823175e-01 1.227297008547008489e-01 7.478632478632478951e-03 9.882478632478632063e-03
0.000000000000000000e+00 5.503917378917378977e-01 1.236645299145299193e-01 8.190883190883190695e-03 9.615384615384615918e-03
0.000000000000000000e+00 6.000712250712251228e-01 1.119123931623931673e-01 8.190883190883190695e-03 1.121794871794871799e-02
0.000000000000000000e+00 6.072827635327635587e-01 1.085737179487179516e-01 7.656695156695156670e-03 1.415598290598290600e-02
0.000000000000000000e+00 6.153846153846154188e-01 1.081730769230769273e-01 8.547008547008547868e-03 1.282051282051282007e-02
0.000000000000000000e+00 7.516025641025640969e-01 8.360042735042734485e-02 6.054131054131053728e-03 1.228632478632478604e-02
0.000000000000000000e+00 7.585470085470085166e-01 7.425213675213675202e-02 7.478632478632478951e-03 1.495726495726495790e-02
0.000000000000000000e+00 7.604166666666666297e-01 8.854166666666667129e-02 6.944444444444444059e-03 1.201923076923076990e-02
0.000000000000000000e+00 8.011039886039885705e-01 9.668803418803419147e-02 6.410256410256410034e-03 1.549145299145299193e-02
0.000000000000000000e+00 7.633547008547008073e-01 1.920405982905983022e-01 6.054131054131053728e-03 1.495726495726495790e-02
0.000000000000000000e+00 7.639779202279202153e-01 2.633547008547008628e-01 6.588319088319088621e-03 1.495726495726495790e-02
0.000000000000000000e+00 7.394052706552706189e-01 3.155715811965811857e-01 7.300569800569800365e-03 1.629273504273504383e-02
0.000000000000000000e+00 8.628027065527065220e-01 1.004273504273504314e-01 4.807692307692307959e-03 9.081196581196581893e-03
0.000000000000000000e+00 8.878205128205127750e-01 3.285256410256410242e-01 6.054131054131053728e-03 1.655982905982905998e-02
0.000000000000000000e+00 8.952101139601139623e-01 4.610042735042735318e-01 8.725071225071224720e-03 1.709401709401709574e-02
0.000000000000000000e+00 9.034009971509971981e-01 4.622061965811966044e-01 8.725071225071224720e-03 1.842948717948717993e-02
0.000000000000000000e+00 9.123931623931623713e-01 4.655448717948718063e-01 8.190883190883190695e-03 1.816239316239316379e-02
0.000000000000000000e+00 9.204950142450142314e-01 4.646100427350427498e-01 9.081196581196581893e-03 1.842948717948717993e-02
0.000000000000000000e+00 9.290420227920227481e-01 4.638087606837607013e-01 6.944444444444444059e-03 1.469017094017094002e-02
0.000000000000000000e+00 8.800747863247863068e-01 4.748931623931623713e-01 1.406695156695156670e-02 1.068376068376068397e-02
0.000000000000000000e+00 8.841702279202279247e-01 4.847756410256410242e-01 1.762820512820512803e-02 1.228632478632478604e-02
0.000000000000000000e+00 8.833689458689458762e-01 4.937232905982906206e-01 1.282051282051282007e-02 1.201923076923076990e-02
0.000000000000000000e+00 9.155982905982905651e-01 5.021367521367521292e-01 1.139601139601139658e-02 1.762820512820512803e-02
0.000000000000000000e+00 9.252136752136752573e-01 5.026709401709401615e-01 9.259259259259258745e-03 1.923076923076923184e-02
0.000000000000000000e+00 8.876424501424501345e-01 5.200320512820513219e-01 1.602564102564102422e-02 1.121794871794871799e-02
0.000000000000000000e+00 8.887998575498575748e-01 5.293803418803418870e-01 1.549145299145299193e-02 1.175213675213675202e-02
0.000000000000000000e+00 9.273504273504273865e-01 5.209668803418803229e-01 8.547008547008547868e-03 1.789529914529914417e-02
0.000000000000000000e+00 9.623397435897436125e-01 5.209668803418803229e-01 1.691595441595441715e-02 1.308760683760683795e-02
0.000000000000000000e+00 9.482727920227920215e-01 5.507478632478632896e-01 1.691595441595441715e-02 1.228632478632478604e-02
0.000000000000000000e+00 9.484508547008546619e-01 5.600961538461538547e-01 1.513532763532763475e-02 1.335470085470085409e-02
0.000000000000000000e+00 8.440170940170940161e-01 6.674679487179486781e-01 9.259259259259258745e-03 2.136752136752136794e-02
0.000000000000000000e+00 8.740206552706553111e-01 7.765758547008546619e-01 1.299857549857549865e-02 2.483974358974358823e-02
