0.000000000000000000e+00 1.550925925925925875e-01 9.281517094017094349e-02 1.531339031339031334e-02 2.216880341880341984e-02
0.000000000000000000e+00 3.555021367521367659e-01 2.096688034188034025e-02 8.368945868945869282e-03 1.148504273504273587e-02
0.000000000000000000e+00 3.863069800569800538e-01 6.396901709401708880e-02 8.368945868945869282e-03 1.362179487179487197e-02
0.000000000000000000e+00 3.940527065527065775e-01 8.012820512820513497e-02 7.122507122507122646e-03 1.602564102564102422e-02
0.000000000000000000e+00 3.717948717948718063e-01 9.321581196581196771e-02 1.068376068376068397e-02 6.944444444444444059e-03
0.000000000000000000e+00 3.813212250712250673e-01 1.164529914529914556e-01 1.193019943019943060e-02 9.615384615384615918e-03
0.000000000000000000e+00 3.897792022792022637e-01 1.342147435897435848e-01 8.903133903133903307e-03 9.882478632478632063e-03
0.000000000000000000e+00 4.182692307692307820e-01 1.821581196581196493e-01 1.068376068376068397e-02 1.388888888888888812e-02
0.000000000000000000e+00 4.034900284900284628e-01 1.539797008547008628e-01 5.698005698005698290e-03 7.211538461538461939e-03
0.000000000000000000e+00 4.020655270655270619e-01 1.713408119658119677e-01 7.122507122507122646e-03 9.882478632478632063e-03
0.000000000000000000e+00 4.350071225071225345e-01 6.997863247863247982e-02 5.698005698005698290e-03 1.282051282051282007e-02
0.000000000000000000e+00 4.414173789173789220e-01 7.024572649572649596e-02 5.698005698005698290e-03 1.228632478632478604e-02
0.000000000000000000e+00 4.486289173789173579e-01 6.997863247863247982e-02 5.519943019943019703e-03 1.121794871794871799e-02
0.000000000000000000e+00 4.553952991452991372e-01 7.024572649572649596e-02 5.519943019943019703e-03 1.121794871794871799e-02
0.000000000000000000e+00 5.456730769230768718e-01 1.084401709401709435e-01 1.121794871794871799e-02 1.175213675213675202e-02
0.000000000000000000e+00 5.499465811965812412e-01 1.127136752136752157e-01 1.014957264957264994e-02 1.335470085470085409e-02
0.000000000000000000e+00 5.549323361823361722e-01 1.175213675213675202e-01 5.163817663817663398e-03 1.014957264957264994e-02
0.000000000000000000e+00 5.373931623931623713e-01 1.633279914529914556e-01 6.410256410256410034e-03 1.041666666666666609e-02
0.000000000000000000e+00 5.473646723646723444e-01 1.490384615384615363e-01 1.175213675213675202e-02 5.876068376068376009e-03
0.000000000000000000e+00 5.657051282051281937e-01 1.513087606837606736e-01 6.054131054131053728e-03 9.348290598290598039e-03
0.000000000000000000e+00 5.711360398860398924e-01 1.452991452991453103e-01 8.725071225071224720e-03 1.068376068376068397e-02
0.000000000000000000e+00 2.392272079772079785e-01 4.097222222222222099e-01 1.406695156695156670e-02 1.068376068376068397e-02
0.000000000000000000e+00 5.528846153846153633e-02 4.127938034188033956e-01 1.157407407407407343e-02 1.522435897435897405e-02
0.000000000000000000e+00 5.430911680911681277e-03 4.555288461538461453e-01 6.232193732193732315e-03 1.629273504273504383e-02
0.000000000000000000e+00 2.029914529914529989e-02 4.535256410256410242e-01 7.478632478632478951e-03 2.029914529914529989e-02
0.000000000000000000e+00 2.840099715099714955e-02 4.537927350427350404e-01 8.368945868945869282e-03 1.709401709401709574e-02
0.000000000000000000e+00 3.694800569800570089e-02 4.541933760683760646e-01 7.656695156695156670e-03 1.629273504273504383e-02
0.000000000000000000e+00 2.216880341880341984e-02 5.061431623931623713e-01 1.798433048433048520e-02 1.228632478632478604e-02
0.000000000000000000e+00 3.988603988603988681e-01 4.885149572649572502e-01 1.495726495726495790e-02 1.282051282051282007e-02
0.000000000000000000e+00 3.712606837606837740e-01 5.000000000000000000e-01 1.424501424501424529e-02 1.282051282051282007e-02
0.000000000000000000e+00 3.071581196581196771e-01 5.285790598290598385e-01 1.495726495726495790e-02 1.388888888888888812e-02
0.000000000000000000e+00 2.836538461538461453e-01 5.385950854700854995e-01 1.602564102564102422e-02 1.415598290598290600e-02
0.000000000000000000e+00 2.606837606837607013e-01 5.486111111111111605e-01 1.566951566951567051e-02 1.549145299145299193e-02
0.000000000000000000e+00 2.164351851851851749e-01 5.683760683760683552e-01 1.584757834757834910e-02 1.495726495726495790e-02
0.000000000000000000e+00 1.961360398860398924e-01 5.767895299145299193e-01 1.513532763532763475e-02 1.522435897435897405e-02
0.000000000000000000e+00 1.144052706552706605e-01 6.499732905982905651e-01 1.549145299145299193e-02 1.736111111111111188e-02
0.000000000000000000e+00 2.118945868945868935e-02 7.447916666666666297e-01 6.410256410256410034e-03 1.949786324786324798e-02
0.000000000000000000e+00 1.086182336182336255e-02 8.269230769230768718e-01 9.615384615384615918e-03 2.564102564102564014e-02
0.000000000000000000e+00 3.744658119658119677e-01 3.800747863247863068e-01 1.246438746438746463e-02 1.068376068376068397e-02
0.000000000000000000e+00 4.129273504273504036e-01 3.764690170940170888e-01 1.317663817663817724e-02 1.095085470085470011e-02
0.000000000000000000e+00 4.160434472934472772e-01 3.936965811965811857e-01 8.725071225071224720e-03 1.014957264957264994e-02
0.000000000000000000e+00 4.279736467236467390e-01 4.113247863247863068e-01 1.584757834757834910e-02 1.121794871794871799e-02
0.000000000000000000e+00 4.301994301994301884e-01 4.209401709401709435e-01 1.317663817663817724e-02 1.068376068376068397e-02
0.000000000000000000e+00 4.326032763532763337e-01 4.403044871794871695e-01 1.264245014245014322e-02 1.308760683760683795e-02
0.000000000000000000e+00 4.659009971509971426e-01 4.162660256410256610e-01 1.513532763532763475e-02 9.882478632478632063e-03
0.000000000000000000e+00 4.705306267806267928e-01 4.349626068376068466e-01 1.406695156695156670e-02 1.255341880341880392e-02
0.000000000000000000e+00 4.443554131054130996e-01 5.401976495726495964e-01 8.368945868945869282e-03 2.056623931623931603e-02
0.000000000000000000e+00 4.469373219373219408e-01 5.653044871794872250e-01 8.190883190883190695e-03 1.896367521367521222e-02
0.000000000000000000e+00 4.295762108262108359e-01 5.642361111111111605e-01 8.725071225071224720e-03 2.110042735042735179e-02
0.000000000000000000e+00 4.512108262108261991e-01 6.047008547008546619e-01 7.834757834757835257e-03 1.762820512820512803e-02
0.000000000000000000e+00 4.545940170940170888e-01 6.268696581196581130e-01 9.259259259259258745e-03 2.083333333333333218e-02
0.000000000000000000e+00 4.561075498575498655e-01 6.463675213675214026e-01 8.012820512820512109e-03 1.816239316239316379e-02
0.000000000000000000e+00 4.367877492877492718e-01 6.583867521367521292e-01 8.547008547008547868e-03 2.403846153846153980e-02
0.000000000000000000e+00 4.394586894586894332e-01 6.806891025641025328e-01 8.547008547008547868e-03 1.736111111111111188e-02
0.000000000000000000e+00 4.418625356125356340e-01 7.060630341880341776e-01 9.081196581196581893e-03 2.483974358974358823e-02
0.000000000000000000e+00 4.441773504273504036e-01 7.267628205128204844e-01 8.368945868945869282e-03 1.602564102564102422e-02
0.000000000000000000e+00 4.650997150997150942e-01 7.429220085470085166e-01 9.259259259259258745e-03 2.430555555555555594e-02
0.000000000000000000e+00 4.464921652421652287e-01 7.443910256410256610e-01 8.012820512820512109e-03 1.869658119658119608e-02
0.000000000000000000e+00 4.488960113960113740e-01 7.692307692307692735e-01 9.259259259259258745e-03 2.350427350427350404e-02
0.000000000000000000e+00 4.669693732193732072e-01 7.649572649572649041e-01 7.656695156695156670e-03 1.709401709401709574e-02
0.000000000000000000e+00 4.702635327635327767e-01 7.867254273504273865e-01 8.903133903133903307e-03 2.270299145299145213e-02
0.000000000000000000e+00 4.505876068376068466e-01 7.942040598290598385e-01 8.368945868945869282e-03 1.896367521367521222e-02
0.000000000000000000e+00 4.724893162393162260e-01 8.215811965811965489e-01 9.081196581196581893e-03 1.976495726495726413e-02
0.000000000000000000e+00 4.755163817663817794e-01 8.433493589743589203e-01 9.081196581196581893e-03 1.896367521367521222e-02
0.000000000000000000e+00 4.540598290598290565e-01 8.299946581196581130e-01 9.615384615384615918e-03 2.270299145299145213e-02
0.000000000000000000e+00 4.568198005698005937e-01 8.555021367521367104e-01 9.793447293447292770e-03 2.457264957264957209e-02
0.000000000000000000e+00 4.608262108262108359e-01 8.998397435897436125e-01 9.971509971509971357e-03 2.083333333333333218e-02
0.000000000000000000e+00 4.833511396011396233e-01 9.238782051282051766e-01 8.725071225071224720e-03 2.029914529914529989e-02
0.000000000000000000e+00 5.036502849002848503e-01 8.473557692307692735e-01 9.081196581196581893e-03 2.537393162393162399e-02
0.000000000000000000e+00 5.229700854700854995e-01 8.424145299145299193e-01 1.175213675213675202e-02 2.938034188034188005e-02
0.000000000000000000e+00 5.412215099715099731e-01 8.432158119658119677e-01 1.014957264957264994e-02 2.297008547008547175e-02
0.000000000000000000e+00 5.497685185185184897e-01 8.400106837606837740e-01 9.081196581196581893e-03 1.923076923076923184e-02
0.000000000000000000e+00 5.872507122507122368e-01 2.928685897435897578e-01 9.971509971509971357e-03 1.629273504273504383e-02
0.000000000000000000e+00 5.781695156695156879e-01 2.713675213675213471e-01 1.032763532763532680e-02 8.547008547008547868e-03
0.000000000000000000e+00 5.942841880341880323e-01 2.569444444444444198e-01 1.976495726495726413e-02 2.243589743589743599e-02
0.000000000000000000e+00 6.287393162393162260e-01 2.343750000000000000e-01 1.353276353276353268e-02 1.041666666666666609e-02
0.000000000000000000e+00 6.728098290598291120e-01 1.549145299145299193e-01 5.519943019943019703e-03 1.228632478632478604e-02
0.000000000000000000e+00 6.753917378917378977e-01 1.685363247863247982e-01 8.903133903133903307e-03 1.655982905982905998e-02
0.000000000000000000e+00 6.984508547008546619e-01 1.824252136752136655e-01 1.406695156695156670e-02 1.228632478632478604e-02
0.000000000000000000e+00 5.997150997150997309e-01 3.850160256410256610e-01 1.566951566951567051e-02 1.415598290598290600e-02
0.000000000000000000e+00 6.242877492877493273e-01 3.713942307692307820e-01 1.495726495726495790e-02 1.308760683760683795e-02
0.000000000000000000e+00 7.931801994301994618e-01 3.860844017094017255e-01 8.012820512820512109e-03 1.308760683760683795e-02
0.000000000000000000e+00 6.501958689458688934e-01 4.889155982905982745e-01 9.081196581196581893e-03 2.323717948717948789e-02
0.000000000000000000e+00 6.734330484330484090e-01 5.936164529914529364e-01 9.259259259259258745e-03 2.216880341880341984e-02
0.000000000000000000e+00 6.872329059829059839e-01 6.618589743589743390e-01 9.081196581196581893e-03 2.190170940170940023e-02
0.000000000000000000e+00 7.002314814814815103e-01 7.266292735042735318e-01 8.725071225071224720e-03 1.949786324786324798e-02
0.000000000000000000e+00 7.045049857549857686e-01 7.487980769230768718e-01 8.012820512820512109e-03 2.323717948717948789e-02
0.000000000000000000e+00 7.120726495726495964e-01 7.903311965811965489e-01 1.068376068376068397e-02 2.350427350427350404e-02
0.000000000000000000e+00 7.459045584045583821e-01 8.060897435897436125e-01 1.887464387464387466e-02 1.335470085470085409e-02
0.000000000000000000e+00 6.954237891737892197e-01 8.197115384615384359e-01 1.584757834757834910e-02 1.335470085470085409e-02
0.000000000000000000e+00 7.000534188034187588e-01 8.564369658119658224e-01 1.655982905982905998e-02 1.362179487179487197e-02
0.000000000000000000e+00 7.022792022792022637e-01 8.680555555555555802e-01 1.566951566951567051e-02 1.282051282051282007e-02
0.000000000000000000e+00 7.597044159544159569e-01 8.615117521367521292e-01 1.549145299145299193e-02 1.362179487179487197e-02
0.000000000000000000e+00 7.180377492877493273e-01 9.712873931623932089e-01 1.050569800569800538e-02 2.323717948717948789e-02
0.000000000000000000e+00 7.459935897435897578e-01 9.695512820512820484e-01 1.014957264957264994e-02 2.083333333333333218e-02
0.000000000000000000e+00 7.516025641025640969e-01 9.935897435897436125e-01 8.903133903133903307e-03 1.228632478632478604e-02
0.000000000000000000e+00 7.873931623931623713e-01 8.867521367521367104e-01 1.994301994301994271e-02 1.709401709401709574e-02
0.000000000000000000e+00 8.390313390313390851e-01 8.778044871794872250e-01 1.851851851851851749e-02 1.789529914529914417e-02
0.000000000000000000e+00 8.632478632478632896e-01 8.748664529914529364e-01 1.745014245014244944e-02 1.308760683760683795e-02
0.000000000000000000e+00 9.011752136752136932e-01 8.692574786324785974e-01 1.887464387464387466e-02 1.469017094017094002e-02
0.000000000000000000e+00 9.488069800569800538e-01 8.556356837606837740e-01 1.513532763532763475e-02 1.415598290598290600e-02
0.000000000000000000e+00 9.172008547008546619e-01 9.218750000000000000e-01 2.314814814814814686e-02 1.949786324786324798e-02
0.000000000000000000e+00 9.514779202279202153e-01 9.018429487179486781e-01 1.869658119658119608e-02 1.469017094017094002e-02
0.000000000000000000e+00 9.196937321937321830e-01 9.377670940170940161e-01 1.531339031339031334e-02 1.228632478632478604e-02
0.000000000000000000e+00 9.225427350427350959e-01 9.505876068376067911e-01 1.816239316239316379e-02 1.388888888888888812e-02
0.000000000000000000e+00 9.563746438746438816e-01 9.168002136752136932e-01 1.638176638176638139e-02 1.415598290598290600e-02
0.000000000000000000e+00 9.591346153846154188e-01 9.282852564102563875e-01 1.976495726495726413e-02 1.736111111111111188e-02
0.000000000000000000e+00 9.636752136752136932e-01 9.423076923076922906e-01 1.816239316239316379e-02 1.602564102564102422e-02
0.000000000000000000e+00 9.660790598290598385e-01 9.548611111111111605e-01 1.727207977207977085e-02 1.495726495726495790e-02
0.000000000000000000e+00 8.706374643874643660e-01 3.724626068376068466e-01 6.944444444444444059e-03 1.469017094017094002e-02
0.000000000000000000e+00 9.466702279202279247e-01 3.426816239316239354e-01 1.121794871794871799e-02 1.655982905982905998e-02
0.000000000000000000e+00 8.500712250712251228e-01 6.022970085470085583e-02 1.068376068376068397e-02 1.041666666666666609e-02
0.000000000000000000e+00 8.640491452991453381e-01 6.704059829059828834e-02 1.299857549857549865e-02 1.175213675213675202e-02
0.000000000000000000e+00 9.131054131054131551e-01 2.263621794871794879e-01 1.602564102564102422e-02 1.362179487179487197e-02
0.000000000000000000e+00 9.818376068376067911e-01 1.355502136752136655e-01 1.139601139601139658e-02 1.362179487179487197e-02
0.000000000000000000e+00 9.458689458689458762e-01 1.525106837606837740e-01 3.561253561253561323e-03 8.547008547008547868e-03
0.000000000000000000e+00 9.458689458689458762e-01 1.639957264957264960e-01 8.547008547008547868e-03 1.068376068376068397e-02
0.000000000000000000e+00 9.448005698005698116e-01 1.700053418803418870e-01 8.903133903133903307e-03 8.279914529914529989e-03
0.000000000000000000e+00 9.448005698005698116e-01 1.770833333333333426e-01 1.032763532763532680e-02 8.547008547008547868e-03
0.000000000000000000e+00 9.756054131054131551e-01 1.717414529914529919e-01 1.353276353276353268e-02 9.615384615384615918e-03
0.000000000000000000e+00 9.775641025641025328e-01 1.844284188034188143e-01 1.175213675213675202e-02 9.882478632478632063e-03
0.000000000000000000e+00 9.799679487179486781e-01 1.977831196581196493e-01 1.157407407407407343e-02 9.882478632478632063e-03
0.000000000000000000e+00 9.478276353276353650e-01 1.967147435897435848e-01 1.210826210826210746e-02 9.348290598290598039e-03
0.000000000000000000e+00 9.491631054131054457e-01 2.048611111111111049e-01 1.193019943019943060e-02 1.014957264957264994e-02
