0.000000000000000000e+00 6.588319088319088968e-02 1.282051282051281937e-01 7.834757834757835257e-03 1.655982905982905998e-02
0.000000000000000000e+00 8.146367521367521569e-02 1.424946581196581130e-01 9.437321937321937332e-03 1.255341880341880392e-02
0.000000000000000000e+00 2.362001424501424529e-01 1.936431623931623991e-02 1.121794871794871799e-02 1.095085470085470011e-02
0.000000000000000000e+00 1.070156695156695148e-01 3.426816239316239354e-01 7.478632478632478951e-03 1.655982905982905998e-02
0.000000000000000000e+00 1.906160968660968735e-01 3.344017094017093794e-01 6.588319088319088621e-03 1.549145299145299193e-02
0.000000000000000000e+00 2.869480056980057148e-01 1.923076923076923184e-01 1.584757834757834910e-02 1.335470085470085409e-02
0.000000000000000000e+00 2.796474358974359031e-01 3.068910256410256610e-01 8.368945868945869282e-03 1.549145299145299193e-02
0.000000000000000000e+00 5.341880341880341984e-03 8.234508547008546619e-01 1.032763532763532680e-02 1.175213675213675202e-02
0.000000000000000000e+00 4.122150997150997309e-02 8.198450854700854995e-01 1.869658119658119608e-02 1.362179487179487197e-02
0.000000000000000000e+00 3.730413105413105113e-02 8.720619658119658224e-01 2.261396011396011457e-02 1.869658119658119608e-02
0.000000000000000000e+00 3.516737891737891503e-02 8.882211538461538547e-01 1.655982905982905998e-02 1.362179487179487197e-02
0.000000000000000000e+00 3.436609686609686659e-02 8.999732905982905651e-01 1.851851851851851749e-02 1.362179487179487197e-02
0.000000000000000000e+00 9.392806267806268206e-02 8.088942307692307265e-01 1.477920227920227932e-02 1.308760683760683795e-02
0.000000000000000000e+00 1.414707977207977085e-01 8.237179487179486781e-01 1.371082621082621127e-02 5.341880341880341984e-03
0.000000000000000000e+00 8.030626780626780314e-02 8.541666666666666297e-01 1.816239316239316379e-02 1.388888888888888812e-02
0.000000000000000000e+00 7.995014245014245291e-02 8.681891025641025328e-01 1.531339031339031334e-02 1.201923076923076990e-02
0.000000000000000000e+00 7.781339031339030987e-02 8.800747863247863068e-01 1.958689458689458554e-02 1.602564102564102422e-02
0.000000000000000000e+00 7.701210826210826144e-02 8.939636752136752573e-01 1.691595441595441715e-02 1.549145299145299193e-02
0.000000000000000000e+00 7.594373219373219686e-02 9.061164529914529364e-01 1.869658119658119608e-02 1.308760683760683795e-02
0.000000000000000000e+00 3.348468660968660915e-01 9.027777777777777624e-02 1.014957264957264994e-02 1.175213675213675202e-02
0.000000000000000000e+00 3.701032763532763337e-01 8.827457264957265515e-02 9.081196581196581893e-03 1.095085470085470011e-02
0.000000000000000000e+00 3.438390313390313202e-01 1.128472222222222238e-01 1.139601139601139658e-02 8.814102564102564014e-03
0.000000000000000000e+00 3.433938746438746636e-01 1.204594017094017117e-01 1.050569800569800538e-02 1.014957264957264994e-02
0.000000000000000000e+00 3.405448717948718063e-01 1.312767094017094072e-01 1.299857549857549865e-02 1.201923076923076990e-02
0.000000000000000000e+00 3.382300569800569812e-01 1.387553418803418870e-01 1.157407407407407343e-02 8.814102564102564014e-03
0.000000000000000000e+00 3.365384615384615641e-01 1.448985042735042861e-01 1.139601139601139658e-02 9.348290598290598039e-03
0.000000000000000000e+00 3.330662393162392987e-01 1.650641025641025605e-01 1.193019943019943060e-02 1.068376068376068397e-02
0.000000000000000000e+00 3.318198005698005937e-01 1.722756410256410242e-01 1.157407407407407343e-02 9.615384615384615918e-03
0.000000000000000000e+00 3.670762108262108359e-01 1.529113247863247982e-01 8.725071225071224720e-03 9.882478632478632063e-03
0.000000000000000000e+00 3.660968660968660915e-01 1.663995726495726413e-01 1.139601139601139658e-02 1.014957264957264994e-02
0.000000000000000000e+00 3.904914529914529919e-01 1.057692307692307682e-01 9.615384615384615918e-03 1.175213675213675202e-02
0.000000000000000000e+00 4.051816239316239354e-01 1.228632478632478570e-01 1.050569800569800538e-02 1.228632478632478604e-02
0.000000000000000000e+00 4.180021367521367659e-01 1.436965811965811857e-01 7.656695156695156670e-03 1.228632478632478604e-02
0.000000000000000000e+00 3.392094017094017255e-01 3.644497863247863068e-01 1.460113960113960073e-02 1.095085470085470011e-02
0.000000000000000000e+00 3.411680911680911588e-01 4.054487179487179516e-01 8.903133903133903307e-03 2.510683760683760785e-02
0.000000000000000000e+00 4.107905982905982745e-01 4.095886752136752018e-01 7.478632478632478951e-03 1.842948717948717993e-02
0.000000000000000000e+00 3.599537037037037202e-01 4.559294871794871695e-01 7.656695156695156670e-03 2.029914529914529989e-02
0.000000000000000000e+00 3.384081196581196771e-01 4.598023504273504036e-01 7.656695156695156670e-03 1.949786324786324798e-02
0.000000000000000000e+00 3.376068376068376287e-01 4.819711538461538547e-01 7.834757834757835257e-03 2.483974358974358823e-02
0.000000000000000000e+00 3.367165242165242045e-01 5.101495726495726135e-01 7.122507122507122646e-03 1.495726495726495790e-02
0.000000000000000000e+00 3.352920227920228036e-01 5.499465811965812412e-01 7.122507122507122646e-03 2.083333333333333218e-02
0.000000000000000000e+00 2.726139601139601076e-01 5.870726495726495964e-01 1.673789173789173856e-02 1.388888888888888812e-02
0.000000000000000000e+00 3.669871794871794601e-01 6.692040598290598385e-01 1.566951566951567051e-02 1.255341880341880392e-02
0.000000000000000000e+00 3.700142450142450135e-01 6.816239316239316448e-01 1.460113960113960073e-02 1.121794871794871799e-02
0.000000000000000000e+00 3.685007122507122368e-01 6.929754273504273865e-01 1.477920227920227932e-02 1.201923076923076990e-02
0.000000000000000000e+00 3.709935897435897578e-01 7.142094017094017255e-01 1.299857549857549865e-02 1.228632478632478604e-02
0.000000000000000000e+00 3.339565527065527228e-01 7.032585470085470636e-01 8.725071225071224720e-03 2.243589743589743599e-02
0.000000000000000000e+00 3.696581196581196771e-01 8.157051282051281937e-01 1.673789173789173856e-02 1.335470085470085409e-02
0.000000000000000000e+00 3.709935897435897578e-01 8.277243589743589203e-01 1.620370370370370280e-02 1.335470085470085409e-02
0.000000000000000000e+00 3.714387464387464144e-01 8.400106837606837740e-01 1.816239316239316379e-02 1.388888888888888812e-02
0.000000000000000000e+00 3.717058404558404305e-01 8.645833333333333703e-01 2.012108262108262130e-02 1.495726495726495790e-02
0.000000000000000000e+00 3.733974358974359031e-01 8.790064102564102422e-01 1.887464387464387466e-02 1.442307692307692388e-02
0.000000000000000000e+00 3.759793447293447444e-01 8.915598290598291120e-01 1.584757834757834910e-02 1.282051282051282007e-02
0.000000000000000000e+00 5.345441595441595695e-01 2.270299145299145473e-03 1.103988603988603941e-02 3.472222222222222029e-03
0.000000000000000000e+00 5.347222222222222099e-01 6.009615384615384949e-03 1.068376068376068397e-02 7.211538461538461939e-03
0.000000000000000000e+00 5.358796296296296502e-01 1.282051282051282007e-02 1.228632478632478604e-02 1.068376068376068397e-02
0.000000000000000000e+00 5.340990028490028019e-01 1.869658119658119608e-02 1.014957264957264994e-02 8.547008547008547868e-03
0.000000000000000000e+00 5.328525641025640969e-01 2.524038461538461592e-02 9.081196581196581893e-03 7.745726495726495964e-03
0.000000000000000000e+00 4.980413105413105668e-01 3.426816239316239354e-01 1.246438746438746463e-02 9.615384615384615918e-03
0.000000000000000000e+00 5.362357549857549310e-01 3.444177350427350404e-01 1.264245014245014322e-02 1.095085470085470011e-02
0.000000000000000000e+00 4.945690883190883014e-01 3.656517094017093794e-01 1.335470085470085409e-02 1.014957264957264994e-02
0.000000000000000000e+00 6.865206552706553111e-01 3.496260683760683552e-01 8.012820512820512109e-03 1.495726495726495790e-02
0.000000000000000000e+00 5.426460113960114295e-01 5.691773504273504036e-01 9.793447293447292770e-03 9.615384615384615918e-03
0.000000000000000000e+00 5.570690883190883014e-01 5.478098290598291120e-01 1.620370370370370280e-02 1.282051282051282007e-02
0.000000000000000000e+00 5.787927350427350959e-01 5.476762820512820484e-01 1.762820512820512803e-02 1.041666666666666609e-02
0.000000000000000000e+00 5.872507122507122368e-01 5.662393162393162260e-01 1.317663817663817724e-02 5.876068376068376009e-03
0.000000000000000000e+00 6.156517094017094349e-01 5.678418803418803229e-01 1.371082621082621127e-02 9.615384615384615918e-03
0.000000000000000000e+00 6.724537037037037202e-01 5.491452991452991927e-01 1.584757834757834910e-02 1.228632478632478604e-02
0.000000000000000000e+00 6.743233618233618332e-01 5.590277777777777901e-01 1.388888888888888812e-02 1.068376068376068397e-02
0.000000000000000000e+00 6.759259259259259300e-01 5.682425213675214026e-01 1.566951566951567051e-02 1.095085470085470011e-02
0.000000000000000000e+00 6.792200854700854995e-01 5.789262820512820484e-01 1.264245014245014322e-02 1.148504273504273587e-02
0.000000000000000000e+00 7.141203703703703498e-01 5.801282051282051766e-01 1.406695156695156670e-02 1.228632478632478604e-02
0.000000000000000000e+00 6.331018518518518601e-01 5.814636752136752573e-01 1.014957264957264994e-02 1.068376068376068397e-02
0.000000000000000000e+00 6.360398860398860377e-01 5.918803418803418870e-01 1.531339031339031334e-02 1.228632478632478604e-02
0.000000000000000000e+00 6.340811965811965489e-01 6.057692307692307265e-01 1.139601139601139658e-02 1.014957264957264994e-02
0.000000000000000000e+00 6.348824786324785974e-01 6.151175213675214026e-01 1.264245014245014322e-02 1.121794871794871799e-02
0.000000000000000000e+00 6.817129629629629095e-01 6.020299145299145005e-01 1.477920227920227932e-02 1.228632478632478604e-02
0.000000000000000000e+00 6.828703703703703498e-01 6.124465811965812412e-01 1.531339031339031334e-02 1.121794871794871799e-02
0.000000000000000000e+00 6.334579772079772519e-01 6.708066239316239354e-01 1.406695156695156670e-02 1.095085470085470011e-02
0.000000000000000000e+00 6.350605413105413488e-01 6.813568376068376287e-01 1.655982905982905998e-02 1.175213675213675202e-02
0.000000000000000000e+00 6.379095441595441507e-01 7.033920940170940161e-01 1.264245014245014322e-02 1.201923076923076990e-02
0.000000000000000000e+00 6.396011396011396233e-01 7.146100427350426942e-01 1.495726495726495790e-02 1.201923076923076990e-02
0.000000000000000000e+00 6.387998575498575748e-01 7.247596153846154188e-01 1.406695156695156670e-02 1.148504273504273587e-02
0.000000000000000000e+00 5.551103988603988126e-01 8.133012820512820484e-01 1.691595441595441715e-02 1.282051282051282007e-02
0.000000000000000000e+00 5.552884615384615641e-01 8.245192307692307265e-01 1.691595441595441715e-02 1.335470085470085409e-02
0.000000000000000000e+00 5.563568376068376287e-01 8.365384615384615641e-01 1.834045584045583890e-02 1.228632478632478604e-02
0.000000000000000000e+00 5.556445868945868449e-01 8.484241452991453381e-01 1.727207977207977085e-02 1.308760683760683795e-02
0.000000000000000000e+00 5.568019943019942852e-01 8.605769230769231282e-01 1.566951566951567051e-02 1.335470085470085409e-02
0.000000000000000000e+00 5.567129629629629095e-01 8.700587606837606458e-01 1.371082621082621127e-02 6.677350427350427046e-03
0.000000000000000000e+00 7.033475783475783283e-01 2.110042735042735179e-02 7.478632478632478951e-03 1.014957264957264994e-02
0.000000000000000000e+00 7.100249287749287319e-01 1.856303418803418800e-02 1.228632478632478604e-02 9.882478632478632063e-03
0.000000000000000000e+00 7.199964387464387050e-01 1.749465811965811995e-02 1.299857549857549865e-02 1.148504273504273587e-02
0.000000000000000000e+00 7.423433048433047965e-01 1.014957264957264994e-02 1.210826210826210746e-02 1.068376068376068397e-02
0.000000000000000000e+00 6.763710826210825866e-01 1.250000000000000000e-01 8.368945868945869282e-03 1.282051282051282007e-02
0.000000000000000000e+00 6.908831908831908342e-01 1.212606837606837601e-01 8.547008547008547868e-03 1.175213675213675202e-02
0.000000000000000000e+00 6.961360398860398924e-01 1.191239316239316171e-01 9.081196581196581893e-03 1.121794871794871799e-02
0.000000000000000000e+00 7.227564102564102422e-01 1.111111111111111049e-01 8.190883190883190695e-03 1.228632478632478604e-02
0.000000000000000000e+00 7.595263532763533165e-01 1.020299145299145283e-01 8.725071225071224720e-03 1.335470085470085409e-02
0.000000000000000000e+00 7.663817663817663606e-01 1.004273504273504314e-01 8.547008547008547868e-03 1.228632478632478604e-02
0.000000000000000000e+00 7.726139601139601076e-01 9.802350427350427220e-02 8.547008547008547868e-03 1.175213675213675202e-02
0.000000000000000000e+00 7.846331908831908342e-01 9.401709401709401615e-02 8.368945868945869282e-03 1.228632478632478604e-02
0.000000000000000000e+00 7.905092592592593004e-01 9.161324786324785696e-02 8.368945868945869282e-03 1.282051282051282007e-02
0.000000000000000000e+00 7.967414529914529364e-01 9.014423076923076816e-02 8.368945868945869282e-03 1.362179487179487197e-02
0.000000000000000000e+00 7.494658119658119677e-01 2.508012820512820484e-01 1.353276353276353268e-02 1.014957264957264994e-02
0.000000000000000000e+00 7.498219373219373596e-01 2.597489316239316448e-01 1.317663817663817724e-02 9.882478632478632063e-03
0.000000000000000000e+00 7.603276353276353650e-01 4.089209401709401615e-01 6.054131054131053728e-03 1.655982905982905998e-02
0.000000000000000000e+00 7.610398860398860377e-01 4.256143162393162260e-01 8.190883190883190695e-03 1.789529914529914417e-02
0.000000000000000000e+00 7.702991452991453381e-01 4.265491452991452825e-01 7.834757834757835257e-03 1.602564102564102422e-02
0.000000000000000000e+00 7.617521367521367104e-01 5.685096153846154188e-01 9.971509971509971357e-03 1.842948717948717993e-02
0.000000000000000000e+00 8.108084045584045274e-01 6.165865384615384359e-01 6.232193732193732315e-03 1.789529914529914417e-02
0.000000000000000000e+00 7.679843304843304574e-01 7.434561965811965489e-01 1.353276353276353268e-02 1.308760683760683795e-02
0.000000000000000000e+00 7.086004273504273865e-01 7.904647435897436125e-01 9.081196581196581893e-03 2.216880341880341984e-02
0.000000000000000000e+00 7.184829059829059839e-01 7.893963675213675479e-01 8.547008547008547868e-03 2.003205128205128374e-02
0.000000000000000000e+00 7.488425925925925597e-01 7.904647435897436125e-01 8.012820512820512109e-03 1.682692307692307612e-02
0.000000000000000000e+00 9.841524216524216717e-01 4.994658119658119955e-02 8.547008547008547868e-03 9.615384615384615918e-03
0.000000000000000000e+00 8.758012820512820484e-01 1.461004273504273587e-01 9.081196581196581893e-03 7.478632478632478951e-03
0.000000000000000000e+00 8.822115384615384359e-01 1.452991452991453103e-01 8.725071225071224720e-03 9.081196581196581893e-03
0.000000000000000000e+00 8.899572649572649041e-01 1.444978632478632341e-01 8.547008547008547868e-03 9.615384615384615918e-03
0.000000000000000000e+00 9.179131054131054457e-01 1.390224358974359031e-01 6.410256410256410034e-03 1.041666666666666609e-02
0.000000000000000000e+00 9.228988603988603767e-01 1.356837606837606736e-01 8.547008547008547868e-03 1.228632478632478604e-02
0.000000000000000000e+00 9.295762108262107803e-01 1.319444444444444475e-01 8.725071225071224720e-03 1.442307692307692388e-02
0.000000000000000000e+00 9.368767806267805920e-01 1.311431623931623991e-01 1.014957264957264994e-02 1.282051282051282007e-02
0.000000000000000000e+00 8.533653846153845812e-01 2.569444444444444198e-01 1.371082621082621127e-02 1.068376068376068397e-02
0.000000000000000000e+00 8.604878917378917524e-01 2.727029914529914278e-01 5.519943019943019703e-03 1.014957264957264994e-02
0.000000000000000000e+00 8.882656695156695426e-01 2.584134615384615641e-01 1.157407407407407343e-02 1.041666666666666609e-02
0.000000000000000000e+00 8.904024216524216717e-01 2.728365384615384359e-01 1.335470085470085409e-02 9.882478632478632063e-03
0.000000000000000000e+00 8.915598290598291120e-01 2.800480769230769273e-01 1.103988603988603941e-02 1.095085470085470011e-02
0.000000000000000000e+00 9.066061253561253919e-01 2.816506410256410242e-01 1.157407407407407343e-02 8.814102564102564014e-03
0.000000000000000000e+00 8.938746438746438816e-01 2.891292735042735318e-01 1.388888888888888812e-02 9.882478632478632063e-03
0.000000000000000000e+00 8.946759259259259300e-01 2.964743589743589758e-01 1.264245014245014322e-02 1.068376068376068397e-02
0.000000000000000000e+00 8.955662393162393542e-01 3.015491452991452825e-01 1.157407407407407343e-02 3.739316239316239476e-03
0.000000000000000000e+00 9.087428774928775210e-01 2.891292735042735318e-01 1.371082621082621127e-02 9.348290598290598039e-03
0.000000000000000000e+00 9.083867521367521292e-01 2.968750000000000000e-01 1.228632478632478604e-02 8.814102564102564014e-03
0.000000000000000000e+00 9.103454415954416179e-01 3.019497863247863068e-01 1.193019943019943060e-02 4.540598290598290947e-03
0.000000000000000000e+00 9.334935897435897578e-01 2.562767094017093794e-01 1.442307692307692388e-02 9.882478632478632063e-03
0.000000000000000000e+00 9.414173789173788665e-01 2.851228632478632341e-01 1.282051282051282007e-02 1.095085470085470011e-02
0.000000000000000000e+00 8.370726495726495964e-01 3.931623931623931534e-01 9.615384615384615918e-03 1.068376068376068397e-02
0.000000000000000000e+00 9.403490028490028019e-01 4.010416666666666852e-01 1.709401709401709574e-02 1.308760683760683795e-02
0.000000000000000000e+00 9.594017094017094349e-01 4.033119658119658224e-01 1.424501424501424529e-02 1.121794871794871799e-02
0.000000000000000000e+00 8.634259259259259300e-01 4.400373931623931534e-01 9.259259259259258745e-03 1.575854700854700807e-02
0.000000000000000000e+00 9.655448717948718063e-01 4.573985042735042583e-01 1.442307692307692388e-02 1.095085470085470011e-02
0.000000000000000000e+00 9.340277777777777901e-01 4.683493589743589758e-01 1.335470085470085409e-02 1.095085470085470011e-02
0.000000000000000000e+00 9.171118233618233972e-01 4.670138888888888951e-01 1.549145299145299193e-02 1.201923076923076990e-02
0.000000000000000000e+00 9.193376068376067911e-01 4.772970085470085722e-01 1.282051282051282007e-02 1.068376068376068397e-02
0.000000000000000000e+00 8.709935897435897578e-01 4.893162393162392987e-01 1.371082621082621127e-02 1.014957264957264994e-02
0.000000000000000000e+00 8.412571225071224790e-01 5.380608974358974672e-01 1.371082621082621127e-02 1.148504273504273587e-02
0.000000000000000000e+00 8.442841880341880323e-01 5.494123931623932089e-01 1.584757834757834910e-02 1.121794871794871799e-02
0.000000000000000000e+00 9.426638176638176825e-01 4.955929487179487336e-01 1.460113960113960073e-02 1.148504273504273587e-02
0.000000000000000000e+00 9.748041310541311066e-01 4.790331196581196771e-01 1.299857549857549865e-02 9.882478632478632063e-03
0.000000000000000000e+00 9.772970085470085166e-01 4.874465811965811857e-01 1.228632478632478604e-02 1.014957264957264994e-02
0.000000000000000000e+00 9.779202279202279247e-01 4.963942307692307820e-01 1.602564102564102422e-02 1.201923076923076990e-02
0.000000000000000000e+00 9.501424501424501345e-01 5.355235042735042583e-01 1.460113960113960073e-02 1.121794871794871799e-02
0.000000000000000000e+00 9.884259259259259300e-01 5.357905982905982745e-01 1.353276353276353268e-02 1.014957264957264994e-02
0.000000000000000000e+00 9.914529914529914834e-01 5.458066239316239354e-01 1.673789173789173856e-02 1.255341880341880392e-02
0.000000000000000000e+00 9.746260683760683552e-01 5.653044871794872250e-01 1.050569800569800538e-02 2.163461538461538408e-02
0.000000000000000000e+00 9.659009971509971981e-01 5.670405982905982745e-01 9.081196581196581893e-03 1.816239316239316379e-02
0.000000000000000000e+00 9.572649572649573058e-01 5.669070512820513219e-01 9.259259259259258745e-03 1.736111111111111188e-02
0.000000000000000000e+00 9.490740740740740700e-01 5.674412393162393542e-01 9.971509971509971357e-03 2.110042735042735179e-02
0.000000000000000000e+00 9.407051282051281937e-01 5.689102564102563875e-01 9.259259259259258745e-03 1.709401709401709574e-02
0.000000000000000000e+00 9.306445868945868449e-01 5.682425213675214026e-01 9.793447293447292770e-03 1.789529914529914417e-02
0.000000000000000000e+00 9.223646723646723444e-01 5.679754273504273865e-01 8.903133903133903307e-03 1.789529914529914417e-02
0.000000000000000000e+00 9.136396011396011874e-01 5.690438034188034511e-01 8.547008547008547868e-03 1.896367521367521222e-02
0.000000000000000000e+00 9.056267806267805920e-01 5.681089743589743390e-01 9.971509971509971357e-03 2.083333333333333218e-02
0.000000000000000000e+00 8.964565527065526673e-01 5.686431623931623713e-01 9.081196581196581893e-03 1.869658119658119608e-02
0.000000000000000000e+00 8.877314814814815103e-01 5.685096153846154188e-01 1.050569800569800538e-02 1.789529914529914417e-02
0.000000000000000000e+00 8.794515669515668987e-01 5.711805555555555802e-01 9.615384615384615918e-03 1.736111111111111188e-02
0.000000000000000000e+00 8.529202279202279247e-01 6.148504273504273865e-01 1.673789173789173856e-02 1.175213675213675202e-02
0.000000000000000000e+00 8.904024216524216717e-01 6.283386752136752573e-01 1.620370370370370280e-02 1.148504273504273587e-02
0.000000000000000000e+00 8.966346153846154188e-01 6.611912393162393542e-01 1.691595441595441715e-02 1.308760683760683795e-02
0.000000000000000000e+00 8.988603988603988126e-01 6.734775641025640969e-01 1.638176638176638139e-02 1.308760683760683795e-02
0.000000000000000000e+00 9.031339031339031820e-01 6.848290598290598385e-01 1.531339031339031334e-02 1.175213675213675202e-02
0.000000000000000000e+00 8.692129629629629095e-01 6.943108974358974672e-01 1.762820512820512803e-02 1.255341880341880392e-02
0.000000000000000000e+00 9.838853276353276556e-01 7.451923076923077094e-01 1.406695156695156670e-02 2.831196581196581200e-02
