0.000000000000000000e+00 1.240206552706552695e-01 4.099893162393162399e-02 7.656695156695156670e-03 1.362179487179487197e-02
0.000000000000000000e+00 1.287393162393162260e-01 5.675747863247863206e-02 6.410256410256410034e-03 1.522435897435897405e-02
0.000000000000000000e+00 1.034544159544159569e-01 6.944444444444444753e-02 1.175213675213675202e-02 8.012820512820512109e-03
0.000000000000000000e+00 1.093304843304843260e-01 9.228098290598291120e-02 1.210826210826210746e-02 9.348290598290598039e-03
0.000000000000000000e+00 1.136930199430199462e-01 1.101762820512820484e-01 1.121794871794871799e-02 9.348290598290598039e-03
0.000000000000000000e+00 1.259793447293447166e-01 1.328792735042735040e-01 7.300569800569800365e-03 1.362179487179487197e-02
0.000000000000000000e+00 1.168981481481481538e-01 1.469017094017094072e-01 8.012820512820512109e-03 9.081196581196581893e-03
0.000000000000000000e+00 1.343482905982905928e-01 1.579861111111111049e-01 9.437321937321937332e-03 1.308760683760683795e-02
0.000000000000000000e+00 1.717414529914529919e-01 4.767628205128204844e-02 6.588319088319088621e-03 1.255341880341880392e-02
0.000000000000000000e+00 1.782407407407407274e-01 4.834401709401709574e-02 7.122507122507122646e-03 1.282051282051282007e-02
0.000000000000000000e+00 2.748397435897436125e-01 8.961004273504273587e-02 1.086182336182336255e-02 1.041666666666666609e-02
0.000000000000000000e+00 2.783119658119658224e-01 9.455128205128204844e-02 9.971509971509971357e-03 1.228632478632478604e-02
0.000000000000000000e+00 2.694978632478632341e-01 1.294070512820512941e-01 1.086182336182336255e-02 3.472222222222222029e-03
0.000000000000000000e+00 2.552528490028490027e-01 1.434294871794871695e-01 4.807692307692307959e-03 9.615384615384615918e-03
0.000000000000000000e+00 3.945868945868946098e-01 1.398237179487179516e-01 5.698005698005698290e-03 1.095085470085470011e-02
0.000000000000000000e+00 3.944088319088319139e-01 1.535790598290598385e-01 7.122507122507122646e-03 1.602564102564102422e-02
0.000000000000000000e+00 4.143518518518518601e-01 1.682692307692307820e-01 1.139601139601139658e-02 1.228632478632478604e-02
0.000000000000000000e+00 5.035612535612535856e-01 1.923076923076923184e-02 9.971509971509971357e-03 1.175213675213675202e-02
0.000000000000000000e+00 5.924145299145299193e-01 5.261752136752136794e-02 1.068376068376068397e-02 1.068376068376068397e-02
0.000000000000000000e+00 6.025641025641025328e-01 5.849358974358974395e-02 6.410256410256410034e-03 8.547008547008547868e-03
0.000000000000000000e+00 6.245548433048433434e-01 2.190170940170940161e-01 1.584757834757834910e-02 1.335470085470085409e-02
0.000000000000000000e+00 3.352029914529914278e-01 2.164797008547008628e-01 1.371082621082621127e-02 8.279914529914529989e-03
0.000000000000000000e+00 2.959401709401709435e-01 2.353098290598290565e-01 2.136752136752136794e-02 1.816239316239316379e-02
0.000000000000000000e+00 7.977207977207977085e-02 3.493589743589743390e-01 9.259259259259258745e-03 9.615384615384615918e-03
0.000000000000000000e+00 9.348290598290598385e-02 3.485576923076922906e-01 1.353276353276353268e-02 1.014957264957264994e-02
0.000000000000000000e+00 9.161324786324785696e-02 3.659188034188033956e-01 1.335470085470085409e-02 1.014957264957264994e-02
0.000000000000000000e+00 1.018518518518518462e-01 3.836805555555555802e-01 1.602564102564102422e-02 1.041666666666666609e-02
0.000000000000000000e+00 1.022079772079772103e-01 3.934294871794871695e-01 1.353276353276353268e-02 1.068376068376068397e-02
0.000000000000000000e+00 1.008725071225071157e-01 4.121260683760683552e-01 1.335470085470085409e-02 1.335470085470085409e-02
0.000000000000000000e+00 1.387998575498575471e-01 3.900908119658119677e-01 1.477920227920227932e-02 1.041666666666666609e-02
0.000000000000000000e+00 1.399572649572649596e-01 4.082532051282051211e-01 1.424501424501424529e-02 1.201923076923076990e-02
0.000000000000000000e+00 3.051103988603988681e-01 3.533653846153846367e-01 1.549145299145299193e-02 1.602564102564102422e-02
0.000000000000000000e+00 2.822293447293447444e-02 4.679487179487179516e-01 1.406695156695156670e-02 1.228632478632478604e-02
0.000000000000000000e+00 5.778133903133902960e-02 4.565972222222222099e-01 1.513532763532763475e-02 8.814102564102564014e-03
0.000000000000000000e+00 9.366096866096866591e-02 5.109508547008546619e-01 7.834757834757835257e-03 2.083333333333333218e-02
0.000000000000000000e+00 9.214743589743590313e-02 5.353899572649573058e-01 8.012820512820512109e-03 1.842948717948717993e-02
0.000000000000000000e+00 7.469729344729345022e-02 5.337873931623932089e-01 8.725071225071224720e-03 2.056623931623931603e-02
0.000000000000000000e+00 8.849715099715099731e-02 5.747863247863247427e-01 7.478632478632478951e-03 1.709401709401709574e-02
0.000000000000000000e+00 8.769586894586894887e-02 5.964209401709401615e-01 8.368945868945869282e-03 2.029914529914529989e-02
0.000000000000000000e+00 6.410256410256409687e-02 6.268696581196581130e-01 9.615384615384615918e-03 2.403846153846153980e-02
0.000000000000000000e+00 6.276709401709401615e-02 6.485042735042735318e-01 7.656695156695156670e-03 1.709401709401709574e-02
0.000000000000000000e+00 6.036324786324786390e-02 6.732104700854700807e-01 8.547008547008547868e-03 2.377136752136752018e-02
0.000000000000000000e+00 5.920584045584045829e-02 6.941773504273504036e-01 7.656695156695156670e-03 1.602564102564102422e-02
0.000000000000000000e+00 5.787037037037037063e-02 7.114049145299145005e-01 8.903133903133903307e-03 1.789529914529914417e-02
0.000000000000000000e+00 7.523148148148148251e-02 7.110042735042735318e-01 6.588319088319088621e-03 2.457264957264957209e-02
0.000000000000000000e+00 5.555555555555555247e-02 7.365117521367521292e-01 9.971509971509971357e-03 2.323717948717948789e-02
0.000000000000000000e+00 7.425213675213675202e-02 7.326388888888888395e-01 7.122507122507122646e-03 1.655982905982905998e-02
0.000000000000000000e+00 5.288461538461538408e-02 7.606837606837606458e-01 8.903133903133903307e-03 1.762820512820512803e-02
0.000000000000000000e+00 7.175925925925925875e-02 7.544070512820513219e-01 4.273504273504273934e-03 1.949786324786324798e-02
0.000000000000000000e+00 4.950142450142450135e-02 7.962072649572649041e-01 9.259259259259258745e-03 2.243589743589743599e-02
0.000000000000000000e+00 6.882122507122506727e-02 7.885950854700854995e-01 7.656695156695156670e-03 1.949786324786324798e-02
0.000000000000000000e+00 6.784188034188033678e-02 8.098290598290598385e-01 8.190883190883190695e-03 1.816239316239316379e-02
0.000000000000000000e+00 4.754273504273504036e-02 8.214476495726495964e-01 9.971509971509971357e-03 2.430555555555555594e-02
0.000000000000000000e+00 4.282407407407407690e-02 8.652510683760683552e-01 1.050569800569800538e-02 2.110042735042735179e-02
0.000000000000000000e+00 6.063034188034188005e-02 8.896901709401708880e-01 9.081196581196581893e-03 2.029914529914529989e-02
0.000000000000000000e+00 5.413105413105413072e-02 9.666132478632478708e-01 9.615384615384615918e-03 2.136752136752136794e-02
0.000000000000000000e+00 5.137108262108262130e-02 9.898504273504273865e-01 1.014957264957264994e-02 1.976495726495726413e-02
0.000000000000000000e+00 3.084935897435897578e-01 4.690170940170940161e-01 8.012820512820512109e-03 2.297008547008547175e-02
0.000000000000000000e+00 3.121438746438746636e-01 5.730502136752136932e-01 7.834757834757835257e-03 2.216880341880341984e-02
0.000000000000000000e+00 3.129451566951567121e-01 6.406250000000000000e-01 8.368945868945869282e-03 2.216880341880341984e-02
0.000000000000000000e+00 3.145477207977208089e-01 7.051282051282051766e-01 7.656695156695156670e-03 1.923076923076923184e-02
0.000000000000000000e+00 3.133903133903133686e-01 7.275641025641025328e-01 8.190883190883190695e-03 2.350427350427350404e-02
0.000000000000000000e+00 3.144586894586894332e-01 7.684294871794872250e-01 8.547008547008547868e-03 2.297008547008547175e-02
0.000000000000000000e+00 3.436609686609686798e-01 7.860576923076922906e-01 1.566951566951567051e-02 1.442307692307692388e-02
0.000000000000000000e+00 2.921118233618233417e-01 7.964743589743589203e-01 1.549145299145299193e-02 1.282051282051282007e-02
0.000000000000000000e+00 2.894408831908831803e-01 8.336004273504273865e-01 1.620370370370370280e-02 1.388888888888888812e-02
0.000000000000000000e+00 2.897970085470085722e-01 8.449519230769231282e-01 1.584757834757834910e-02 1.201923076923076990e-02
0.000000000000000000e+00 2.863247863247863068e-01 9.476495726495726135e-01 8.190883190883190695e-03 2.297008547008547175e-02
0.000000000000000000e+00 3.139245014245014009e-01 9.475160256410256610e-01 8.547008547008547868e-03 2.163461538461538408e-02
0.000000000000000000e+00 9.446225071225071435e-02 8.155715811965812412e-01 1.014957264957264994e-02 2.590811965811965975e-02
0.000000000000000000e+00 1.139601139601139623e-01 8.114316239316239354e-01 1.103988603988603941e-02 2.991452991452991581e-02
0.000000000000000000e+00 1.328347578347578439e-01 8.134348290598291120e-01 9.259259259259258745e-03 2.163461538461538408e-02
0.000000000000000000e+00 1.420049857549857686e-01 8.099626068376067911e-01 8.368945868945869282e-03 2.056623931623931603e-02
0.000000000000000000e+00 5.531517094017094349e-01 3.633814102564102422e-01 7.300569800569800365e-03 1.522435897435897405e-02
0.000000000000000000e+00 6.370192307692307265e-01 3.353365384615384359e-01 9.793447293447292770e-03 1.575854700854700807e-02
0.000000000000000000e+00 3.457086894586894332e-01 8.413461538461538547e-01 8.368945868945869282e-03 1.228632478632478604e-02
0.000000000000000000e+00 3.714387464387464144e-01 8.677884615384615641e-01 2.029914529914529989e-02 1.655982905982905998e-02
0.000000000000000000e+00 4.242343304843304574e-01 8.615117521367521292e-01 1.691595441595441715e-02 1.736111111111111188e-02
0.000000000000000000e+00 4.504985754985754709e-01 8.591079059829059839e-01 1.851851851851851749e-02 1.201923076923076990e-02
0.000000000000000000e+00 4.895833333333333148e-01 8.555021367521367104e-01 1.834045584045583890e-02 1.442307692307692388e-02
0.000000000000000000e+00 5.405092592592593004e-01 8.444177350427350959e-01 1.513532763532763475e-02 1.255341880341880392e-02
0.000000000000000000e+00 4.951032763532763337e-01 9.085202991452991927e-01 2.225783475783475740e-02 1.842948717948717993e-02
0.000000000000000000e+00 4.951923076923077094e-01 9.241452991452991927e-01 1.638176638176638139e-02 1.282051282051282007e-02
0.000000000000000000e+00 4.966168091168091103e-01 9.366987179487179516e-01 1.780626780626780661e-02 1.335470085470085409e-02
0.000000000000000000e+00 5.345441595441595695e-01 8.907585470085470636e-01 1.780626780626780661e-02 1.442307692307692388e-02
0.000000000000000000e+00 5.365028490028490582e-01 9.053151709401708880e-01 1.531339031339031334e-02 1.308760683760683795e-02
0.000000000000000000e+00 5.367699430199430743e-01 9.170673076923077094e-01 1.905270655270655325e-02 1.629273504273504383e-02
0.000000000000000000e+00 5.385505698005698116e-01 9.310897435897436125e-01 1.655982905982905998e-02 1.495726495726495790e-02
0.000000000000000000e+00 5.394408831908832358e-01 9.433760683760683552e-01 1.762820512820512803e-02 1.388888888888888812e-02
0.000000000000000000e+00 6.825142450142450690e-01 2.564102564102564014e-02 1.068376068376068397e-02 6.944444444444444059e-03
0.000000000000000000e+00 6.835826210826211335e-01 3.886217948717948789e-02 8.547008547008547868e-03 9.348290598290598039e-03
0.000000000000000000e+00 8.570156695156695426e-01 1.215277777777777797e-02 5.698005698005698290e-03 1.469017094017094002e-02
0.000000000000000000e+00 8.397435897435897578e-01 7.478632478632478951e-03 8.903133903133903307e-03 8.547008547008547868e-03
0.000000000000000000e+00 8.405448717948718063e-01 1.241987179487179412e-02 6.232193732193732315e-03 7.211538461538461939e-03
0.000000000000000000e+00 8.419693732193732627e-01 1.936431623931623991e-02 9.081196581196581893e-03 1.041666666666666609e-02
0.000000000000000000e+00 6.566061253561253919e-01 1.167200854700854717e-01 6.232193732193732315e-03 1.068376068376068397e-02
0.000000000000000000e+00 7.122507122507122368e-01 1.316773504273504314e-01 1.068376068376068397e-02 1.282051282051282007e-02
0.000000000000000000e+00 7.295227920227920215e-01 1.493055555555555525e-01 1.068376068376068397e-02 1.228632478632478604e-02
0.000000000000000000e+00 7.459935897435897578e-01 1.702724358974359031e-01 9.437321937321937332e-03 1.308760683760683795e-02
0.000000000000000000e+00 6.675569800569800538e-01 1.388888888888888951e-01 1.139601139601139658e-02 8.012820512820512109e-03
0.000000000000000000e+00 6.683582621082621023e-01 1.467681623931623991e-01 1.050569800569800538e-02 9.348290598290598039e-03
0.000000000000000000e+00 6.674679487179486781e-01 1.579861111111111049e-01 1.264245014245014322e-02 1.201923076923076990e-02
0.000000000000000000e+00 6.662215099715099731e-01 1.645299145299145283e-01 1.157407407407407343e-02 9.081196581196581893e-03
0.000000000000000000e+00 6.658653846153845812e-01 1.713408119658119677e-01 1.121794871794871799e-02 9.348290598290598039e-03
0.000000000000000000e+00 6.981837606837606458e-01 1.672008547008546897e-01 1.210826210826210746e-02 9.615384615384615918e-03
0.000000000000000000e+00 6.982727920227920215e-01 1.800213675213675202e-01 1.086182336182336255e-02 1.014957264957264994e-02
0.000000000000000000e+00 6.988069800569800538e-01 1.929754273504273587e-01 1.121794871794871799e-02 9.882478632478632063e-03
0.000000000000000000e+00 6.655982905982905651e-01 1.909722222222222099e-01 1.139601139601139658e-02 9.081196581196581893e-03
0.000000000000000000e+00 6.655092592592593004e-01 1.985844017094016978e-01 1.157407407407407343e-02 9.882478632478632063e-03
0.000000000000000000e+00 8.988603988603988126e-01 3.743322649572649596e-01 1.317663817663817724e-02 1.041666666666666609e-02
0.000000000000000000e+00 8.603098290598291120e-01 3.725961538461538547e-01 1.335470085470085409e-02 1.014957264957264994e-02
0.000000000000000000e+00 8.607549857549857686e-01 3.959668803418803229e-01 1.424501424501424529e-02 1.095085470085470011e-02
0.000000000000000000e+00 7.859686609686609149e-01 4.403044871794871695e-01 8.547008547008547868e-03 1.789529914529914417e-02
0.000000000000000000e+00 8.653846153846154188e-01 5.427350427350426942e-01 9.259259259259258745e-03 1.976495726495726413e-02
0.000000000000000000e+00 9.270833333333333703e-01 6.029647435897436125e-01 1.406695156695156670e-02 1.041666666666666609e-02
0.000000000000000000e+00 9.560185185185184897e-01 5.813301282051281937e-01 1.602564102564102422e-02 1.255341880341880392e-02
0.000000000000000000e+00 9.765847578347578439e-01 5.799946581196581130e-01 1.655982905982905998e-02 1.201923076923076990e-02
0.000000000000000000e+00 9.439992877492877632e-01 6.028311965811965489e-01 9.793447293447292770e-03 1.068376068376068397e-02
0.000000000000000000e+00 9.894943019943019946e-01 5.996260683760683552e-01 1.317663817663817724e-02 7.478632478632478951e-03
0.000000000000000000e+00 7.160790598290598385e-01 4.364316239316239354e-01 1.014957264957264994e-02 2.510683760683760785e-02
0.000000000000000000e+00 7.436787749287748772e-01 4.867788461538461453e-01 9.793447293447292770e-03 2.056623931623931603e-02
0.000000000000000000e+00 7.224893162393162260e-01 4.910523504273504036e-01 8.368945868945869282e-03 2.003205128205128374e-02
0.000000000000000000e+00 7.259615384615384359e-01 5.140224358974359031e-01 9.615384615384615918e-03 2.377136752136752018e-02
0.000000000000000000e+00 7.295227920227920215e-01 5.422008547008546619e-01 7.478632478632478951e-03 1.655982905982905998e-02
0.000000000000000000e+00 7.349537037037037202e-01 5.819978632478632896e-01 8.368945868945869282e-03 2.029914529914529989e-02
0.000000000000000000e+00 7.873931623931623713e-01 7.035256410256410797e-01 1.566951566951567051e-02 1.228632478632478604e-02
0.000000000000000000e+00 7.922008547008546619e-01 7.163461538461538547e-01 1.495726495726495790e-02 1.282051282051282007e-02
0.000000000000000000e+00 7.929131054131054457e-01 7.278311965811965489e-01 1.460113960113960073e-02 1.228632478632478604e-02
0.000000000000000000e+00 7.606837606837606458e-01 7.382478632478632896e-01 1.032763532763532680e-02 2.403846153846153980e-02
0.000000000000000000e+00 7.990562678062678170e-01 7.494658119658119677e-01 1.299857549857549865e-02 1.175213675213675202e-02
0.000000000000000000e+00 8.152599715099715372e-01 8.526976495726495964e-01 1.655982905982905998e-02 1.308760683760683795e-02
0.000000000000000000e+00 8.181089743589743390e-01 8.647168803418803229e-01 1.655982905982905998e-02 1.308760683760683795e-02
0.000000000000000000e+00 8.213141025641025328e-01 8.772702991452991927e-01 1.762820512820512803e-02 1.362179487179487197e-02
0.000000000000000000e+00 8.259437321937321830e-01 9.023771367521367104e-01 2.012108262108262130e-02 1.522435897435897405e-02
0.000000000000000000e+00 8.297720797720797847e-01 9.166666666666666297e-01 1.816239316239316379e-02 1.495726495726495790e-02
0.000000000000000000e+00 8.343126780626780592e-01 9.296207264957264682e-01 1.549145299145299193e-02 1.308760683760683795e-02
