0.000000000000000000e+00 6.205484330484330180e-02 2.737713675213675202e-02 9.793447293447292770e-03 7.745726495726495964e-03
0.000000000000000000e+00 6.223290598290598385e-02 3.365384615384615224e-02 9.081196581196581893e-03 8.547008547008547868e-03
0.000000000000000000e+00 6.178774928774928565e-02 4.139957264957264821e-02 1.282051282051282007e-02 9.081196581196581893e-03
0.000000000000000000e+00 6.116452991452991234e-02 4.754273504273504036e-02 9.081196581196581893e-03 8.012820512820512109e-03
0.000000000000000000e+00 6.107549857549857825e-02 5.301816239316239215e-02 6.766381766381766340e-03 7.745726495726495964e-03
0.000000000000000000e+00 9.891381766381766860e-02 3.231837606837607152e-02 9.437321937321937332e-03 6.944444444444444059e-03
0.000000000000000000e+00 9.935897435897435293e-02 3.659188034188034372e-02 9.971509971509971357e-03 5.876068376068376009e-03
0.000000000000000000e+00 9.633190883190882736e-02 4.220085470085470358e-02 7.122507122507122646e-03 6.410256410256410034e-03
0.000000000000000000e+00 6.917735042735043138e-02 6.570512820512820762e-02 5.519943019943019703e-03 1.335470085470085409e-02
0.000000000000000000e+00 8.644943019943020224e-02 6.530448717948718340e-02 5.519943019943019703e-03 1.041666666666666609e-02
0.000000000000000000e+00 8.538105413105413766e-02 8.039529914529915111e-02 5.519943019943019703e-03 1.068376068376068397e-02
0.000000000000000000e+00 8.431267806267805920e-02 9.642094017094017533e-02 5.876068376068376009e-03 1.175213675213675202e-02
0.000000000000000000e+00 6.641737891737892197e-02 9.869123931623931256e-02 5.341880341880341984e-03 1.148504273504273587e-02
0.000000000000000000e+00 8.235398860398859822e-02 1.111111111111111049e-01 5.876068376068376009e-03 1.335470085470085409e-02
0.000000000000000000e+00 6.436965811965811302e-02 1.271367521367521292e-01 4.807692307692307959e-03 1.175213675213675202e-02
0.000000000000000000e+00 6.080840455840455516e-02 1.561164529914529919e-01 6.588319088319088621e-03 1.148504273504273587e-02
0.000000000000000000e+00 7.816951566951567398e-02 1.702724358974359031e-01 5.698005698005698290e-03 1.095085470085470011e-02
0.000000000000000000e+00 2.946937321937322107e-02 2.238247863247863345e-01 1.157407407407407343e-02 9.615384615384615918e-03
0.000000000000000000e+00 7.202635327635327489e-02 2.199519230769230727e-01 1.157407407407407343e-02 7.745726495726495964e-03
0.000000000000000000e+00 7.158119658119657669e-02 2.268963675213675202e-01 1.210826210826210746e-02 9.348290598290598039e-03
0.000000000000000000e+00 2.875712250712250673e-02 2.545405982905982745e-01 1.371082621082621127e-02 9.615384615384615918e-03
0.000000000000000000e+00 5.012464387464387466e-02 2.638888888888888951e-01 6.232193732193732315e-03 1.602564102564102422e-02
0.000000000000000000e+00 4.237891737891737870e-02 3.478899572649572502e-01 4.985754985754985678e-03 1.415598290598290600e-02
0.000000000000000000e+00 3.872863247863247982e-02 3.979700854700854440e-01 6.588319088319088621e-03 1.602564102564102422e-02
0.000000000000000000e+00 3.383190883190883430e-02 4.875801282051281937e-01 8.547008547008547868e-03 1.896367521367521222e-02
0.000000000000000000e+00 4.237891737891737870e-02 7.039262820512820484e-01 9.971509971509971357e-03 2.216880341880341984e-02
0.000000000000000000e+00 1.112891737891737870e-01 6.443643162393162260e-01 1.923076923076923184e-02 1.896367521367521222e-02
0.000000000000000000e+00 4.478276353276353094e-02 7.317040598290598385e-01 1.157407407407407343e-02 1.575854700854700807e-02
0.000000000000000000e+00 2.350427350427350404e-02 7.467948717948718063e-01 2.635327635327635448e-02 3.311965811965811995e-02
0.000000000000000000e+00 6.241096866096865897e-02 8.928952991452991927e-01 9.081196581196581893e-03 2.457264957264957209e-02
0.000000000000000000e+00 2.118945868945868935e-02 9.154647435897436125e-01 8.903133903133903307e-03 2.270299145299145213e-02
0.000000000000000000e+00 4.407051282051282354e-02 9.249465811965812412e-01 1.691595441595441715e-02 1.442307692307692388e-02
0.000000000000000000e+00 8.368945868945869282e-03 9.376335470085470636e-01 1.602564102564102422e-02 1.575854700854700807e-02
0.000000000000000000e+00 1.851851851851851749e-02 9.875801282051281937e-01 1.424501424501424529e-02 1.842948717948717993e-02
0.000000000000000000e+00 2.670940170940170819e-02 9.923878205128204844e-01 1.780626780626780661e-02 1.362179487179487197e-02
0.000000000000000000e+00 2.416310541310541238e-01 9.081196581196581893e-03 6.054131054131053728e-03 1.549145299145299193e-02
0.000000000000000000e+00 2.277421652421652287e-01 7.371794871794871973e-02 5.341880341880341984e-03 1.175213675213675202e-02
0.000000000000000000e+00 2.420762108262108359e-01 7.238247863247863900e-02 5.876068376068376009e-03 1.282051282051282007e-02
0.000000000000000000e+00 2.424323361823361722e-01 8.426816239316239909e-02 5.163817663817663398e-03 1.201923076923076990e-02
0.000000000000000000e+00 2.280982905982905928e-01 9.895833333333332871e-02 5.698005698005698290e-03 1.415598290598290600e-02
0.000000000000000000e+00 2.292556980056980054e-01 1.143162393162393126e-01 5.519943019943019703e-03 1.388888888888888812e-02
0.000000000000000000e+00 2.425213675213675202e-01 1.278044871794871695e-01 5.341880341880341984e-03 1.095085470085470011e-02
0.000000000000000000e+00 2.295227920227920215e-01 1.448985042735042861e-01 6.054131054131053728e-03 1.308760683760683795e-02
0.000000000000000000e+00 2.290776353276353372e-01 1.574519230769230727e-01 5.519943019943019703e-03 1.255341880341880392e-02
0.000000000000000000e+00 4.816595441595441368e-02 2.892628205128205399e-01 6.232193732193732315e-03 1.495726495726495790e-02
0.000000000000000000e+00 4.665242165242165090e-02 3.036858974358974117e-01 6.410256410256410034e-03 1.228632478632478604e-02
0.000000000000000000e+00 1.824252136752136655e-01 2.307692307692307820e-01 5.163817663817663398e-03 8.012820512820512109e-03
0.000000000000000000e+00 1.761930199430199462e-01 2.323717948717948789e-01 4.807692307692307959e-03 6.410256410256410034e-03
0.000000000000000000e+00 2.290776353276353372e-01 1.927083333333333426e-01 5.519943019943019703e-03 1.148504273504273587e-02
0.000000000000000000e+00 2.427884615384615363e-01 2.051282051282051211e-01 5.876068376068376009e-03 1.442307692307692388e-02
0.000000000000000000e+00 2.426994301994301884e-01 2.279647435897435848e-01 6.054131054131053728e-03 1.575854700854700807e-02
0.000000000000000000e+00 2.289886039886039892e-01 2.359775641025640969e-01 6.054131054131053728e-03 1.201923076923076990e-02
0.000000000000000000e+00 2.430555555555555525e-01 2.427884615384615363e-01 6.410256410256410034e-03 1.442307692307692388e-02
0.000000000000000000e+00 2.297008547008546897e-01 2.482638888888888951e-01 6.410256410256410034e-03 1.255341880341880392e-02
0.000000000000000000e+00 2.433226495726495686e-01 2.629540598290598385e-01 5.876068376068376009e-03 1.308760683760683795e-02
0.000000000000000000e+00 2.286324786324786251e-01 2.673611111111111049e-01 5.698005698005698290e-03 1.388888888888888812e-02
0.000000000000000000e+00 2.432336182336182206e-01 2.780448717948718063e-01 6.410256410256410034e-03 1.549145299145299193e-02
0.000000000000000000e+00 2.296118233618233695e-01 2.803151709401709435e-01 5.163817663817663398e-03 1.095085470085470011e-02
0.000000000000000000e+00 2.434116809116809166e-01 2.928685897435897578e-01 5.698005698005698290e-03 1.255341880341880392e-02
0.000000000000000000e+00 2.440349002849002968e-01 3.047542735042735318e-01 5.519943019943019703e-03 1.121794871794871799e-02
0.000000000000000000e+00 2.295227920227920215e-01 2.907318376068376287e-01 4.985754985754985678e-03 1.041666666666666609e-02
0.000000000000000000e+00 2.297008547008546897e-01 3.191773504273504036e-01 6.054131054131053728e-03 1.335470085470085409e-02
0.000000000000000000e+00 2.443019943019943130e-01 3.182425213675213471e-01 6.410256410256410034e-03 1.522435897435897405e-02
0.000000000000000000e+00 2.446581196581196493e-01 3.353365384615384359e-01 6.054131054131053728e-03 1.308760683760683795e-02
0.000000000000000000e+00 2.452813390313390296e-01 3.505608974358974117e-01 6.588319088319088621e-03 1.575854700854700807e-02
0.000000000000000000e+00 2.285434472934473049e-01 3.588408119658119677e-01 6.232193732193732315e-03 1.255341880341880392e-02
0.000000000000000000e+00 2.282763532763532888e-01 3.737980769230769273e-01 6.410256410256410034e-03 1.736111111111111188e-02
0.000000000000000000e+00 2.289886039886039892e-01 3.904914529914529919e-01 5.698005698005698290e-03 1.388888888888888812e-02
0.000000000000000000e+00 2.445690883190883291e-01 4.225427350427350404e-01 6.232193732193732315e-03 1.549145299145299193e-02
0.000000000000000000e+00 2.293447293447293533e-01 4.225427350427350404e-01 6.410256410256410034e-03 1.655982905982905998e-02
0.000000000000000000e+00 2.297898860398860377e-01 4.428418803418803229e-01 6.588319088319088621e-03 1.602564102564102422e-02
0.000000000000000000e+00 1.940883190883190834e-01 5.411324786324785974e-01 1.460113960113960073e-02 1.228632478632478604e-02
0.000000000000000000e+00 2.313924501424501345e-01 5.343215811965812412e-01 1.264245014245014322e-02 1.201923076923076990e-02
0.000000000000000000e+00 1.961360398860398924e-01 5.596955128205127750e-01 1.513532763532763475e-02 1.148504273504273587e-02
0.000000000000000000e+00 2.315705128205128305e-01 5.531517094017094349e-01 1.299857549857549865e-02 1.121794871794871799e-02
0.000000000000000000e+00 2.331730769230769273e-01 5.630341880341880323e-01 1.584757834757834910e-02 1.121794871794871799e-02
0.000000000000000000e+00 2.453703703703703776e-01 5.815972222222222099e-01 1.317663817663817724e-02 1.041666666666666609e-02
0.000000000000000000e+00 2.180377492877492995e-01 8.680555555555555802e-01 1.193019943019943060e-02 2.029914529914529989e-02
0.000000000000000000e+00 2.390491452991453103e-01 8.832799145299145005e-01 1.655982905982905998e-02 1.388888888888888812e-02
0.000000000000000000e+00 2.309472934472934502e-01 9.097222222222222099e-01 1.068376068376068397e-02 2.190170940170940023e-02
0.000000000000000000e+00 2.493767806267806197e-01 9.472489316239316448e-01 1.442307692307692388e-02 1.362179487179487197e-02
0.000000000000000000e+00 2.572115384615384359e-01 9.803685897435897578e-01 1.620370370370370280e-02 1.415598290598290600e-02
0.000000000000000000e+00 4.358084045584045829e-01 5.181623931623931950e-02 7.300569800569800365e-03 1.495726495726495790e-02
0.000000000000000000e+00 4.577991452991452825e-01 1.450320512820512941e-01 7.122507122507122646e-03 1.976495726495726413e-02
0.000000000000000000e+00 5.567129629629629095e-01 1.028311965811965802e-02 1.371082621082621127e-02 1.148504273504273587e-02
0.000000000000000000e+00 5.832443019943019946e-01 7.345085470085470011e-03 1.014957264957264994e-02 8.279914529914529989e-03
0.000000000000000000e+00 6.158297720797720753e-01 7.879273504273504036e-03 1.050569800569800538e-02 8.814102564102564014e-03
0.000000000000000000e+00 5.575142450142450690e-01 2.415865384615384637e-01 7.122507122507122646e-03 1.362179487179487197e-02
0.000000000000000000e+00 5.620548433048433434e-01 2.893963675213675479e-01 6.944444444444444059e-03 1.255341880341880392e-02
0.000000000000000000e+00 4.383012820512820484e-01 3.896901709401709435e-01 1.620370370370370280e-02 1.602564102564102422e-02
0.000000000000000000e+00 4.429309116809116986e-01 4.094551282051281937e-01 9.081196581196581893e-03 1.121794871794871799e-02
0.000000000000000000e+00 5.040064102564102422e-01 3.543002136752136932e-01 1.193019943019943060e-02 1.201923076923076990e-02
0.000000000000000000e+00 6.147613960113960108e-01 2.828525641025640969e-01 1.121794871794871799e-02 1.121794871794871799e-02
0.000000000000000000e+00 6.265135327635327211e-01 2.748397435897436125e-01 1.014957264957264994e-02 1.282051282051282007e-02
0.000000000000000000e+00 6.389779202279202153e-01 2.670940170940170888e-01 1.193019943019943060e-02 1.335470085470085409e-02
0.000000000000000000e+00 6.065705128205127750e-01 4.639423076923077094e-01 1.549145299145299193e-02 1.068376068376068397e-02
0.000000000000000000e+00 6.385327635327635587e-01 4.905181623931623713e-01 7.834757834757835257e-03 1.736111111111111188e-02
0.000000000000000000e+00 6.689814814814815103e-01 4.897168803418803229e-01 6.054131054131053728e-03 7.745726495726495964e-03
0.000000000000000000e+00 6.721866096866097040e-01 5.008012820512820484e-01 8.903133903133903307e-03 1.655982905982905998e-02
0.000000000000000000e+00 6.049679487179486781e-01 5.157585470085470636e-01 8.012820512820512109e-03 1.709401709401709574e-02
0.000000000000000000e+00 6.128917378917378977e-01 5.140224358974359031e-01 7.834757834757835257e-03 1.736111111111111188e-02
0.000000000000000000e+00 6.203703703703703498e-01 5.142895299145299193e-01 8.190883190883190695e-03 1.682692307692307612e-02
0.000000000000000000e+00 6.501958689458688934e-01 5.098824786324785974e-01 9.081196581196581893e-03 1.762820512820512803e-02
0.000000000000000000e+00 2.809829059829059839e-01 5.770566239316239354e-01 1.175213675213675202e-02 9.882478632478632063e-03
0.000000000000000000e+00 3.233618233618233417e-01 5.714476495726495964e-01 1.139601139601139658e-02 9.882478632478632063e-03
0.000000000000000000e+00 3.593304843304843121e-01 5.669070512820513219e-01 1.460113960113960073e-02 1.148504273504273587e-02
0.000000000000000000e+00 4.748931623931623713e-01 5.543536324786324521e-01 1.460113960113960073e-02 1.095085470085470011e-02
0.000000000000000000e+00 5.140669515669515910e-01 5.491452991452991927e-01 1.317663817663817724e-02 1.068376068376068397e-02
0.000000000000000000e+00 5.312500000000000000e-01 5.466079059829059839e-01 1.299857549857549865e-02 1.095085470085470011e-02
0.000000000000000000e+00 5.469195156695156879e-01 5.444711538461538547e-01 1.442307692307692388e-02 1.148504273504273587e-02
0.000000000000000000e+00 5.983796296296296502e-01 5.546207264957264682e-01 9.437321937321937332e-03 1.575854700854700807e-02
0.000000000000000000e+00 7.010327635327635587e-01 5.122863247863247427e-01 1.210826210826210746e-02 1.121794871794871799e-02
0.000000000000000000e+00 7.175925925925925597e-01 5.089476495726495964e-01 1.353276353276353268e-02 1.148504273504273587e-02
0.000000000000000000e+00 6.836716524216523982e-01 1.108440170940170992e-02 4.451566951566951653e-03 1.095085470085470011e-02
0.000000000000000000e+00 6.839387464387464144e-01 3.258547008547008766e-02 4.985754985754985678e-03 9.615384615384615918e-03
0.000000000000000000e+00 6.832264957264957417e-01 4.794337606837607152e-02 5.698005698005698290e-03 1.148504273504273587e-02
0.000000000000000000e+00 6.771723646723646350e-01 7.118055555555555247e-02 6.054131054131053728e-03 1.362179487179487197e-02
0.000000000000000000e+00 6.823361823361823175e-01 7.959401709401708880e-02 5.341880341880341984e-03 1.068376068376068397e-02
0.000000000000000000e+00 6.767272079772079785e-01 8.266559829059828834e-02 4.807692307692307959e-03 9.348290598290598039e-03
0.000000000000000000e+00 6.822471509971509418e-01 9.147970085470084889e-02 5.519943019943019703e-03 1.362179487179487197e-02
0.000000000000000000e+00 6.816239316239316448e-01 1.045673076923076955e-01 5.341880341880341984e-03 9.882478632478632063e-03
0.000000000000000000e+00 6.814458689458688934e-01 1.169871794871794879e-01 5.341880341880341984e-03 1.014957264957264994e-02
0.000000000000000000e+00 6.915064102564102422e-01 1.340811965811965767e-01 8.012820512820512109e-03 9.081196581196581893e-03
0.000000000000000000e+00 6.748575498575498655e-01 1.662660256410256332e-01 5.698005698005698290e-03 1.255341880341880392e-02
0.000000000000000000e+00 6.738782051282051766e-01 1.808226495726495686e-01 6.588319088319088621e-03 1.602564102564102422e-02
0.000000000000000000e+00 7.728810541310541238e-01 7.131410256410256054e-02 1.406695156695156670e-02 9.081196581196581893e-03
0.000000000000000000e+00 7.599715099715099731e-01 7.772435897435897578e-02 7.122507122507122646e-03 1.816239316239316379e-02
0.000000000000000000e+00 7.609508547008546619e-01 9.201388888888889506e-02 7.300569800569800365e-03 1.469017094017094002e-02
0.000000000000000000e+00 7.604166666666666297e-01 1.048344017094017117e-01 8.725071225071224720e-03 1.308760683760683795e-02
0.000000000000000000e+00 7.602386039886039892e-01 1.157852564102564152e-01 1.335470085470085409e-02 1.095085470085470011e-02
0.000000000000000000e+00 7.076210826210825866e-01 2.881944444444444198e-01 9.615384615384615918e-03 1.388888888888888812e-02
0.000000000000000000e+00 7.142984330484331013e-01 2.999465811965811857e-01 9.081196581196581893e-03 1.175213675213675202e-02
0.000000000000000000e+00 7.226673789173788665e-01 3.127670940170940161e-01 1.121794871794871799e-02 1.549145299145299193e-02
0.000000000000000000e+00 7.171474358974359031e-01 3.560363247863247982e-01 9.437321937321937332e-03 9.615384615384615918e-03
0.000000000000000000e+00 7.241809116809116986e-01 3.737980769230769273e-01 1.103988603988603941e-02 1.201923076923076990e-02
0.000000000000000000e+00 7.285434472934473327e-01 3.860844017094017255e-01 1.050569800569800538e-02 1.041666666666666609e-02
0.000000000000000000e+00 7.323717948717948234e-01 3.986378205128205399e-01 9.971509971509971357e-03 9.348290598290598039e-03
0.000000000000000000e+00 7.493767806267805920e-01 3.699252136752136932e-01 9.793447293447292770e-03 1.709401709401709574e-02
0.000000000000000000e+00 7.600605413105413488e-01 4.005074786324786529e-01 9.793447293447292770e-03 1.469017094017094002e-02
0.000000000000000000e+00 7.082443019943019946e-01 2.327724358974359031e-01 1.193019943019943060e-02 1.148504273504273587e-02
0.000000000000000000e+00 7.248931623931623713e-01 2.232905982905983022e-01 1.353276353276353268e-02 1.549145299145299193e-02
0.000000000000000000e+00 7.549857549857549310e-01 2.104700854700854717e-01 1.103988603988603941e-02 1.014957264957264994e-02
0.000000000000000000e+00 7.780448717948718063e-01 1.995192307692307820e-01 1.299857549857549865e-02 1.282051282051282007e-02
0.000000000000000000e+00 8.023504273504273865e-01 1.889690170940170888e-01 1.317663817663817724e-02 1.148504273504273587e-02
0.000000000000000000e+00 8.163283475783476018e-01 1.825587606837606736e-01 1.371082621082621127e-02 9.882478632478632063e-03
0.000000000000000000e+00 8.517628205128204844e-01 1.665331196581196493e-01 1.335470085470085409e-02 1.095085470085470011e-02
0.000000000000000000e+00 9.212962962962962798e-01 1.364850427350427220e-01 1.388888888888888812e-02 1.549145299145299193e-02
0.000000000000000000e+00 9.449786324786324521e-01 1.290064102564102699e-01 1.210826210826210746e-02 9.615384615384615918e-03
0.000000000000000000e+00 9.577101139601139623e-01 1.255341880341880323e-01 1.228632478632478604e-02 1.014957264957264994e-02
0.000000000000000000e+00 9.943019943019942852e-01 1.115117521367521430e-01 1.103988603988603941e-02 9.882478632478632063e-03
0.000000000000000000e+00 9.254807692307692735e-01 1.805555555555555525e-01 1.014957264957264994e-02 1.442307692307692388e-02
0.000000000000000000e+00 9.361645299145299193e-01 1.940438034188034233e-01 9.793447293447292770e-03 1.148504273504273587e-02
0.000000000000000000e+00 9.475605413105413488e-01 2.421207264957264960e-01 9.081196581196581893e-03 1.255341880341880392e-02
0.000000000000000000e+00 9.555733618233618332e-01 2.544070512820512664e-01 1.335470085470085409e-02 2.003205128205128374e-02
0.000000000000000000e+00 9.734686609686609149e-01 2.489316239316239354e-01 1.210826210826210746e-02 2.029914529914529989e-02
0.000000000000000000e+00 9.044693732193732627e-01 3.051549145299145560e-01 1.157407407407407343e-02 1.522435897435897405e-02
0.000000000000000000e+00 9.244123931623932089e-01 3.199786324786324521e-01 1.335470085470085409e-02 1.014957264957264994e-02
0.000000000000000000e+00 9.187143874643874941e-01 3.406784188034188143e-01 1.086182336182336255e-02 1.522435897435897405e-02
0.000000000000000000e+00 9.339387464387464144e-01 3.735309829059829112e-01 1.032763532763532680e-02 1.308760683760683795e-02
0.000000000000000000e+00 8.518518518518518601e-01 4.407051282051281937e-01 1.210826210826210746e-02 9.081196581196581893e-03
0.000000000000000000e+00 8.689458689458688934e-01 4.328258547008547175e-01 1.887464387464387466e-02 1.575854700854700807e-02
0.000000000000000000e+00 9.124821937321937471e-01 4.284188034188033956e-01 1.513532763532763475e-02 1.068376068376068397e-02
0.000000000000000000e+00 9.020655270655271174e-01 4.495192307692307820e-01 1.531339031339031334e-02 1.014957264957264994e-02
0.000000000000000000e+00 9.692841880341880323e-01 4.178685897435897578e-01 8.012820512820512109e-03 7.745726495726495964e-03
0.000000000000000000e+00 9.761396011396011874e-01 4.162660256410256610e-01 8.547008547008547868e-03 7.745726495726495964e-03
0.000000000000000000e+00 9.833511396011396233e-01 4.139957264957264682e-01 8.725071225071224720e-03 8.012820512820512109e-03
0.000000000000000000e+00 9.239672364672364413e-01 5.749198717948718063e-01 8.903133903133903307e-03 9.348290598290598039e-03
0.000000000000000000e+00 9.904736467236466835e-01 7.262286324786324521e-01 1.869658119658119608e-02 2.350427350427350404e-02
