0.000000000000000000e+00 1.570512820512820484e-01 3.405448717948717646e-02 8.190883190883190695e-03 1.362179487179487197e-02
0.000000000000000000e+00 1.643518518518518601e-01 1.266025641025640969e-01 7.478632478632478951e-03 1.976495726495726413e-02
0.000000000000000000e+00 8.920940170940171166e-02 3.770032051282051211e-01 7.122507122507122646e-03 8.814102564102564014e-03
0.000000000000000000e+00 1.056801994301994341e-01 3.679220085470085722e-01 1.691595441595441715e-02 1.629273504273504383e-02
0.000000000000000000e+00 1.060363247863247843e-01 3.878205128205128305e-01 4.451566951566951653e-03 1.014957264957264994e-02
0.000000000000000000e+00 2.484864672364672233e-01 2.218215811965811857e-01 6.232193732193732315e-03 1.362179487179487197e-02
0.000000000000000000e+00 2.458155270655270619e-01 2.696314102564102422e-01 5.519943019943019703e-03 1.255341880341880392e-02
0.000000000000000000e+00 2.995904558404558493e-01 2.632211538461538547e-01 1.157407407407407343e-02 1.201923076923076990e-02
0.000000000000000000e+00 3.122329059829059839e-01 2.550747863247863068e-01 1.086182336182336255e-02 1.282051282051282007e-02
0.000000000000000000e+00 3.249643874643874386e-01 2.475961538461538547e-01 1.103988603988603941e-02 1.335470085470085409e-02
0.000000000000000000e+00 1.170762108262108220e-01 5.303151709401708880e-01 1.442307692307692388e-02 1.095085470085470011e-02
0.000000000000000000e+00 1.574074074074074125e-01 5.255074786324785974e-01 1.495726495726495790e-02 1.041666666666666609e-02
0.000000000000000000e+00 1.743233618233618332e-01 5.232371794871795156e-01 1.317663817663817724e-02 1.014957264957264994e-02
0.000000000000000000e+00 1.891025641025640969e-01 5.209668803418803229e-01 1.210826210826210746e-02 1.095085470085470011e-02
0.000000000000000000e+00 2.622863247863247982e-01 4.419070512820512664e-01 1.566951566951567051e-02 1.041666666666666609e-02
0.000000000000000000e+00 2.392272079772079785e-01 5.308493589743589203e-01 1.086182336182336255e-02 1.469017094017094002e-02
0.000000000000000000e+00 2.526709401709401615e-01 4.927884615384615641e-01 7.478632478632478951e-03 1.709401709401709574e-02
0.000000000000000000e+00 2.606837606837607013e-01 4.910523504273504036e-01 7.478632478632478951e-03 1.842948717948717993e-02
0.000000000000000000e+00 2.683404558404558493e-01 4.911858974358974117e-01 6.410256410256410034e-03 1.655982905982905998e-02
0.000000000000000000e+00 2.902421652421652287e-01 4.675480769230769273e-01 6.410256410256410034e-03 1.736111111111111188e-02
0.000000000000000000e+00 2.904202279202279247e-01 4.877136752136752018e-01 5.698005698005698290e-03 1.549145299145299193e-02
0.000000000000000000e+00 2.983440170940170888e-01 4.871794871794871695e-01 7.300569800569800365e-03 1.816239316239316379e-02
0.000000000000000000e+00 3.198896011396011319e-01 4.644764957264957417e-01 6.944444444444444059e-03 1.335470085470085409e-02
0.000000000000000000e+00 3.220263532763532610e-01 4.780982905982906206e-01 7.300569800569800365e-03 1.602564102564102422e-02
0.000000000000000000e+00 3.489138176638176825e-01 4.897168803418803229e-01 1.299857549857549865e-02 1.148504273504273587e-02
0.000000000000000000e+00 3.656517094017093794e-01 4.865117521367521292e-01 1.264245014245014322e-02 1.148504273504273587e-02
0.000000000000000000e+00 4.090990028490028574e-01 1.602564102564102422e-02 5.519943019943019703e-03 9.615384615384615918e-03
0.000000000000000000e+00 4.059829059829059839e-01 3.125000000000000000e-02 6.410256410256410034e-03 1.175213675213675202e-02
0.000000000000000000e+00 3.955662393162392987e-01 5.448717948717948789e-02 5.876068376068376009e-03 1.388888888888888812e-02
0.000000000000000000e+00 3.934294871794871695e-01 6.583867521367521569e-02 5.163817663817663398e-03 9.348290598290598039e-03
0.000000000000000000e+00 4.000178062678062529e-01 6.236645299145299193e-02 5.876068376068376009e-03 1.095085470085470011e-02
0.000000000000000000e+00 3.977029914529914278e-01 7.438568376068376009e-02 6.588319088319088621e-03 1.362179487179487197e-02
0.000000000000000000e+00 3.952991452991452825e-01 8.733974358974358476e-02 6.054131054131053728e-03 1.014957264957264994e-02
0.000000000000000000e+00 3.928952991452991372e-01 9.949252136752136100e-02 5.519943019943019703e-03 1.041666666666666609e-02
0.000000000000000000e+00 3.997507122507122368e-01 1.167200854700854717e-01 7.478632478632478951e-03 9.081196581196581893e-03
0.000000000000000000e+00 3.783831908831908897e-01 1.483707264957264960e-01 6.054131054131053728e-03 1.255341880341880392e-02
0.000000000000000000e+00 3.747329059829059839e-01 1.625267094017094072e-01 8.368945868945869282e-03 1.629273504273504383e-02
0.000000000000000000e+00 3.909366096866097040e-01 2.684294871794871695e-01 8.012820512820512109e-03 1.335470085470085409e-02
0.000000000000000000e+00 3.960113960113960108e-01 2.801816239316239354e-01 7.834757834757835257e-03 1.175213675213675202e-02
0.000000000000000000e+00 4.022435897435897578e-01 2.930021367521367659e-01 9.615384615384615918e-03 1.549145299145299193e-02
0.000000000000000000e+00 3.881766381766381668e-01 3.366720085470085722e-01 1.175213675213675202e-02 1.041666666666666609e-02
0.000000000000000000e+00 3.931623931623931534e-01 3.533653846153846367e-01 1.246438746438746463e-02 1.175213675213675202e-02
0.000000000000000000e+00 3.954772079772079785e-01 3.655181623931623713e-01 1.210826210826210746e-02 1.095085470085470011e-02
0.000000000000000000e+00 3.963675213675213471e-01 3.776709401709401615e-01 1.317663817663817724e-02 8.547008547008547868e-03
0.000000000000000000e+00 4.195156695156695426e-01 3.493589743589743390e-01 8.547008547008547868e-03 1.709401709401709574e-02
0.000000000000000000e+00 4.257478632478632341e-01 3.794070512820512664e-01 7.834757834757835257e-03 1.415598290598290600e-02
0.000000000000000000e+00 4.903846153846153633e-01 5.448717948717948789e-02 1.317663817663817724e-02 9.081196581196581893e-03
0.000000000000000000e+00 4.759615384615384359e-01 5.956196581196580853e-02 7.122507122507122646e-03 1.762820512820512803e-02
0.000000000000000000e+00 4.748041310541310511e-01 7.505341880341880045e-02 6.944444444444444059e-03 1.602564102564102422e-02
0.000000000000000000e+00 4.723112535612535856e-01 8.707264957264956862e-02 1.050569800569800538e-02 1.282051282051282007e-02
0.000000000000000000e+00 4.702635327635327767e-01 9.842414529914529642e-02 1.139601139601139658e-02 1.095085470085470011e-02
0.000000000000000000e+00 4.007300569800569812e-01 2.131410256410256332e-01 1.193019943019943060e-02 9.081196581196581893e-03
0.000000000000000000e+00 4.184472934472934225e-01 2.045940170940170888e-01 1.353276353276353268e-02 1.549145299145299193e-02
0.000000000000000000e+00 4.510327635327635587e-01 1.911057692307692180e-01 1.103988603988603941e-02 8.814102564102564014e-03
0.000000000000000000e+00 4.757834757834757955e-01 1.813568376068376009e-01 1.282051282051282007e-02 1.228632478632478604e-02
0.000000000000000000e+00 5.008903133903134242e-01 1.708066239316239354e-01 1.139601139601139658e-02 1.148504273504273587e-02
0.000000000000000000e+00 5.166488603988603767e-01 1.655982905982905928e-01 1.157407407407407343e-02 1.068376068376068397e-02
0.000000000000000000e+00 5.543981481481481399e-01 1.482371794871794879e-01 1.264245014245014322e-02 9.615384615384615918e-03
0.000000000000000000e+00 6.289173789173788665e-01 1.191239316239316171e-01 1.388888888888888812e-02 1.549145299145299193e-02
0.000000000000000000e+00 6.539351851851852304e-01 1.121794871794871834e-01 1.157407407407407343e-02 9.615384615384615918e-03
0.000000000000000000e+00 6.672898860398860377e-01 1.069711538461538408e-01 1.193019943019943060e-02 7.211538461538461939e-03
0.000000000000000000e+00 7.069088319088319139e-01 9.441773504273504036e-02 1.175213675213675202e-02 8.279914529914529989e-03
0.000000000000000000e+00 7.194622507122506727e-01 8.947649572649572780e-02 1.086182336182336255e-02 6.944444444444444059e-03
0.000000000000000000e+00 7.343304843304843121e-01 8.627136752136752018e-02 1.068376068376068397e-02 9.081196581196581893e-03
0.000000000000000000e+00 7.683404558404558493e-01 7.665598290598291120e-02 1.139601139601139658e-02 9.615384615384615918e-03
0.000000000000000000e+00 7.818732193732194080e-01 7.144764957264956862e-02 1.139601139601139658e-02 9.348290598290598039e-03
0.000000000000000000e+00 7.928240740740740700e-01 6.957799145299145560e-02 8.012820512820512109e-03 8.279914529914529989e-03
0.000000000000000000e+00 8.163283475783476018e-01 5.742521367521367937e-03 1.014957264957264994e-02 8.814102564102564014e-03
0.000000000000000000e+00 8.305733618233618332e-01 1.776175213675213610e-02 1.050569800569800538e-02 7.745726495726495964e-03
0.000000000000000000e+00 8.311965811965812412e-01 2.377136752136752018e-02 1.246438746438746463e-02 9.081196581196581893e-03
0.000000000000000000e+00 8.215811965811965489e-01 4.567307692307692041e-02 7.122507122507122646e-03 1.175213675213675202e-02
0.000000000000000000e+00 8.256766381766381668e-01 4.193376068376068050e-02 4.273504273504273934e-03 5.341880341880341984e-03
0.000000000000000000e+00 8.334223646723646350e-01 4.353632478632478431e-02 6.588319088319088621e-03 1.121794871794871799e-02
0.000000000000000000e+00 8.378739316239316448e-01 4.233440170940171166e-02 7.656695156695156670e-03 1.095085470085470011e-02
0.000000000000000000e+00 8.436609686609686243e-01 4.166666666666666435e-02 8.190883190883190695e-03 1.121794871794871799e-02
0.000000000000000000e+00 8.382300569800569257e-01 5.755876068376068050e-02 9.437321937321937332e-03 9.348290598290598039e-03
0.000000000000000000e+00 9.885149572649573058e-01 1.161858974358974395e-02 1.014957264957264994e-02 1.095085470085470011e-02
0.000000000000000000e+00 9.916310541310541238e-01 8.894230769230769551e-02 7.122507122507122646e-03 1.175213675213675202e-02
0.000000000000000000e+00 5.846688034188034511e-01 2.864583333333333148e-01 8.725071225071224720e-03 1.469017094017094002e-02
0.000000000000000000e+00 5.936609686609686243e-01 3.214476495726495964e-01 9.259259259259258745e-03 1.469017094017094002e-02
0.000000000000000000e+00 6.034544159544159569e-01 3.534989316239316448e-01 8.903133903133903307e-03 1.255341880341880392e-02
0.000000000000000000e+00 6.027421652421652842e-01 2.995459401709401615e-01 1.282051282051282007e-02 6.677350427350427046e-03
0.000000000000000000e+00 6.265135327635327211e-01 1.629273504273504314e-01 8.725071225071224720e-03 1.442307692307692388e-02
0.000000000000000000e+00 6.350605413105413488e-01 1.761485042735042861e-01 8.368945868945869282e-03 1.148504273504273587e-02
0.000000000000000000e+00 6.381766381766381668e-01 2.238247863247863345e-01 7.122507122507122646e-03 1.228632478632478604e-02
0.000000000000000000e+00 6.623931623931623713e-01 2.302350427350427220e-01 9.971509971509971357e-03 1.976495726495726413e-02
0.000000000000000000e+00 6.437856125356125059e-01 2.359775641025640969e-01 1.050569800569800538e-02 2.003205128205128374e-02
0.000000000000000000e+00 5.111289173789174134e-01 4.181356837606837740e-01 1.264245014245014322e-02 6.677350427350427046e-03
0.000000000000000000e+00 5.288461538461538547e-01 4.109241452991452825e-01 1.816239316239316379e-02 1.362179487179487197e-02
0.000000000000000000e+00 5.595619658119658224e-01 4.280181623931623713e-01 1.477920227920227932e-02 9.348290598290598039e-03
0.000000000000000000e+00 5.734508547008546619e-01 4.079861111111111049e-01 1.477920227920227932e-02 1.095085470085470011e-02
0.000000000000000000e+00 6.926638176638176825e-01 3.823450854700854440e-01 6.410256410256410034e-03 6.677350427350427046e-03
0.000000000000000000e+00 6.990740740740740700e-01 3.592414529914529919e-01 1.210826210826210746e-02 1.068376068376068397e-02
0.000000000000000000e+00 7.424323361823361722e-01 3.772702991452991372e-01 1.299857549857549865e-02 1.095085470085470011e-02
0.000000000000000000e+00 7.489316239316239354e-01 3.589743589743589758e-01 1.388888888888888812e-02 1.121794871794871799e-02
0.000000000000000000e+00 7.661146723646723444e-01 3.540331196581196771e-01 1.406695156695156670e-02 1.148504273504273587e-02
0.000000000000000000e+00 7.824074074074074403e-01 3.488247863247863068e-01 1.175213675213675202e-02 1.121794871794871799e-02
0.000000000000000000e+00 8.003027065527065220e-01 3.448183760683760646e-01 1.264245014245014322e-02 1.068376068376068397e-02
0.000000000000000000e+00 8.222044159544159569e-01 3.392094017094017255e-01 1.299857549857549865e-02 1.014957264957264994e-02
0.000000000000000000e+00 7.910434472934473327e-01 3.619123931623931534e-01 7.300569800569800365e-03 1.014957264957264994e-02
0.000000000000000000e+00 8.393874643874643660e-01 3.345352564102563875e-01 1.353276353276353268e-02 1.095085470085470011e-02
0.000000000000000000e+00 8.547898860398860377e-01 3.317307692307692180e-01 1.335470085470085409e-02 1.121794871794871799e-02
0.000000000000000000e+00 8.796296296296296502e-01 3.257211538461538547e-01 1.175213675213675202e-02 1.041666666666666609e-02
0.000000000000000000e+00 8.910256410256410797e-01 3.222489316239316448e-01 1.068376068376068397e-02 8.279914529914529989e-03
0.000000000000000000e+00 8.827457264957264682e-01 2.179487179487179516e-01 8.368945868945869282e-03 6.944444444444444059e-03
0.000000000000000000e+00 8.835470085470085166e-01 2.235576923076923184e-01 1.032763532763532680e-02 6.944444444444444059e-03
0.000000000000000000e+00 8.855056980056980054e-01 2.288995726495726413e-01 1.068376068376068397e-02 8.547008547008547868e-03
0.000000000000000000e+00 8.957443019943019946e-01 2.517361111111111049e-01 1.121794871794871799e-02 8.279914529914529989e-03
0.000000000000000000e+00 8.977029914529914834e-01 2.572115384615384359e-01 1.121794871794871799e-02 7.478632478632478951e-03
0.000000000000000000e+00 9.000178062678062529e-01 2.626869658119658224e-01 1.157407407407407343e-02 6.677350427350427046e-03
0.000000000000000000e+00 9.012642450142450690e-01 2.678952991452991372e-01 1.086182336182336255e-02 8.012820512820512109e-03
0.000000000000000000e+00 9.168447293447293811e-01 3.182425213675213471e-01 1.495726495726495790e-02 1.041666666666666609e-02
0.000000000000000000e+00 9.414173789173788665e-01 3.023504273504273310e-01 1.317663817663817724e-02 1.549145299145299193e-02
0.000000000000000000e+00 9.473824786324785974e-01 3.008814102564102422e-01 1.121794871794871799e-02 1.308760683760683795e-02
0.000000000000000000e+00 9.548611111111111605e-01 2.999465811965811857e-01 1.335470085470085409e-02 1.388888888888888812e-02
0.000000000000000000e+00 9.603810541310541238e-01 2.980769230769230727e-01 1.228632478632478604e-02 1.442307692307692388e-02
0.000000000000000000e+00 9.691951566951566566e-01 2.958066239316239354e-01 1.317663817663817724e-02 1.308760683760683795e-02
0.000000000000000000e+00 9.780092592592593004e-01 2.813835470085470081e-01 1.086182336182336255e-02 1.522435897435897405e-02
0.000000000000000000e+00 9.947471509971509418e-01 2.783119658119658224e-01 1.014957264957264994e-02 1.442307692307692388e-02
0.000000000000000000e+00 6.973824786324785974e-01 4.790331196581196771e-01 1.406695156695156670e-02 1.095085470085470011e-02
0.000000000000000000e+00 7.002314814814815103e-01 4.870459401709401615e-01 1.193019943019943060e-02 9.882478632478632063e-03
0.000000000000000000e+00 7.003205128205127750e-01 4.961271367521367659e-01 1.460113960113960073e-02 9.882478632478632063e-03
0.000000000000000000e+00 6.977386039886039892e-01 5.287126068376067911e-01 2.225783475783475740e-02 1.308760683760683795e-02
0.000000000000000000e+00 7.216880341880341776e-01 5.295138888888888395e-01 1.495726495726495790e-02 8.279914529914529989e-03
0.000000000000000000e+00 8.912037037037037202e-01 5.299145299145299193e-01 1.638176638176638139e-02 1.228632478632478604e-02
0.000000000000000000e+00 8.958333333333333703e-01 5.407318376068376287e-01 1.638176638176638139e-02 1.308760683760683795e-02
0.000000000000000000e+00 9.010861823361823175e-01 5.548878205128204844e-01 1.691595441595441715e-02 8.814102564102564014e-03
0.000000000000000000e+00 9.563746438746438816e-01 4.759615384615384359e-01 1.638176638176638139e-02 1.121794871794871799e-02
0.000000000000000000e+00 9.892272079772079785e-01 4.718215811965811857e-01 1.371082621082621127e-02 1.041666666666666609e-02
0.000000000000000000e+00 5.589387464387464144e-01 5.523504273504273865e-01 1.317663817663817724e-02 9.081196581196581893e-03
0.000000000000000000e+00 6.031873219373219408e-01 7.027243589743589203e-01 1.655982905982905998e-02 2.297008547008547175e-02
0.000000000000000000e+00 6.432514245014244736e-01 7.135416666666666297e-01 1.014957264957264994e-02 1.682692307692307612e-02
0.000000000000000000e+00 7.294337606837606458e-01 7.264957264957264682e-01 9.793447293447292770e-03 1.709401709401709574e-02
0.000000000000000000e+00 7.516915954415954726e-01 7.322382478632478708e-01 1.050569800569800538e-02 2.216880341880341984e-02
0.000000000000000000e+00 6.986289173789174134e-01 8.143696581196581130e-01 1.228632478632478604e-02 2.190170940170940023e-02
0.000000000000000000e+00 7.125178062678062529e-01 8.485576923076922906e-01 1.121794871794871799e-02 2.350427350427350404e-02
0.000000000000000000e+00 6.811787749287748772e-01 8.624465811965812412e-01 1.086182336182336255e-02 1.976495726495726413e-02
0.000000000000000000e+00 6.599893162393162260e-01 9.257478632478632896e-01 1.193019943019943060e-02 1.976495726495726413e-02
0.000000000000000000e+00 6.853632478632478708e-01 9.310897435897436125e-01 1.246438746438746463e-02 2.564102564102564014e-02
0.000000000000000000e+00 6.777065527065526673e-01 9.537927350427350959e-01 1.068376068376068397e-02 2.083333333333333218e-02
0.000000000000000000e+00 6.500178062678062529e-01 9.532585470085470636e-01 1.228632478632478604e-02 2.136752136752136794e-02
0.000000000000000000e+00 6.417378917378917524e-01 9.754273504273504036e-01 1.353276353276353268e-02 2.670940170940170819e-02
0.000000000000000000e+00 6.647079772079772519e-01 9.903846153846154188e-01 1.317663817663817724e-02 1.869658119658119608e-02
0.000000000000000000e+00 7.896189458689458762e-01 6.849626068376067911e-01 1.549145299145299193e-02 1.575854700854700807e-02
0.000000000000000000e+00 9.156873219373219408e-01 7.704326923076922906e-01 1.655982905982905998e-02 1.789529914529914417e-02
0.000000000000000000e+00 9.335826210826211335e-01 7.821848290598291120e-01 1.566951566951567051e-02 1.736111111111111188e-02
0.000000000000000000e+00 1.314102564102564152e-01 9.778311965811965489e-01 1.816239316239316379e-02 2.831196581196581200e-02
