0.000000000000000000e+00 5.199430199430199462e-02 4.180021367521367243e-02 8.903133903133903307e-03 8.814102564102564014e-03
0.000000000000000000e+00 5.359686609686609843e-02 5.168269230769230449e-02 1.032763532763532680e-02 8.814102564102564014e-03
0.000000000000000000e+00 5.279558404558404305e-02 7.251602564102564707e-02 1.050569800569800538e-02 7.745726495726495964e-03
0.000000000000000000e+00 1.034544159544159569e-01 6.704059829059828834e-02 6.054131054131053728e-03 1.175213675213675202e-02
0.000000000000000000e+00 1.112001424501424529e-01 5.555555555555555247e-02 5.519943019943019703e-03 1.014957264957264994e-02
0.000000000000000000e+00 1.649750712250712126e-01 8.333333333333332871e-02 5.163817663817663398e-03 1.228632478632478604e-02
0.000000000000000000e+00 1.128917378917378977e-01 1.085737179487179516e-01 1.282051282051282007e-02 8.279914529914529989e-03
0.000000000000000000e+00 1.308760683760683795e-02 1.829594017094016978e-01 5.519943019943019703e-03 1.335470085470085409e-02
0.000000000000000000e+00 1.353276353276353268e-02 1.991185897435897301e-01 5.698005698005698290e-03 1.255341880341880392e-02
0.000000000000000000e+00 1.379985754985755056e-02 2.174145299145299193e-01 6.232193732193732315e-03 1.228632478632478604e-02
0.000000000000000000e+00 1.405804843304843399e-01 2.260950854700854717e-01 5.519943019943019703e-03 1.201923076923076990e-02
0.000000000000000000e+00 1.621260683760683829e-01 2.254273504273504314e-01 5.519943019943019703e-03 1.495726495726495790e-02
0.000000000000000000e+00 1.693376068376068466e-01 2.236912393162393264e-01 5.341880341880341984e-03 1.201923076923076990e-02
0.000000000000000000e+00 1.436965811965811857e-01 2.477297008547008628e-01 1.103988603988603941e-02 8.279914529914529989e-03
0.000000000000000000e+00 1.435185185185185175e-01 2.600160256410256610e-01 1.068376068376068397e-02 8.279914529914529989e-03
0.000000000000000000e+00 1.432514245014245013e-01 2.678952991452991372e-01 1.193019943019943060e-02 8.012820512820512109e-03
0.000000000000000000e+00 1.321225071225071157e-01 3.173076923076922906e-01 5.341880341880341984e-03 1.495726495726495790e-02
0.000000000000000000e+00 1.313212250712250673e-01 3.330662393162392987e-01 5.876068376068376009e-03 1.388888888888888812e-02
0.000000000000000000e+00 1.294515669515669543e-01 3.474893162393162260e-01 4.629629629629629373e-03 1.282051282051282007e-02
0.000000000000000000e+00 1.278490028490028574e-01 3.653846153846153633e-01 5.698005698005698290e-03 1.388888888888888812e-02
0.000000000000000000e+00 1.438746438746438816e-01 3.823450854700854440e-01 1.246438746438746463e-02 9.348290598290598039e-03
0.000000000000000000e+00 2.003205128205128305e-01 3.620459401709401615e-01 6.766381766381766340e-03 1.682692307692307612e-02
0.000000000000000000e+00 2.329950142450142314e-01 3.767361111111111049e-01 1.228632478632478604e-02 8.814102564102564014e-03
0.000000000000000000e+00 2.470619658119658224e-01 3.767361111111111049e-01 1.157407407407407343e-02 9.882478632478632063e-03
0.000000000000000000e+00 2.792913105413105668e-01 3.959668803418803229e-01 1.371082621082621127e-02 1.041666666666666609e-02
0.000000000000000000e+00 2.505341880341880323e-01 4.027777777777777901e-01 1.139601139601139658e-02 8.012820512820512109e-03
0.000000000000000000e+00 2.512464387464387605e-01 4.102564102564102422e-01 1.353276353276353268e-02 9.615384615384615918e-03
0.000000000000000000e+00 2.511574074074073848e-01 4.184027777777777901e-01 1.228632478632478604e-02 1.148504273504273587e-02
0.000000000000000000e+00 2.491096866096866036e-01 4.444444444444444198e-01 1.353276353276353268e-02 9.615384615384615918e-03
0.000000000000000000e+00 2.775997150997150942e-01 4.545940170940170888e-01 1.388888888888888812e-02 9.615384615384615918e-03
0.000000000000000000e+00 2.999465811965811857e-01 4.467147435897436125e-01 6.232193732193732315e-03 1.575854700854700807e-02
0.000000000000000000e+00 3.149928774928774655e-01 4.468482905982906206e-01 6.766381766381766340e-03 1.655982905982905998e-02
0.000000000000000000e+00 1.217948717948717924e-01 4.663461538461538547e-01 6.054131054131053728e-03 1.602564102564102422e-02
0.000000000000000000e+00 1.392450142450142314e-01 5.168269230769231282e-01 1.495726495726495790e-02 1.014957264957264994e-02
0.000000000000000000e+00 1.388888888888888951e-01 5.256410256410256610e-01 1.139601139601139658e-02 9.081196581196581893e-03
0.000000000000000000e+00 1.369301994301994341e-01 5.430021367521367104e-01 1.317663817663817724e-02 1.014957264957264994e-02
0.000000000000000000e+00 1.355056980056980054e-01 5.608974358974359031e-01 1.460113960113960073e-02 1.121794871794871799e-02
0.000000000000000000e+00 1.332799145299145283e-01 5.701121794871795156e-01 1.157407407407407343e-02 9.882478632478632063e-03
0.000000000000000000e+00 1.330128205128205121e-01 5.785256410256410797e-01 1.246438746438746463e-02 9.615384615384615918e-03
0.000000000000000000e+00 1.610576923076923184e-01 4.990651709401709435e-01 7.656695156695156670e-03 1.736111111111111188e-02
0.000000000000000000e+00 1.686253561253561184e-01 4.978632478632478708e-01 6.766381766381766340e-03 1.388888888888888812e-02
0.000000000000000000e+00 1.763710826210826144e-01 4.973290598290598385e-01 6.588319088319088621e-03 1.335470085470085409e-02
0.000000000000000000e+00 1.839387464387464421e-01 4.963942307692307820e-01 6.766381766381766340e-03 1.575854700854700807e-02
0.000000000000000000e+00 1.915954415954415901e-01 4.947916666666666852e-01 6.410256410256410034e-03 1.255341880341880392e-02
0.000000000000000000e+00 1.998753561253561184e-01 4.951923076923077094e-01 6.944444444444444059e-03 1.495726495726495790e-02
0.000000000000000000e+00 1.737001424501424529e-01 5.237713675213675479e-01 1.228632478632478604e-02 9.615384615384615918e-03
0.000000000000000000e+00 1.686253561253561184e-01 5.606303418803418870e-01 1.353276353276353268e-02 1.121794871794871799e-02
0.000000000000000000e+00 1.847400284900284906e-01 5.774572649572649041e-01 1.228632478632478604e-02 1.068376068376068397e-02
0.000000000000000000e+00 1.680911680911680861e-01 5.877403846153845812e-01 1.282051282051282007e-02 1.041666666666666609e-02
0.000000000000000000e+00 1.837606837606837740e-01 5.869391025641025328e-01 1.460113960113960073e-02 1.148504273504273587e-02
0.000000000000000000e+00 2.073539886039885982e-01 4.955929487179487336e-01 6.944444444444444059e-03 1.362179487179487197e-02
0.000000000000000000e+00 2.151887464387464421e-01 4.945245726495726690e-01 6.588319088319088621e-03 1.522435897435897405e-02
0.000000000000000000e+00 2.223112535612535579e-01 4.954594017094017255e-01 6.588319088319088621e-03 1.602564102564102422e-02
0.000000000000000000e+00 2.300569800569800538e-01 4.949252136752136932e-01 6.766381766381766340e-03 1.442307692307692388e-02
0.000000000000000000e+00 2.377136752136752018e-01 4.950587606837607013e-01 6.766381766381766340e-03 1.575854700854700807e-02
0.000000000000000000e+00 2.457264957264957139e-01 4.930555555555555802e-01 7.122507122507122646e-03 1.335470085470085409e-02
0.000000000000000000e+00 2.719017094017093794e-01 5.110844017094017255e-01 1.460113960113960073e-02 1.041666666666666609e-02
0.000000000000000000e+00 2.711894586894587067e-01 5.209668803418803229e-01 1.068376068376068397e-02 9.882478632478632063e-03
0.000000000000000000e+00 2.334401709401709435e-01 5.661057692307692735e-01 1.210826210826210746e-02 9.882478632478632063e-03
0.000000000000000000e+00 3.165954415954416179e-01 6.228632478632478708e-01 6.054131054131053728e-03 1.549145299145299193e-02
0.000000000000000000e+00 3.254985754985754709e-01 6.224626068376067911e-01 6.054131054131053728e-03 2.003205128205128374e-02
0.000000000000000000e+00 3.239850427350427498e-01 6.419604700854700807e-01 5.876068376068376009e-03 1.736111111111111188e-02
0.000000000000000000e+00 2.091346153846153910e-01 6.622596153846154188e-01 6.232193732193732315e-03 9.882478632478632063e-03
0.000000000000000000e+00 9.090099715099715649e-02 8.043536324786324521e-01 1.513532763532763475e-02 1.041666666666666609e-02
0.000000000000000000e+00 1.342592592592592726e-01 7.757745726495726135e-01 1.353276353276353268e-02 1.201923076923076990e-02
0.000000000000000000e+00 1.333689458689458762e-01 7.884615384615384359e-01 1.424501424501424529e-02 1.014957264957264994e-02
0.000000000000000000e+00 1.300747863247863345e-01 7.987446581196581130e-01 1.549145299145299193e-02 1.095085470085470011e-02
0.000000000000000000e+00 1.290954415954415901e-01 8.099626068376067911e-01 1.282051282051282007e-02 1.095085470085470011e-02
0.000000000000000000e+00 1.509081196581196493e-01 7.772435897435897578e-01 1.335470085470085409e-02 1.121794871794871799e-02
0.000000000000000000e+00 1.487713675213675202e-01 7.887286324786324521e-01 1.406695156695156670e-02 1.121794871794871799e-02
0.000000000000000000e+00 1.462784900284900269e-01 7.988782051282051766e-01 1.477920227920227932e-02 1.175213675213675202e-02
0.000000000000000000e+00 1.461894586894586789e-01 8.107638888888888395e-01 1.282051282051282007e-02 1.148504273504273587e-02
0.000000000000000000e+00 1.437856125356125336e-01 8.198450854700854995e-01 1.335470085470085409e-02 6.143162393162393022e-03
0.000000000000000000e+00 1.813568376068376009e-01 7.386485042735042583e-01 8.012820512820512109e-03 1.949786324786324798e-02
0.000000000000000000e+00 1.904380341880341776e-01 7.792467948717948234e-01 1.371082621082621127e-02 1.041666666666666609e-02
0.000000000000000000e+00 1.869658119658119677e-01 7.899305555555555802e-01 1.495726495726495790e-02 1.095085470085470011e-02
0.000000000000000000e+00 1.851851851851851749e-01 8.003472222222222099e-01 1.424501424501424529e-02 1.095085470085470011e-02
0.000000000000000000e+00 2.034366096866096763e-01 8.016826923076922906e-01 1.655982905982905998e-02 1.201923076923076990e-02
0.000000000000000000e+00 1.832264957264957139e-01 8.227831196581196771e-01 1.317663817663817724e-02 1.041666666666666609e-02
0.000000000000000000e+00 2.424323361823361722e-01 8.019497863247863068e-01 1.477920227920227932e-02 1.148504273504273587e-02
0.000000000000000000e+00 2.420762108262108359e-01 8.138354700854700807e-01 1.406695156695156670e-02 1.068376068376068397e-02
0.000000000000000000e+00 2.582799145299145560e-01 8.137019230769231282e-01 1.549145299145299193e-02 1.255341880341880392e-02
0.000000000000000000e+00 2.386039886039885982e-01 8.369391025641025328e-01 1.388888888888888812e-02 1.095085470085470011e-02
0.000000000000000000e+00 2.552528490028490027e-01 8.373397435897436125e-01 1.513532763532763475e-02 1.121794871794871799e-02
0.000000000000000000e+00 3.032407407407407551e-01 8.346688034188034511e-01 1.602564102564102422e-02 1.228632478632478604e-02
0.000000000000000000e+00 3.016381766381766583e-01 8.462873931623932089e-01 1.602564102564102422e-02 8.814102564102564014e-03
0.000000000000000000e+00 2.987891737891738009e-01 1.355502136752136655e-01 6.410256410256410034e-03 1.415598290598290600e-02
0.000000000000000000e+00 3.053774928774928843e-01 1.378205128205128305e-01 4.985754985754985678e-03 1.228632478632478604e-02
0.000000000000000000e+00 3.118767806267806475e-01 1.370192307692307820e-01 5.876068376068376009e-03 1.388888888888888812e-02
0.000000000000000000e+00 3.186431623931623713e-01 1.378205128205128305e-01 5.163817663817663398e-03 1.228632478632478604e-02
0.000000000000000000e+00 3.259437321937321830e-01 1.363514957264957139e-01 6.232193732193732315e-03 1.469017094017094002e-02
0.000000000000000000e+00 3.421474358974359031e-01 1.244658119658119677e-01 6.588319088319088621e-03 1.282051282051282007e-02
0.000000000000000000e+00 3.569266381766381668e-01 1.316773504273504314e-01 1.050569800569800538e-02 6.944444444444444059e-03
0.000000000000000000e+00 3.572827635327635587e-01 1.438301282051281937e-01 1.050569800569800538e-02 8.279914529914529989e-03
0.000000000000000000e+00 3.490028490028490027e-01 1.663995726495726413e-01 9.615384615384615918e-03 6.944444444444444059e-03
0.000000000000000000e+00 3.485576923076922906e-01 1.722756410256410242e-01 9.437321937321937332e-03 8.012820512820512109e-03
0.000000000000000000e+00 3.485576923076922906e-01 1.790865384615384637e-01 1.121794871794871799e-02 8.279914529914529989e-03
0.000000000000000000e+00 3.481125356125356340e-01 1.849626068376068466e-01 9.615384615384615918e-03 8.279914529914529989e-03
0.000000000000000000e+00 5.256410256410256610e-01 2.765758547008547175e-01 1.068376068376068397e-02 8.279914529914529989e-03
0.000000000000000000e+00 5.248397435897436125e-01 2.831196581196581130e-01 1.121794871794871799e-02 8.012820512820512109e-03
0.000000000000000000e+00 5.259081196581196771e-01 2.896634615384615641e-01 1.193019943019943060e-02 7.211538461538461939e-03
0.000000000000000000e+00 3.854166666666666852e-01 3.249198717948718063e-01 5.519943019943019703e-03 1.362179487179487197e-02
0.000000000000000000e+00 3.654736467236467390e-01 3.559027777777777901e-01 1.050569800569800538e-02 9.348290598290598039e-03
0.000000000000000000e+00 4.069622507122507282e-01 3.251869658119658224e-01 5.876068376068376009e-03 1.362179487179487197e-02
0.000000000000000000e+00 4.629629629629629650e-01 3.636485042735042583e-01 1.175213675213675202e-02 8.814102564102564014e-03
0.000000000000000000e+00 4.625178062678062529e-01 3.708600427350427498e-01 1.406695156695156670e-02 9.348290598290598039e-03
0.000000000000000000e+00 4.628739316239316448e-01 3.786057692307692180e-01 1.121794871794871799e-02 8.814102564102564014e-03
0.000000000000000000e+00 4.637642450142450135e-01 3.936965811965811857e-01 1.406695156695156670e-02 9.081196581196581893e-03
0.000000000000000000e+00 4.643874643874643660e-01 4.015758547008547175e-01 1.210826210826210746e-02 8.814102564102564014e-03
0.000000000000000000e+00 3.900462962962962798e-01 4.728899572649572502e-01 1.014957264957264994e-02 6.677350427350427046e-03
0.000000000000000000e+00 4.205840455840456071e-01 4.728899572649572502e-01 1.103988603988603941e-02 9.348290598290598039e-03
0.000000000000000000e+00 4.227207977207977363e-01 4.809027777777777901e-01 1.353276353276353268e-02 9.882478632478632063e-03
0.000000000000000000e+00 4.233440170940170888e-01 4.887820512820512664e-01 1.121794871794871799e-02 9.615384615384615918e-03
0.000000000000000000e+00 4.204950142450142314e-01 4.467147435897436125e-01 1.299857549857549865e-02 1.041666666666666609e-02
0.000000000000000000e+00 4.203169515669515910e-01 4.547275641025640969e-01 1.193019943019943060e-02 1.041666666666666609e-02
0.000000000000000000e+00 4.611823361823361722e-01 4.428418803418803229e-01 1.210826210826210746e-02 8.547008547008547868e-03
0.000000000000000000e+00 4.610042735042735318e-01 4.503205128205128305e-01 1.139601139601139658e-02 9.081196581196581893e-03
0.000000000000000000e+00 4.595797720797720753e-01 4.615384615384615641e-01 1.602564102564102422e-02 1.014957264957264994e-02
0.000000000000000000e+00 4.613603988603988681e-01 4.692841880341880323e-01 1.139601139601139658e-02 9.615384615384615918e-03
0.000000000000000000e+00 4.766737891737891641e-01 4.802350427350427498e-01 7.122507122507122646e-03 9.615384615384615918e-03
0.000000000000000000e+00 5.000890313390313757e-01 4.788995726495726690e-01 7.300569800569800365e-03 9.081196581196581893e-03
0.000000000000000000e+00 5.361467236467236663e-01 4.771634615384615641e-01 6.766381766381766340e-03 8.814102564102564014e-03
0.000000000000000000e+00 5.520833333333333703e-01 4.768963675213675479e-01 1.228632478632478604e-02 9.882478632478632063e-03
0.000000000000000000e+00 2.414529914529914556e-01 1.359508547008546897e-01 1.317663817663817724e-02 7.478632478632478951e-03
0.000000000000000000e+00 5.891203703703703498e-01 6.821581196581196771e-01 1.584757834757834910e-02 1.068376068376068397e-02
0.000000000000000000e+00 5.462072649572649041e-01 7.103365384615384359e-01 1.299857549857549865e-02 9.882478632478632063e-03
0.000000000000000000e+00 4.721331908831908897e-01 6.740117521367521292e-01 1.371082621082621127e-02 1.148504273504273587e-02
0.000000000000000000e+00 4.021545584045583821e-01 8.158386752136752573e-01 7.300569800569800365e-03 1.469017094017094002e-02
0.000000000000000000e+00 4.255698005698005937e-01 9.863782051282051766e-01 1.816239316239316379e-02 1.549145299145299193e-02
0.000000000000000000e+00 4.582443019943019946e-01 9.760950854700854995e-01 1.371082621082621127e-02 1.362179487179487197e-02
0.000000000000000000e+00 4.801460113960113740e-01 9.698183760683760646e-01 1.798433048433048520e-02 1.388888888888888812e-02
0.000000000000000000e+00 5.408653846153845812e-01 9.581997863247863068e-01 1.442307692307692388e-02 1.308760683760683795e-02
0.000000000000000000e+00 5.645477207977207534e-01 9.532585470085470636e-01 1.406695156695156670e-02 1.282051282051282007e-02
0.000000000000000000e+00 6.044337606837606458e-01 9.449786324786324521e-01 1.691595441595441715e-02 1.282051282051282007e-02
0.000000000000000000e+00 6.432514245014244736e-01 9.344284188034187588e-01 1.834045584045583890e-02 1.469017094017094002e-02
0.000000000000000000e+00 8.235398860398860377e-01 8.866185897435897578e-01 1.709401709401709574e-02 1.415598290598290600e-02
0.000000000000000000e+00 8.049323361823361722e-01 9.520566239316239354e-01 1.513532763532763475e-02 1.362179487179487197e-02
0.000000000000000000e+00 8.060897435897436125e-01 9.646100427350426942e-01 1.602564102564102422e-02 1.362179487179487197e-02
0.000000000000000000e+00 7.648682336182336394e-01 9.663461538461538547e-01 1.299857549857549865e-02 1.175213675213675202e-02
0.000000000000000000e+00 7.662037037037037202e-01 9.893162393162393542e-01 1.317663817663817724e-02 1.175213675213675202e-02
0.000000000000000000e+00 8.078703703703703498e-01 9.971955128205127750e-01 1.460113960113960073e-02 5.074786324786324972e-03
0.000000000000000000e+00 6.241096866096865758e-01 9.842414529914529642e-02 1.602564102564102422e-02 1.522435897435897405e-02
0.000000000000000000e+00 7.045049857549857686e-01 9.895833333333332871e-02 1.121794871794871799e-02 8.279914529914529989e-03
0.000000000000000000e+00 6.469907407407406996e-01 2.662927350427350404e-01 1.050569800569800538e-02 8.547008547008547868e-03
0.000000000000000000e+00 6.495726495726495964e-01 2.733707264957264682e-01 1.317663817663817724e-02 9.348290598290598039e-03
0.000000000000000000e+00 6.519764957264957417e-01 2.805822649572649596e-01 1.371082621082621127e-02 9.882478632478632063e-03
0.000000000000000000e+00 6.541132478632478708e-01 2.942040598290598385e-01 1.299857549857549865e-02 8.814102564102564014e-03
0.000000000000000000e+00 6.558938746438746081e-01 3.011485042735042583e-01 1.121794871794871799e-02 8.814102564102564014e-03
0.000000000000000000e+00 6.577635327635327211e-01 3.075587606837607013e-01 1.210826210826210746e-02 9.348290598290598039e-03
0.000000000000000000e+00 6.659544159544159569e-01 3.688568376068376287e-01 9.615384615384615918e-03 9.081196581196581893e-03
0.000000000000000000e+00 6.704950142450142314e-01 3.826121794871794601e-01 1.193019943019943060e-02 9.882478632478632063e-03
0.000000000000000000e+00 6.710292022792022637e-01 3.904914529914529919e-01 1.299857549857549865e-02 9.081196581196581893e-03
0.000000000000000000e+00 6.740562678062678170e-01 3.989049145299145560e-01 1.228632478632478604e-02 9.882478632478632063e-03
0.000000000000000000e+00 6.951566951566952035e-01 3.731303418803418870e-01 7.122507122507122646e-03 1.762820512820512803e-02
0.000000000000000000e+00 7.164351851851852304e-01 4.905181623931623713e-01 8.725071225071224720e-03 1.629273504273504383e-02
0.000000000000000000e+00 7.211538461538461453e-01 5.244391025641025328e-01 7.122507122507122646e-03 1.522435897435897405e-02
0.000000000000000000e+00 7.248041310541311066e-01 5.498130341880341776e-01 9.437321937321937332e-03 1.842948717948717993e-02
0.000000000000000000e+00 7.280092592592593004e-01 5.727831196581196771e-01 8.012820512820512109e-03 1.736111111111111188e-02
0.000000000000000000e+00 7.357549857549857686e-01 6.264690170940171443e-01 1.068376068376068397e-02 3.018162393162393195e-02
0.000000000000000000e+00 9.064280626780626404e-01 7.088675213675214026e-01 1.050569800569800538e-02 1.762820512820512803e-02
0.000000000000000000e+00 8.954772079772079785e-01 3.392094017094016839e-02 1.103988603988603941e-02 8.547008547008547868e-03
0.000000000000000000e+00 8.986823361823361722e-01 4.407051282051282354e-02 9.971509971509971357e-03 8.547008547008547868e-03
0.000000000000000000e+00 8.385861823361823175e-01 1.537126068376068466e-01 7.656695156695156670e-03 1.255341880341880392e-02
0.000000000000000000e+00 8.455306267806267373e-01 1.535790598290598385e-01 9.437321937321937332e-03 1.655982905982905998e-02
0.000000000000000000e+00 8.568376068376067911e-01 1.518429487179487059e-01 7.834757834757835257e-03 1.308760683760683795e-02
0.000000000000000000e+00 8.636039886039885705e-01 1.513087606837606736e-01 7.834757834757835257e-03 1.362179487179487197e-02
0.000000000000000000e+00 8.697471509971509418e-01 1.503739316239316171e-01 8.012820512820512109e-03 1.175213675213675202e-02
0.000000000000000000e+00 8.403668091168091658e-01 1.749465811965811857e-01 7.656695156695156670e-03 8.547008547008547868e-03
0.000000000000000000e+00 8.837250712250712681e-01 1.716079059829059839e-01 7.834757834757835257e-03 7.211538461538461939e-03
0.000000000000000000e+00 7.894408831908832358e-01 1.904380341880341776e-01 8.012820512820512109e-03 8.012820512820512109e-03
0.000000000000000000e+00 8.292378917378917524e-01 2.186164529914529919e-01 7.834757834757835257e-03 1.308760683760683795e-02
0.000000000000000000e+00 8.163283475783476018e-01 2.923344017094017255e-01 1.193019943019943060e-02 9.348290598290598039e-03
0.000000000000000000e+00 8.439280626780626404e-01 2.508012820512820484e-01 1.264245014245014322e-02 8.012820512820512109e-03
0.000000000000000000e+00 8.458867521367521292e-01 2.565438034188033956e-01 1.264245014245014322e-02 9.348290598290598039e-03
0.000000000000000000e+00 8.481125356125356340e-01 2.630876068376068466e-01 1.353276353276353268e-02 9.615384615384615918e-03
0.000000000000000000e+00 8.490028490028490582e-01 2.711004273504273310e-01 1.210826210826210746e-02 8.012820512820512109e-03
0.000000000000000000e+00 8.522970085470085166e-01 2.789797008547008628e-01 1.335470085470085409e-02 8.814102564102564014e-03
0.000000000000000000e+00 8.730413105413105113e-01 2.549412393162392987e-01 1.282051282051282007e-02 8.279914529914529989e-03
0.000000000000000000e+00 8.750890313390313757e-01 2.593482905982906206e-01 1.121794871794871799e-02 6.410256410256410034e-03
0.000000000000000000e+00 8.758012820512820484e-01 2.674946581196581130e-01 1.442307692307692388e-02 1.148504273504273587e-02
0.000000000000000000e+00 8.520299145299145005e-01 3.027510683760683552e-01 1.068376068376068397e-02 8.814102564102564014e-03
0.000000000000000000e+00 8.833689458689458762e-01 2.967414529914529919e-01 7.478632478632478951e-03 8.012820512820512109e-03
0.000000000000000000e+00 7.617521367521367104e-01 4.509882478632478708e-01 1.317663817663817724e-02 9.348290598290598039e-03
0.000000000000000000e+00 9.293981481481481399e-01 1.033653846153846090e-01 5.876068376068376009e-03 7.478632478632478951e-03
0.000000000000000000e+00 9.619836182336182206e-01 1.036324786324786390e-01 5.876068376068376009e-03 8.012820512820512109e-03
0.000000000000000000e+00 9.707086894586894887e-01 1.195245726495726551e-01 1.193019943019943060e-02 9.882478632478632063e-03
0.000000000000000000e+00 9.325142450142450690e-01 1.119123931623931673e-01 9.615384615384615918e-03 8.547008547008547868e-03
0.000000000000000000e+00 9.317129629629629095e-01 1.175213675213675202e-01 6.588319088319088621e-03 6.944444444444444059e-03
0.000000000000000000e+00 9.685719373219373596e-01 1.374198717948718063e-01 5.163817663817663398e-03 9.882478632478632063e-03
0.000000000000000000e+00 9.516559829059828557e-01 1.367521367521367659e-01 5.519943019943019703e-03 1.228632478632478604e-02
0.000000000000000000e+00 9.735576923076922906e-01 1.522435897435897301e-01 8.725071225071224720e-03 1.175213675213675202e-02
0.000000000000000000e+00 9.643874643874643660e-01 1.718750000000000000e-01 6.054131054131053728e-03 1.201923076923076990e-02
0.000000000000000000e+00 9.814814814814815103e-01 1.708066239316239354e-01 5.341880341880341984e-03 9.882478632478632063e-03
0.000000000000000000e+00 9.855769230769231282e-01 1.849626068376068466e-01 9.615384615384615918e-03 1.415598290598290600e-02
0.000000000000000000e+00 9.741809116809116986e-01 2.013888888888888951e-01 8.547008547008547868e-03 1.282051282051282007e-02
