0.000000000000000000e+00 5.226139601139601076e-02 2.203525641025641177e-02 9.793447293447292770e-03 7.211538461538461939e-03
0.000000000000000000e+00 5.600071225071225067e-02 1.228632478632478604e-02 8.368945868945869282e-03 6.944444444444444059e-03
0.000000000000000000e+00 6.125356125356125336e-02 3.205128205128205017e-03 1.103988603988603941e-02 5.341880341880341984e-03
0.000000000000000000e+00 6.169871794871795156e-02 9.121260683760683274e-02 5.876068376068376009e-03 9.348290598290598039e-03
0.000000000000000000e+00 1.685363247863247982e-01 2.697649572649572780e-02 1.086182336182336255e-02 5.876068376068376009e-03
0.000000000000000000e+00 1.945334757834757955e-01 2.123397435897435986e-02 1.086182336182336255e-02 9.348290598290598039e-03
0.000000000000000000e+00 1.470797720797720753e-01 1.549145299145299193e-01 9.971509971509971357e-03 8.012820512820512109e-03
0.000000000000000000e+00 2.623753561253561184e-01 7.037927350427350404e-02 5.876068376068376009e-03 1.201923076923076990e-02
0.000000000000000000e+00 2.636217948717948789e-01 8.186431623931623991e-02 5.876068376068376009e-03 1.148504273504273587e-02
0.000000000000000000e+00 2.646011396011396233e-01 9.388354700854700807e-02 5.698005698005698290e-03 1.308760683760683795e-02
0.000000000000000000e+00 2.662927350427350404e-01 1.057692307692307682e-01 5.519943019943019703e-03 1.228632478632478604e-02
0.000000000000000000e+00 2.663817663817663606e-01 1.180555555555555525e-01 6.054131054131053728e-03 1.335470085470085409e-02
0.000000000000000000e+00 1.932870370370370350e-01 5.291132478632478708e-01 1.264245014245014322e-02 1.068376068376068397e-02
0.000000000000000000e+00 1.907051282051281937e-01 5.372596153846154188e-01 1.424501424501424529e-02 9.882478632478632063e-03
0.000000000000000000e+00 1.692485754985754987e-01 5.638354700854700807e-01 1.584757834757834910e-02 1.175213675213675202e-02
0.000000000000000000e+00 2.004095441595441507e-01 5.629006410256410797e-01 7.300569800569800365e-03 1.842948717948717993e-02
0.000000000000000000e+00 2.370904558404558493e-01 5.555555555555555802e-01 1.442307692307692388e-02 1.068376068376068397e-02
0.000000000000000000e+00 2.360220797720797847e-01 5.639690170940171443e-01 1.406695156695156670e-02 9.882478632478632063e-03
0.000000000000000000e+00 1.974715099715099731e-01 5.801282051282051766e-01 7.478632478632478951e-03 1.602564102564102422e-02
0.000000000000000000e+00 2.061965811965811857e-01 5.805288461538461453e-01 9.259259259259258745e-03 1.522435897435897405e-02
0.000000000000000000e+00 1.419159544159544206e-01 5.972222222222222099e-01 1.602564102564102422e-02 1.121794871794871799e-02
0.000000000000000000e+00 3.362713675213675479e-01 6.450320512820513497e-02 1.193019943019943060e-02 9.348290598290598039e-03
0.000000000000000000e+00 3.360042735042735318e-01 7.518696581196580853e-02 8.903133903133903307e-03 8.279914529914529989e-03
0.000000000000000000e+00 3.386752136752136932e-01 8.547008547008547175e-02 9.615384615384615918e-03 8.547008547008547868e-03
0.000000000000000000e+00 3.412571225071225345e-01 1.064369658119658085e-01 1.050569800569800538e-02 8.279914529914529989e-03
0.000000000000000000e+00 3.971688034188033956e-01 8.947649572649572780e-02 5.876068376068376009e-03 1.014957264957264994e-02
0.000000000000000000e+00 3.911146723646723444e-01 1.009615384615384637e-01 5.519943019943019703e-03 1.121794871794871799e-02
0.000000000000000000e+00 4.549501424501424252e-01 1.185897435897435848e-01 5.698005698005698290e-03 1.121794871794871799e-02
0.000000000000000000e+00 4.624287749287749327e-01 1.442307692307692180e-01 1.210826210826210746e-02 9.081196581196581893e-03
0.000000000000000000e+00 3.182870370370370350e-01 2.180822649572649596e-01 6.944444444444444059e-03 1.308760683760683795e-02
0.000000000000000000e+00 3.213141025641025883e-01 2.346420940170940161e-01 6.944444444444444059e-03 1.362179487179487197e-02
0.000000000000000000e+00 3.242521367521367659e-01 2.532051282051281937e-01 7.122507122507122646e-03 1.282051282051282007e-02
0.000000000000000000e+00 3.001246438746438816e-01 3.683226495726495964e-01 6.944444444444444059e-03 1.549145299145299193e-02
0.000000000000000000e+00 3.013710826210826421e-01 3.888888888888888951e-01 6.944444444444444059e-03 1.655982905982905998e-02
0.000000000000000000e+00 3.028846153846153633e-01 4.053151709401709435e-01 5.698005698005698290e-03 1.362179487179487197e-02
0.000000000000000000e+00 3.043091168091168197e-01 4.229433760683760646e-01 6.766381766381766340e-03 1.682692307692307612e-02
0.000000000000000000e+00 3.046652421652421561e-01 4.411057692307692180e-01 6.410256410256410034e-03 1.682692307692307612e-02
0.000000000000000000e+00 3.353810541310541238e-01 7.753739316239316448e-01 8.012820512820512109e-03 1.014957264957264994e-02
0.000000000000000000e+00 5.395299145299145005e-01 1.724091880341880323e-01 1.282051282051282007e-02 7.745726495726495964e-03
0.000000000000000000e+00 4.804131054131053902e-01 2.604166666666666852e-01 5.341880341880341984e-03 1.175213675213675202e-02
0.000000000000000000e+00 4.737357549857549865e-01 2.622863247863247982e-01 5.163817663817663398e-03 1.442307692307692388e-02
0.000000000000000000e+00 4.587784900284900269e-01 2.600160256410256610e-01 4.451566951566951653e-03 1.201923076923076990e-02
0.000000000000000000e+00 4.521901709401709435e-01 2.622863247863247982e-01 5.163817663817663398e-03 1.228632478632478604e-02
0.000000000000000000e+00 4.588675213675213471e-01 2.844551282051281937e-01 1.068376068376068397e-02 8.547008547008547868e-03
0.000000000000000000e+00 4.601139601139601076e-01 2.970085470085470081e-01 1.032763532763532680e-02 8.012820512820512109e-03
0.000000000000000000e+00 4.609152421652421561e-01 3.048878205128205399e-01 1.157407407407407343e-02 8.279914529914529989e-03
0.000000000000000000e+00 4.574430199430199462e-01 3.549679487179487336e-01 6.410256410256410034e-03 1.495726495726495790e-02
0.000000000000000000e+00 4.590455840455840431e-01 3.713942307692307820e-01 6.054131054131053728e-03 1.308760683760683795e-02
0.000000000000000000e+00 4.595797720797720753e-01 3.859508547008547175e-01 5.341880341880341984e-03 1.282051282051282007e-02
0.000000000000000000e+00 4.607371794871794601e-01 4.047809829059829112e-01 6.588319088319088621e-03 1.522435897435897405e-02
0.000000000000000000e+00 4.797008547008547175e-01 4.212072649572649596e-01 1.103988603988603941e-02 9.081196581196581893e-03
0.000000000000000000e+00 5.330306267806267373e-01 4.011752136752136932e-01 8.368945868945869282e-03 1.709401709401709574e-02
0.000000000000000000e+00 5.666844729344728826e-01 4.163995726495726690e-01 1.228632478632478604e-02 8.547008547008547868e-03
0.000000000000000000e+00 5.809294871794872250e-01 4.163995726495726690e-01 1.157407407407407343e-02 8.547008547008547868e-03
0.000000000000000000e+00 6.160078347578347158e-01 4.361645299145299193e-01 1.406695156695156670e-02 1.068376068376068397e-02
0.000000000000000000e+00 5.894764957264957417e-01 4.425747863247863068e-01 9.437321937321937332e-03 8.012820512820512109e-03
0.000000000000000000e+00 5.912571225071224790e-01 4.499198717948718063e-01 1.228632478632478604e-02 7.211538461538461939e-03
0.000000000000000000e+00 5.916132478632478708e-01 4.594017094017093794e-01 1.299857549857549865e-02 1.014957264957264994e-02
0.000000000000000000e+00 5.938390313390313757e-01 4.851762820512820484e-01 1.139601139601139658e-02 9.348290598290598039e-03
0.000000000000000000e+00 6.233084045584045274e-01 4.954594017094017255e-01 1.442307692307692388e-02 9.081196581196581893e-03
0.000000000000000000e+00 6.452991452991453381e-01 4.882478632478632341e-01 7.478632478632478951e-03 1.549145299145299193e-02
0.000000000000000000e+00 6.603454415954416179e-01 4.879807692307692180e-01 6.588319088319088621e-03 1.655982905982905998e-02
0.000000000000000000e+00 4.693732193732193525e-01 5.066773504273504036e-01 6.766381766381766340e-03 1.655982905982905998e-02
0.000000000000000000e+00 4.936787749287749327e-01 5.575587606837606458e-01 1.406695156695156670e-02 9.348290598290598039e-03
0.000000000000000000e+00 4.951032763532763337e-01 5.665064102564102422e-01 1.157407407407407343e-02 9.081196581196581893e-03
0.000000000000000000e+00 4.954594017094017255e-01 5.844017094017094349e-01 1.335470085470085409e-02 1.014957264957264994e-02
0.000000000000000000e+00 4.970619658119658224e-01 6.021634615384615641e-01 1.477920227920227932e-02 1.095085470085470011e-02
0.000000000000000000e+00 4.959935897435897578e-01 6.112446581196581130e-01 1.121794871794871799e-02 9.882478632478632063e-03
0.000000000000000000e+00 4.968839031339031265e-01 6.200587606837606458e-01 1.157407407407407343e-02 9.348290598290598039e-03
0.000000000000000000e+00 5.129095441595441507e-01 5.397970085470085166e-01 6.944444444444444059e-03 1.762820512820512803e-02
0.000000000000000000e+00 5.207443019943019946e-01 5.385950854700854995e-01 6.232193732193732315e-03 1.415598290598290600e-02
0.000000000000000000e+00 5.284900284900284628e-01 5.381944444444444198e-01 6.410256410256410034e-03 1.388888888888888812e-02
0.000000000000000000e+00 5.355235042735042583e-01 5.373931623931623713e-01 6.944444444444444059e-03 1.602564102564102422e-02
0.000000000000000000e+00 5.428240740740740700e-01 5.357905982905982745e-01 6.232193732193732315e-03 1.282051282051282007e-02
0.000000000000000000e+00 5.295584045584045274e-01 5.653044871794872250e-01 1.282051282051282007e-02 1.041666666666666609e-02
0.000000000000000000e+00 5.300925925925925597e-01 6.022970085470085166e-01 1.388888888888888812e-02 1.121794871794871799e-02
0.000000000000000000e+00 5.333867521367521292e-01 6.296741452991453381e-01 1.264245014245014322e-02 1.041666666666666609e-02
0.000000000000000000e+00 5.487891737891738009e-01 6.197916666666666297e-01 1.210826210826210746e-02 1.041666666666666609e-02
0.000000000000000000e+00 5.492343304843304574e-01 6.291399572649573058e-01 1.442307692307692388e-02 1.095085470085470011e-02
0.000000000000000000e+00 5.957977207977207534e-01 6.080395299145299193e-01 1.353276353276353268e-02 9.882478632478632063e-03
0.000000000000000000e+00 5.516381766381766028e-01 5.359241452991453381e-01 7.122507122507122646e-03 1.469017094017094002e-02
0.000000000000000000e+00 5.589387464387464144e-01 5.364583333333333703e-01 6.410256410256410034e-03 1.362179487179487197e-02
0.000000000000000000e+00 5.664173789173788665e-01 5.353899572649573058e-01 6.766381766381766340e-03 1.522435897435897405e-02
0.000000000000000000e+00 5.734508547008546619e-01 5.364583333333333703e-01 6.944444444444444059e-03 1.575854700854700807e-02
0.000000000000000000e+00 5.810185185185184897e-01 5.357905982905982745e-01 6.410256410256410034e-03 1.495726495726495790e-02
0.000000000000000000e+00 5.890313390313390851e-01 5.363247863247863068e-01 8.190883190883190695e-03 1.602564102564102422e-02
0.000000000000000000e+00 5.966880341880341776e-01 5.341880341880341776e-01 6.766381766381766340e-03 1.335470085470085409e-02
0.000000000000000000e+00 6.251780626780626404e-01 5.527510683760683552e-01 1.388888888888888812e-02 9.882478632478632063e-03
0.000000000000000000e+00 6.266025641025640969e-01 5.625000000000000000e-01 1.175213675213675202e-02 9.615384615384615918e-03
0.000000000000000000e+00 6.184116809116808611e-01 7.087339743589743390e-01 1.032763532763532680e-02 9.348290598290598039e-03
0.000000000000000000e+00 4.893162393162392987e-01 8.497596153846154188e-01 1.424501424501424529e-02 1.201923076923076990e-02
0.000000000000000000e+00 5.282229344729344467e-01 8.207799145299145005e-01 1.335470085470085409e-02 1.175213675213675202e-02
0.000000000000000000e+00 5.292022792022792466e-01 8.330662393162393542e-01 1.424501424501424529e-02 1.014957264957264994e-02
0.000000000000000000e+00 5.271545584045583821e-01 8.433493589743589203e-01 1.513532763532763475e-02 1.148504273504273587e-02
0.000000000000000000e+00 5.278668091168091658e-01 8.551014957264957417e-01 1.228632478632478604e-02 1.148504273504273587e-02
0.000000000000000000e+00 5.446047008547008073e-01 8.221153846153845812e-01 1.335470085470085409e-02 1.175213675213675202e-02
0.000000000000000000e+00 5.443376068376067911e-01 8.338675213675214026e-01 1.424501424501424529e-02 1.121794871794871799e-02
0.000000000000000000e+00 5.438924501424501345e-01 8.444177350427350959e-01 1.549145299145299193e-02 1.095085470085470011e-02
0.000000000000000000e+00 5.445156695156695426e-01 8.557692307692307265e-01 1.210826210826210746e-02 1.121794871794871799e-02
0.000000000000000000e+00 5.445156695156695426e-01 8.668536324786324521e-01 1.460113960113960073e-02 9.348290598290598039e-03
0.000000000000000000e+00 5.697115384615384359e-01 7.831196581196581130e-01 7.300569800569800365e-03 2.029914529914529989e-02
0.000000000000000000e+00 5.846688034188034511e-01 8.243856837606837740e-01 1.406695156695156670e-02 1.041666666666666609e-02
0.000000000000000000e+00 5.827991452991453381e-01 8.350694444444444198e-01 1.495726495726495790e-02 1.041666666666666609e-02
0.000000000000000000e+00 5.822649572649573058e-01 8.456196581196581130e-01 1.388888888888888812e-02 1.121794871794871799e-02
0.000000000000000000e+00 6.006944444444444198e-01 8.474893162393162260e-01 1.620370370370370280e-02 1.228632478632478604e-02
0.000000000000000000e+00 5.826210826210825866e-01 8.656517094017094349e-01 1.210826210826210746e-02 5.341880341880341984e-03
0.000000000000000000e+00 6.396011396011396233e-01 8.477564102564102422e-01 1.424501424501424529e-02 1.175213675213675202e-02
0.000000000000000000e+00 6.411146723646723444e-01 8.597756410256410797e-01 1.335470085470085409e-02 1.121794871794871799e-02
0.000000000000000000e+00 6.573183760683760646e-01 8.600427350427350959e-01 1.549145299145299193e-02 1.175213675213675202e-02
0.000000000000000000e+00 6.407585470085470636e-01 8.830128205128204844e-01 1.299857549857549865e-02 1.175213675213675202e-02
0.000000000000000000e+00 6.574964387464387050e-01 8.838141025641025328e-01 1.477920227920227932e-02 1.121794871794871799e-02
0.000000000000000000e+00 7.055733618233618332e-01 8.812767094017094349e-01 1.655982905982905998e-02 1.148504273504273587e-02
0.000000000000000000e+00 7.056623931623932089e-01 8.927617521367521292e-01 1.709401709401709574e-02 9.348290598290598039e-03
0.000000000000000000e+00 5.964209401709401615e-01 1.705395299145299193e-01 5.519943019943019703e-03 7.211538461538461939e-03
0.000000000000000000e+00 6.032763532763533165e-01 1.742788461538461453e-01 5.341880341880341984e-03 1.308760683760683795e-02
0.000000000000000000e+00 6.096866096866097040e-01 1.733440170940170888e-01 6.054131054131053728e-03 1.442307692307692388e-02
0.000000000000000000e+00 6.165420227920227481e-01 1.744123931623931534e-01 5.519943019943019703e-03 1.228632478632478604e-02
0.000000000000000000e+00 6.231303418803418870e-01 1.725427350427350404e-01 6.232193732193732315e-03 1.442307692307692388e-02
0.000000000000000000e+00 6.382656695156695426e-01 1.638621794871794879e-01 6.944444444444444059e-03 1.255341880341880392e-02
0.000000000000000000e+00 6.539351851851852304e-01 1.684027777777777901e-01 1.086182336182336255e-02 7.745726495726495964e-03
0.000000000000000000e+00 6.569622507122506727e-01 1.801549145299145283e-01 8.725071225071224720e-03 7.745726495726495964e-03
0.000000000000000000e+00 6.516203703703703498e-01 2.036591880341880323e-01 8.725071225071224720e-03 7.211538461538461939e-03
0.000000000000000000e+00 6.514423076923077094e-01 2.088675213675213749e-01 9.793447293447292770e-03 6.410256410256410034e-03
0.000000000000000000e+00 6.536680911680912143e-01 2.156784188034188143e-01 8.547008547008547868e-03 7.745726495726495964e-03
0.000000000000000000e+00 6.534900284900284628e-01 2.226228632478632341e-01 1.068376068376068397e-02 8.814102564102564014e-03
0.000000000000000000e+00 7.121616809116808611e-01 3.649839743589743390e-01 7.300569800569800365e-03 1.415598290598290600e-02
0.000000000000000000e+00 7.337962962962962798e-01 3.660523504273504036e-01 7.122507122507122646e-03 1.522435897435897405e-02
0.000000000000000000e+00 7.406517094017094349e-01 3.641826923076922906e-01 6.232193732193732315e-03 1.522435897435897405e-02
0.000000000000000000e+00 6.968482905982905651e-01 3.962339743589743390e-01 1.121794871794871799e-02 9.348290598290598039e-03
0.000000000000000000e+00 7.954950142450142314e-01 4.047809829059829112e-01 1.228632478632478604e-02 9.348290598290598039e-03
0.000000000000000000e+00 7.962072649572649041e-01 4.121260683760683552e-01 1.477920227920227932e-02 9.081196581196581893e-03
0.000000000000000000e+00 7.978098290598291120e-01 4.201388888888888951e-01 1.193019943019943060e-02 9.081196581196581893e-03
0.000000000000000000e+00 8.004807692307692735e-01 4.353632478632478708e-01 1.406695156695156670e-02 9.081196581196581893e-03
0.000000000000000000e+00 8.024394586894586512e-01 4.428418803418803229e-01 1.264245014245014322e-02 9.081196581196581893e-03
0.000000000000000000e+00 7.389601139601139623e-01 5.156250000000000000e-01 1.139601139601139658e-02 7.211538461538461939e-03
0.000000000000000000e+00 7.651353276353276556e-01 4.886485042735042583e-01 1.353276353276353268e-02 1.041666666666666609e-02
0.000000000000000000e+00 7.665598290598291120e-01 4.967948717948718063e-01 1.317663817663817724e-02 1.068376068376068397e-02
0.000000000000000000e+00 7.695868945868945543e-01 5.156250000000000000e-01 1.103988603988603941e-02 9.348290598290598039e-03
0.000000000000000000e+00 7.727920227920227481e-01 5.239049145299145005e-01 1.353276353276353268e-02 1.041666666666666609e-02
0.000000000000000000e+00 7.746616809116808611e-01 5.313835470085470636e-01 1.157407407407407343e-02 9.348290598290598039e-03
0.000000000000000000e+00 8.054665242165242045e-01 4.854433760683760646e-01 1.299857549857549865e-02 9.348290598290598039e-03
0.000000000000000000e+00 8.063568376068376287e-01 4.929220085470085722e-01 1.157407407407407343e-02 9.348290598290598039e-03
0.000000000000000000e+00 8.064458689458688934e-01 5.040064102564102422e-01 1.638176638176638139e-02 1.068376068376068397e-02
0.000000000000000000e+00 8.092948717948718063e-01 5.118856837606837740e-01 1.139601139601139658e-02 9.348290598290598039e-03
0.000000000000000000e+00 8.195334757834757955e-01 5.225694444444444198e-01 3.739316239316239476e-03 8.814102564102564014e-03
0.000000000000000000e+00 8.445512820512820484e-01 5.224358974358974672e-01 5.341880341880341984e-03 9.081196581196581893e-03
0.000000000000000000e+00 8.858618233618233972e-01 5.206997863247863068e-01 9.259259259259258745e-03 9.348290598290598039e-03
0.000000000000000000e+00 9.026887464387464144e-01 5.202991452991453381e-01 8.725071225071224720e-03 9.615384615384615918e-03
0.000000000000000000e+00 9.670584045584045274e-01 7.287660256410256610e-01 1.531339031339031334e-02 1.095085470085470011e-02
0.000000000000000000e+00 9.287749287749287319e-01 7.568108974358974672e-01 1.353276353276353268e-02 1.041666666666666609e-02
0.000000000000000000e+00 8.501602564102563875e-01 7.198183760683760646e-01 1.513532763532763475e-02 1.121794871794871799e-02
0.000000000000000000e+00 8.019943019943019946e-01 8.636485042735042583e-01 9.615384615384615918e-03 1.522435897435897405e-02
0.000000000000000000e+00 9.951923076923077094e-01 1.374198717948718063e-01 9.615384615384615918e-03 8.814102564102564014e-03
0.000000000000000000e+00 8.443732193732194080e-01 3.170405982905982745e-01 1.103988603988603941e-02 8.012820512820512109e-03
0.000000000000000000e+00 8.447293447293446889e-01 3.234508547008547175e-01 1.175213675213675202e-02 8.547008547008547868e-03
0.000000000000000000e+00 8.449074074074074403e-01 3.302617521367521292e-01 8.547008547008547868e-03 7.745726495726495964e-03
0.000000000000000000e+00 8.432158119658119677e-01 3.368055555555555802e-01 5.163817663817663398e-03 7.478632478632478951e-03
0.000000000000000000e+00 8.459757834757835049e-01 3.426816239316239354e-01 6.410256410256410034e-03 6.944444444444444059e-03
0.000000000000000000e+00 8.466880341880341776e-01 3.508279914529914278e-01 5.698005698005698290e-03 7.745726495726495964e-03
0.000000000000000000e+00 9.641203703703703498e-01 3.075587606837607013e-01 1.228632478632478604e-02 9.348290598290598039e-03
0.000000000000000000e+00 9.672364672364672789e-01 3.141025641025640969e-01 1.353276353276353268e-02 9.081196581196581893e-03
0.000000000000000000e+00 9.708867521367521292e-01 3.217147435897436125e-01 1.477920227920227932e-02 1.041666666666666609e-02
0.000000000000000000e+00 9.751602564102563875e-01 3.352029914529914278e-01 1.335470085470085409e-02 9.081196581196581893e-03
0.000000000000000000e+00 9.780982905982905651e-01 3.422809829059829112e-01 1.246438746438746463e-02 8.814102564102564014e-03
0.000000000000000000e+00 9.808582621082621023e-01 3.493589743589743390e-01 1.299857549857549865e-02 9.615384615384615918e-03
