0.000000000000000000e+00 9.882478632478632063e-03 1.179220085470085444e-01 8.368945868945869282e-03 1.789529914529914417e-02
0.000000000000000000e+00 1.584757834757834910e-02 1.217948717948717924e-01 4.985754985754985678e-03 1.121794871794871799e-02
0.000000000000000000e+00 2.297008547008547175e-02 1.204594017094017117e-01 6.766381766381766340e-03 1.388888888888888812e-02
0.000000000000000000e+00 2.982549857549857478e-02 1.215277777777777762e-01 6.232193732193732315e-03 1.228632478632478604e-02
0.000000000000000000e+00 3.730413105413105113e-02 1.200587606837606874e-01 6.944444444444444059e-03 1.469017094017094002e-02
0.000000000000000000e+00 5.519943019943020224e-02 1.059027777777777762e-01 7.122507122507122646e-03 1.201923076923076990e-02
0.000000000000000000e+00 6.846509971509971704e-02 1.153846153846153910e-01 1.086182336182336255e-02 6.944444444444444059e-03
0.000000000000000000e+00 6.695156695156695426e-02 1.276709401709401615e-01 1.103988603988603941e-02 8.547008547008547868e-03
0.000000000000000000e+00 5.528846153846153633e-02 1.501068376068376009e-01 1.050569800569800538e-02 7.478632478632478951e-03
0.000000000000000000e+00 5.386396011396011457e-02 1.559829059829059839e-01 1.086182336182336255e-02 8.547008547008547868e-03
0.000000000000000000e+00 5.270655270655270896e-02 1.617254273504273587e-01 1.068376068376068397e-02 7.211538461538461939e-03
0.000000000000000000e+00 5.217236467236466974e-02 1.681356837606837740e-01 1.103988603988603941e-02 8.814102564102564014e-03
0.000000000000000000e+00 6.677350427350427220e-02 3.058226495726495964e-01 6.410256410256410034e-03 1.388888888888888812e-02
0.000000000000000000e+00 4.255698005698005382e-02 3.362713675213675479e-01 1.068376068376068397e-02 9.615384615384615918e-03
0.000000000000000000e+00 1.371972934472934502e-01 3.437500000000000000e-01 9.081196581196581893e-03 8.547008547008547868e-03
0.000000000000000000e+00 1.361289173789173856e-01 3.509615384615384359e-01 1.264245014245014322e-02 9.615384615384615918e-03
0.000000000000000000e+00 1.347934472934473049e-01 3.587072649572649596e-01 8.547008547008547868e-03 9.081196581196581893e-03
0.000000000000000000e+00 1.342592592592592726e-01 3.733974358974359031e-01 1.353276353276353268e-02 9.081196581196581893e-03
0.000000000000000000e+00 1.339921652421652287e-01 3.810096153846153633e-01 1.193019943019943060e-02 8.814102564102564014e-03
0.000000000000000000e+00 4.959045584045584237e-02 4.511217948717948789e-01 1.121794871794871799e-02 6.944444444444444059e-03
0.000000000000000000e+00 8.351139601139601076e-02 4.257478632478632341e-01 1.282051282051282007e-02 1.068376068376068397e-02
0.000000000000000000e+00 8.226495726495726413e-02 4.334935897435897578e-01 1.210826210826210746e-02 1.014957264957264994e-02
0.000000000000000000e+00 7.986111111111110494e-02 4.513888888888888951e-01 1.121794871794871799e-02 1.014957264957264994e-02
0.000000000000000000e+00 8.075142450142450135e-02 4.591346153846153633e-01 1.371082621082621127e-02 9.615384615384615918e-03
0.000000000000000000e+00 1.224180911680911726e-01 4.213408119658119677e-01 7.656695156695156670e-03 7.745726495726495964e-03
0.000000000000000000e+00 1.228632478632478570e-01 4.290865384615384359e-01 9.615384615384615918e-03 9.882478632478632063e-03
0.000000000000000000e+00 1.205484330484330457e-01 4.400373931623931534e-01 1.460113960113960073e-02 1.041666666666666609e-02
0.000000000000000000e+00 1.325676638176638278e-01 4.583333333333333148e-01 1.157407407407407343e-02 9.615384615384615918e-03
0.000000000000000000e+00 1.569622507122507005e-01 4.568643162393162260e-01 1.121794871794871799e-02 8.279914529914529989e-03
0.000000000000000000e+00 2.112713675213675202e-01 4.553952991452991372e-01 1.299857549857549865e-02 9.615384615384615918e-03
0.000000000000000000e+00 2.502670940170940161e-01 5.072115384615384359e-01 6.588319088319088621e-03 1.549145299145299193e-02
0.000000000000000000e+00 1.021189458689458623e-01 6.497061965811965489e-01 1.406695156695156670e-02 1.148504273504273587e-02
0.000000000000000000e+00 2.166132478632478708e-01 6.571848290598291120e-01 1.406695156695156670e-02 1.041666666666666609e-02
0.000000000000000000e+00 1.041666666666666609e-02 7.897970085470085166e-01 8.012820512820512109e-03 1.282051282051282007e-02
0.000000000000000000e+00 8.725071225071224720e-03 9.590010683760683552e-01 1.673789173789173856e-02 1.522435897435897405e-02
0.000000000000000000e+00 4.237891737891737870e-02 9.483173076923077094e-01 1.353276353276353268e-02 1.362179487179487197e-02
0.000000000000000000e+00 6.534900284900284351e-02 9.421741452991453381e-01 1.851851851851851749e-02 1.415598290598290600e-02
0.000000000000000000e+00 1.281160968660968735e-01 9.305555555555555802e-01 1.442307692307692388e-02 1.282051282051282007e-02
0.000000000000000000e+00 1.525106837606837740e-01 9.256143162393162260e-01 1.406695156695156670e-02 1.255341880341880392e-02
0.000000000000000000e+00 1.934650997150997032e-01 9.170673076923077094e-01 1.655982905982905998e-02 1.255341880341880392e-02
0.000000000000000000e+00 2.337962962962963076e-01 9.065170940170940161e-01 1.851851851851851749e-02 1.442307692307692388e-02
0.000000000000000000e+00 2.834757834757834494e-01 9.829059829059828557e-01 9.971509971509971357e-03 1.976495726495726413e-02
0.000000000000000000e+00 3.506054131054130996e-01 9.376335470085470636e-01 1.424501424501424529e-02 1.255341880341880392e-02
0.000000000000000000e+00 3.919159544159543929e-01 9.241452991452991927e-01 1.353276353276353268e-02 1.228632478632478604e-02
0.000000000000000000e+00 3.915598290598290565e-01 9.362980769230768718e-01 1.495726495726495790e-02 1.308760683760683795e-02
0.000000000000000000e+00 3.474002849002849058e-01 9.604700854700854995e-01 1.460113960113960073e-02 1.282051282051282007e-02
0.000000000000000000e+00 3.880876068376068466e-01 9.730235042735042583e-01 1.442307692307692388e-02 1.282051282051282007e-02
0.000000000000000000e+00 3.871082621082621023e-01 9.839743589743589203e-01 1.460113960113960073e-02 1.228632478632478604e-02
0.000000000000000000e+00 3.446403133903133686e-01 9.839743589743589203e-01 1.727207977207977085e-02 1.388888888888888812e-02
0.000000000000000000e+00 3.472222222222222099e-01 8.720619658119657669e-02 1.424501424501424529e-02 1.896367521367521222e-02
0.000000000000000000e+00 4.214743589743589758e-01 8.226495726495726413e-02 1.139601139601139658e-02 8.012820512820512109e-03
0.000000000000000000e+00 3.377849002849002691e-01 2.474626068376068466e-01 1.032763532763532680e-02 8.814102564102564014e-03
0.000000000000000000e+00 3.171296296296296502e-01 2.228899572649572780e-01 6.766381766381766340e-03 8.814102564102564014e-03
0.000000000000000000e+00 3.396545584045583821e-01 2.544070512820512664e-01 1.335470085470085409e-02 9.348290598290598039e-03
0.000000000000000000e+00 3.409009971509971426e-01 2.613514957264957417e-01 1.442307692307692388e-02 1.041666666666666609e-02
0.000000000000000000e+00 3.408119658119658224e-01 2.747061965811966044e-01 1.246438746438746463e-02 9.348290598290598039e-03
0.000000000000000000e+00 3.415242165242165506e-01 2.812500000000000000e-01 1.139601139601139658e-02 9.081196581196581893e-03
0.000000000000000000e+00 3.422364672364672233e-01 2.877938034188033956e-01 1.175213675213675202e-02 9.348290598290598039e-03
0.000000000000000000e+00 3.414351851851851749e-01 3.478899572649572502e-01 9.437321937321937332e-03 8.279914529914529989e-03
0.000000000000000000e+00 3.435719373219373041e-01 3.616452991452991372e-01 1.157407407407407343e-02 1.014957264957264994e-02
0.000000000000000000e+00 3.424145299145299193e-01 3.697916666666666852e-01 1.139601139601139658e-02 9.348290598290598039e-03
0.000000000000000000e+00 3.444622507122507282e-01 3.778044871794871695e-01 1.193019943019943060e-02 9.882478632478632063e-03
0.000000000000000000e+00 4.235220797720797847e-01 4.288194444444444198e-01 1.299857549857549865e-02 8.279914529914529989e-03
0.000000000000000000e+00 3.726851851851851749e-01 4.678151709401709435e-01 7.122507122507122646e-03 1.522435897435897405e-02
0.000000000000000000e+00 3.725961538461538547e-01 5.016025641025640969e-01 5.876068376068376009e-03 1.495726495726495790e-02
0.000000000000000000e+00 3.720619658119658224e-01 5.264423076923077094e-01 6.944444444444444059e-03 1.869658119658119608e-02
0.000000000000000000e+00 3.725071225071225345e-01 5.490117521367521292e-01 6.766381766381766340e-03 1.736111111111111188e-02
0.000000000000000000e+00 3.713497150997150942e-01 6.020299145299145005e-01 8.368945868945869282e-03 3.044871794871794810e-02
0.000000000000000000e+00 5.310719373219373596e-01 6.829594017094017255e-01 8.012820512820512109e-03 1.655982905982905998e-02
0.000000000000000000e+00 5.462072649572649041e-01 1.358173076923076816e-01 5.876068376068376009e-03 1.201923076923076990e-02
0.000000000000000000e+00 5.528846153846154188e-01 1.354166666666666574e-01 7.478632478632478951e-03 1.655982905982905998e-02
0.000000000000000000e+00 5.648148148148147696e-01 1.339476495726495686e-01 6.410256410256410034e-03 1.255341880341880392e-02
0.000000000000000000e+00 5.717592592592593004e-01 1.331463675213675202e-01 6.410256410256410034e-03 1.362179487179487197e-02
0.000000000000000000e+00 5.781695156695156879e-01 1.324786324786324798e-01 7.122507122507122646e-03 1.175213675213675202e-02
0.000000000000000000e+00 5.449608262108261991e-01 1.567841880341880323e-01 6.944444444444444059e-03 7.478632478632478951e-03
0.000000000000000000e+00 5.884081196581196771e-01 1.534455128205128305e-01 5.876068376068376009e-03 6.677350427350427046e-03
0.000000000000000000e+00 5.269764957264957417e-01 1.999198717948718063e-01 6.588319088319088621e-03 1.308760683760683795e-02
0.000000000000000000e+00 5.024038461538461453e-01 2.725694444444444198e-01 1.157407407407407343e-02 9.348290598290598039e-03
0.000000000000000000e+00 5.369480056980057148e-01 2.820512820512820484e-01 1.014957264957264994e-02 7.478632478632478951e-03
0.000000000000000000e+00 5.367699430199430743e-01 2.314369658119658224e-01 1.228632478632478604e-02 8.279914529914529989e-03
0.000000000000000000e+00 5.373041310541311066e-01 2.366452991452991372e-01 1.228632478632478604e-02 8.547008547008547868e-03
0.000000000000000000e+00 5.388176638176638278e-01 2.437232905982905928e-01 1.317663817663817724e-02 9.882478632478632063e-03
0.000000000000000000e+00 5.393518518518518601e-01 2.514690170940170888e-01 1.139601139601139658e-02 8.279914529914529989e-03
0.000000000000000000e+00 5.407763532763533165e-01 2.588141025641025883e-01 1.210826210826210746e-02 9.081196581196581893e-03
0.000000000000000000e+00 5.657051282051281937e-01 2.351762820512820484e-01 1.246438746438746463e-02 8.279914529914529989e-03
0.000000000000000000e+00 5.665954415954416179e-01 2.401175213675213749e-01 1.103988603988603941e-02 6.410256410256410034e-03
0.000000000000000000e+00 5.657941595441595695e-01 2.479967948717948789e-01 1.299857549857549865e-02 1.095085470085470011e-02
0.000000000000000000e+00 6.199252136752136932e-01 1.802884615384615224e-02 4.807692307692307959e-03 7.745726495726495964e-03
0.000000000000000000e+00 6.241096866096865758e-01 2.831196581196581200e-02 9.615384615384615918e-03 8.547008547008547868e-03
0.000000000000000000e+00 6.427172364672364413e-01 7.986111111111110494e-02 6.232193732193732315e-03 5.876068376068376009e-03
0.000000000000000000e+00 6.435185185185184897e-01 8.693910256410256054e-02 8.547008547008547868e-03 7.745726495726495964e-03
0.000000000000000000e+00 6.834935897435897578e-01 9.054487179487179238e-02 6.232193732193732315e-03 5.876068376068376009e-03
0.000000000000000000e+00 6.844729344729344467e-01 9.602029914529915111e-02 8.547008547008547868e-03 6.677350427350427046e-03
0.000000000000000000e+00 6.833155270655271174e-01 1.028311965811965767e-01 1.121794871794871799e-02 8.012820512820512109e-03
0.000000000000000000e+00 6.607015669515668987e-01 1.193910256410256471e-01 6.232193732193732315e-03 1.282051282051282007e-02
0.000000000000000000e+00 6.772613960113960108e-01 1.193910256410256471e-01 6.588319088319088621e-03 9.615384615384615918e-03
0.000000000000000000e+00 6.816239316239316448e-01 1.344818376068376009e-01 6.054131054131053728e-03 1.148504273504273587e-02
0.000000000000000000e+00 6.851851851851852304e-01 1.511752136752136655e-01 7.478632478632478951e-03 1.228632478632478604e-02
0.000000000000000000e+00 6.677350427350426942e-01 1.535790598290598385e-01 5.341880341880341984e-03 1.121794871794871799e-02
0.000000000000000000e+00 6.886574074074074403e-01 1.662660256410256332e-01 8.012820512820512109e-03 1.308760683760683795e-02
0.000000000000000000e+00 6.739672364672364413e-01 1.825587606837606736e-01 6.054131054131053728e-03 1.201923076923076990e-02
0.000000000000000000e+00 6.815349002849002691e-01 2.126068376068376009e-01 5.519943019943019703e-03 1.282051282051282007e-02
0.000000000000000000e+00 7.028133903133902960e-01 2.274305555555555525e-01 6.410256410256410034e-03 1.095085470085470011e-02
0.000000000000000000e+00 6.801994301994301884e-01 3.133012820512820484e-01 1.424501424501424529e-02 9.081196581196581893e-03
0.000000000000000000e+00 7.126068376068376287e-01 2.787126068376068466e-01 1.139601139601139658e-02 8.279914529914529989e-03
0.000000000000000000e+00 7.142094017094017255e-01 2.855235042735042583e-01 1.246438746438746463e-02 9.081196581196581893e-03
0.000000000000000000e+00 7.169693732193732627e-01 3.060897435897436125e-01 1.121794871794871799e-02 7.478632478632478951e-03
0.000000000000000000e+00 7.045940170940171443e-01 3.233173076923077094e-01 8.190883190883190695e-03 1.575854700854700807e-02
0.000000000000000000e+00 7.107371794871795156e-01 3.494925213675213471e-01 8.012820512820512109e-03 1.522435897435897405e-02
0.000000000000000000e+00 7.130519943019942852e-01 3.641826923076922906e-01 7.300569800569800365e-03 1.255341880341880392e-02
0.000000000000000000e+00 7.234686609686609149e-01 4.091880341880341776e-01 8.190883190883190695e-03 1.655982905982905998e-02
0.000000000000000000e+00 7.348646723646723444e-01 4.614049145299145560e-01 8.903133903133903307e-03 1.629273504273504383e-02
0.000000000000000000e+00 7.580128205128204844e-01 5.531517094017094349e-01 1.032763532763532680e-02 1.923076923076923184e-02
0.000000000000000000e+00 7.086894586894586512e-01 9.503205128205127750e-01 1.638176638176638139e-02 1.388888888888888812e-02
0.000000000000000000e+00 7.381588319088319139e-01 9.771634615384615641e-01 1.193019943019943060e-02 2.751068376068376009e-02
0.000000000000000000e+00 7.924679487179486781e-01 8.636485042735042583e-01 1.655982905982905998e-02 1.842948717948717993e-02
0.000000000000000000e+00 8.353810541310541238e-01 7.771100427350426942e-01 1.371082621082621127e-02 2.163461538461538408e-02
0.000000000000000000e+00 8.316417378917378977e-01 8.215811965811965489e-01 2.297008547008547175e-02 3.311965811965811995e-02
0.000000000000000000e+00 8.477564102564102422e-01 8.059561965811965489e-01 1.246438746438746463e-02 1.575854700854700807e-02
0.000000000000000000e+00 7.526709401709401615e-01 6.697382478632478708e-01 1.353276353276353268e-02 1.308760683760683795e-02
0.000000000000000000e+00 7.521367521367521292e-01 6.838942307692307265e-01 1.353276353276353268e-02 1.255341880341880392e-02
0.000000000000000000e+00 8.819444444444444198e-01 9.921207264957264682e-01 1.032763532763532680e-02 1.522435897435897405e-02
0.000000000000000000e+00 9.177350427350426942e-01 9.731570512820513219e-01 1.460113960113960073e-02 2.537393162393162399e-02
0.000000000000000000e+00 8.150819088319087857e-01 6.343482905982905651e-02 8.012820512820512109e-03 1.522435897435897405e-02
0.000000000000000000e+00 8.348468660968660915e-01 1.280715811965811857e-01 8.012820512820512109e-03 1.308760683760683795e-02
0.000000000000000000e+00 8.389423076923077094e-01 1.404914529914529919e-01 6.944444444444444059e-03 1.175213675213675202e-02
0.000000000000000000e+00 8.364494301994301884e-01 1.710737179487179516e-01 6.232193732193732315e-03 1.362179487179487197e-02
0.000000000000000000e+00 8.533653846153845812e-01 1.850961538461538547e-01 8.012820512820512109e-03 1.121794871794871799e-02
0.000000000000000000e+00 8.464209401709401615e-01 2.025908119658119677e-01 7.656695156695156670e-03 1.362179487179487197e-02
0.000000000000000000e+00 8.498041310541311066e-01 2.151442307692307820e-01 6.232193732193732315e-03 1.255341880341880392e-02
0.000000000000000000e+00 8.782941595441595695e-01 2.648237179487179516e-01 8.725071225071224720e-03 1.415598290598290600e-02
0.000000000000000000e+00 8.611111111111111605e-01 2.524038461538461453e-01 6.054131054131053728e-03 1.228632478632478604e-02
0.000000000000000000e+00 8.210470085470085166e-01 2.936698717948718063e-01 6.766381766381766340e-03 9.348290598290598039e-03
0.000000000000000000e+00 8.268340455840456071e-01 2.912660256410256610e-01 7.300569800569800365e-03 9.348290598290598039e-03
0.000000000000000000e+00 8.391203703703703498e-01 2.901976495726495964e-01 8.368945868945869282e-03 1.308760683760683795e-02
0.000000000000000000e+00 8.857727920227920215e-01 2.888621794871794601e-01 9.437321937321937332e-03 1.682692307692307612e-02
0.000000000000000000e+00 8.903133903133902960e-01 3.031517094017093794e-01 8.903133903133903307e-03 1.549145299145299193e-02
0.000000000000000000e+00 8.968126780626780592e-01 3.242521367521367659e-01 7.656695156695156670e-03 1.335470085470085409e-02
0.000000000000000000e+00 9.013532763532763337e-01 3.398771367521367659e-01 9.259259259259258745e-03 1.629273504273504383e-02
0.000000000000000000e+00 9.063390313390313757e-01 3.552350427350427498e-01 8.190883190883190695e-03 1.335470085470085409e-02
0.000000000000000000e+00 9.102564102564102422e-01 3.673878205128205399e-01 7.478632478632478951e-03 1.148504273504273587e-02
0.000000000000000000e+00 9.154202279202279247e-01 3.811431623931623713e-01 1.032763532763532680e-02 1.602564102564102422e-02
0.000000000000000000e+00 9.204950142450142314e-01 3.989049145299145560e-01 8.725071225071224720e-03 1.308760683760683795e-02
0.000000000000000000e+00 9.265491452991453381e-01 4.145299145299145560e-01 1.050569800569800538e-02 1.655982905982905998e-02
0.000000000000000000e+00 9.131944444444444198e-01 4.234775641025640969e-01 7.300569800569800365e-03 1.308760683760683795e-02
0.000000000000000000e+00 9.164886039886039892e-01 4.380341880341880323e-01 9.971509971509971357e-03 1.709401709401709574e-02
0.000000000000000000e+00 9.227207977207977363e-01 4.556623931623931534e-01 8.190883190883190695e-03 1.282051282051282007e-02
0.000000000000000000e+00 9.480056980056980054e-01 4.883814102564102422e-01 1.032763532763532680e-02 1.575854700854700807e-02
0.000000000000000000e+00 9.431089743589743390e-01 6.299412393162393542e-01 1.727207977207977085e-02 1.041666666666666609e-02
0.000000000000000000e+00 9.700854700854700807e-01 6.038995726495726135e-01 1.282051282051282007e-02 1.228632478632478604e-02
0.000000000000000000e+00 9.767628205128204844e-01 6.239316239316239354e-01 1.442307692307692388e-02 1.068376068376068397e-02
0.000000000000000000e+00 9.812143874643874941e-01 6.335470085470085166e-01 1.549145299145299193e-02 1.121794871794871799e-02
0.000000000000000000e+00 9.960826210826211335e-01 6.531784188034187588e-01 7.478632478632478951e-03 9.882478632478632063e-03
