0.000000000000000000e+00 5.208333333333333565e-02 5.929487179487179238e-02 9.081196581196581893e-03 2.083333333333333218e-02
0.000000000000000000e+00 1.261574074074074125e-01 4.700854700854700807e-02 1.193019943019943060e-02 9.081196581196581893e-03
0.000000000000000000e+00 1.745014245014244944e-02 2.114049145299145283e-01 1.068376068376068397e-02 8.814102564102564014e-03
0.000000000000000000e+00 1.807336182336182276e-02 2.179487179487179516e-01 1.335470085470085409e-02 1.014957264957264994e-02
0.000000000000000000e+00 1.807336182336182276e-02 2.251602564102564152e-01 1.442307692307692388e-02 1.014957264957264994e-02
0.000000000000000000e+00 1.611467236467236525e-02 2.381143162393162260e-01 1.264245014245014322e-02 9.882478632478632063e-03
0.000000000000000000e+00 1.584757834757834910e-02 2.449252136752136655e-01 1.175213675213675202e-02 9.081196581196581893e-03
0.000000000000000000e+00 1.566951566951567051e-02 2.512019230769230727e-01 1.210826210826210746e-02 9.882478632478632063e-03
0.000000000000000000e+00 5.965099715099715302e-03 3.107638888888888951e-01 1.014957264957264994e-02 8.814102564102564014e-03
0.000000000000000000e+00 5.787037037037036716e-03 3.243856837606837740e-01 1.086182336182336255e-02 9.882478632478632063e-03
0.000000000000000000e+00 4.718660968660968666e-03 3.318643162393162260e-01 8.725071225071224720e-03 8.279914529914529989e-03
0.000000000000000000e+00 5.341880341880341984e-03 3.404113247863247982e-01 1.032763532763532680e-02 9.882478632478632063e-03
0.000000000000000000e+00 1.905270655270655325e-02 4.288194444444444198e-01 7.834757834757835257e-03 1.575854700854700807e-02
0.000000000000000000e+00 1.299857549857549865e-02 4.620726495726495964e-01 5.698005698005698290e-03 1.442307692307692388e-02
0.000000000000000000e+00 8.725071225071224720e-03 4.877136752136752018e-01 7.122507122507122646e-03 1.709401709401709574e-02
0.000000000000000000e+00 6.143162393162393022e-03 5.097489316239316448e-01 7.656695156695156670e-03 1.629273504273504383e-02
0.000000000000000000e+00 9.722222222222222376e-02 7.757745726495726135e-01 1.709401709401709574e-02 1.575854700854700807e-02
0.000000000000000000e+00 1.452101139601139623e-01 6.400908119658119677e-01 6.944444444444444059e-03 1.629273504273504383e-02
0.000000000000000000e+00 2.313034188034188143e-01 6.228632478632478708e-01 7.834757834757835257e-03 2.083333333333333218e-02
0.000000000000000000e+00 2.431445868945869004e-01 9.949252136752136100e-02 5.519943019943019703e-03 1.255341880341880392e-02
0.000000000000000000e+00 2.495548433048433157e-01 9.909188034188033678e-02 5.876068376068376009e-03 1.655982905982905998e-02
0.000000000000000000e+00 2.617521367521367659e-01 9.748931623931623991e-02 6.054131054131053728e-03 1.282051282051282007e-02
0.000000000000000000e+00 2.689636752136752018e-01 9.668803418803419147e-02 5.876068376068376009e-03 1.335470085470085409e-02
0.000000000000000000e+00 2.755519943019942852e-01 9.575320512820513497e-02 6.232193732193732315e-03 1.201923076923076990e-02
0.000000000000000000e+00 2.385149572649572780e-01 1.197916666666666713e-01 5.876068376068376009e-03 7.211538461538461939e-03
0.000000000000000000e+00 2.829415954415954171e-01 1.159188034188034233e-01 6.054131054131053728e-03 6.410256410256410034e-03
0.000000000000000000e+00 2.125178062678062807e-01 1.629273504273504314e-01 4.451566951566951653e-03 1.335470085470085409e-02
0.000000000000000000e+00 2.190170940170940161e-01 1.939102564102564152e-01 1.175213675213675202e-02 8.012820512820512109e-03
0.000000000000000000e+00 2.186609686609686520e-01 1.991185897435897301e-01 1.175213675213675202e-02 8.279914529914529989e-03
0.000000000000000000e+00 2.191061253561253641e-01 2.063301282051281937e-01 1.299857549857549865e-02 9.882478632478632063e-03
0.000000000000000000e+00 2.180377492877492995e-01 2.140758547008546897e-01 1.121794871794871799e-02 8.279914529914529989e-03
0.000000000000000000e+00 2.182158119658119677e-01 2.208867521367521292e-01 1.193019943019943060e-02 9.081196581196581893e-03
0.000000000000000000e+00 2.477742165242165229e-01 1.969818376068376009e-01 1.299857549857549865e-02 7.745726495726495964e-03
0.000000000000000000e+00 2.474180911680911588e-01 2.021901709401709435e-01 1.086182336182336255e-02 6.944444444444444059e-03
0.000000000000000000e+00 2.451923076923076816e-01 2.103365384615384637e-01 1.210826210826210746e-02 1.148504273504273587e-02
0.000000000000000000e+00 1.776175213675213749e-01 2.349091880341880323e-01 1.086182336182336255e-02 9.882478632478632063e-03
0.000000000000000000e+00 3.472222222222222099e-01 4.407051282051282354e-02 9.971509971509971357e-03 7.478632478632478951e-03
0.000000000000000000e+00 3.477564102564102422e-01 4.981303418803419147e-02 9.615384615384615918e-03 8.279914529914529989e-03
0.000000000000000000e+00 3.855056980056980054e-01 4.887820512820512803e-02 1.032763532763532680e-02 6.944444444444444059e-03
0.000000000000000000e+00 3.859508547008547175e-01 5.355235042735042444e-02 1.014957264957264994e-02 6.677350427350427046e-03
0.000000000000000000e+00 3.861289173789173579e-01 5.862713675213675202e-02 1.157407407407407343e-02 7.211538461538461939e-03
0.000000000000000000e+00 3.847934472934472772e-01 6.517094017094017533e-02 8.903133903133903307e-03 1.014957264957264994e-02
0.000000000000000000e+00 3.495370370370370350e-01 5.822649572649572780e-02 1.210826210826210746e-02 8.012820512820512109e-03
0.000000000000000000e+00 3.503383190883190834e-01 6.370192307692307265e-02 8.012820512820512109e-03 7.745726495726495964e-03
0.000000000000000000e+00 3.506054131054130996e-01 6.931089743589743946e-02 6.410256410256410034e-03 7.745726495726495964e-03
0.000000000000000000e+00 3.773148148148148251e-01 8.199786324786324798e-02 5.341880341880341984e-03 1.068376068376068397e-02
0.000000000000000000e+00 3.793625356125356340e-01 9.708867521367521569e-02 5.876068376068376009e-03 1.148504273504273587e-02
0.000000000000000000e+00 3.804309116809116986e-01 1.137820512820512803e-01 6.944444444444444059e-03 1.282051282051282007e-02
0.000000000000000000e+00 3.812321937321937471e-01 1.290064102564102699e-01 6.410256410256410034e-03 1.282051282051282007e-02
0.000000000000000000e+00 3.664529914529914278e-01 1.721420940170940161e-01 6.410256410256410034e-03 7.745726495726495964e-03
0.000000000000000000e+00 3.863960113960113740e-01 1.908386752136752018e-01 6.054131054131053728e-03 7.211538461538461939e-03
0.000000000000000000e+00 3.476673789173789220e-01 2.423878205128205121e-01 8.012820512820512109e-03 9.348290598290598039e-03
0.000000000000000000e+00 3.882656695156695426e-01 2.394497863247863345e-01 1.157407407407407343e-02 7.745726495726495964e-03
0.000000000000000000e+00 3.888888888888888951e-01 2.462606837606837740e-01 1.282051282051282007e-02 9.081196581196581893e-03
0.000000000000000000e+00 3.499821937321937471e-01 2.740384615384615641e-01 1.371082621082621127e-02 9.615384615384615918e-03
0.000000000000000000e+00 3.733084045584045829e-01 2.837873931623931534e-01 6.588319088319088621e-03 1.575854700854700807e-02
0.000000000000000000e+00 3.752670940170940161e-01 3.094284188034188143e-01 7.300569800569800365e-03 1.522435897435897405e-02
0.000000000000000000e+00 3.755341880341880323e-01 3.241185897435897578e-01 6.054131054131053728e-03 1.255341880341880392e-02
0.000000000000000000e+00 3.790954415954416179e-01 3.681891025641025883e-01 7.122507122507122646e-03 1.522435897435897405e-02
0.000000000000000000e+00 3.829237891737891641e-01 4.196047008547008628e-01 7.300569800569800365e-03 1.655982905982905998e-02
0.000000000000000000e+00 3.919159544159543929e-01 5.101495726495726135e-01 8.547008547008547868e-03 1.869658119658119608e-02
0.000000000000000000e+00 3.659188034188033956e-01 6.258012820512820484e-01 6.410256410256410034e-03 1.121794871794871799e-02
0.000000000000000000e+00 4.188034188034188143e-01 6.119123931623932089e-01 1.317663817663817724e-02 1.121794871794871799e-02
0.000000000000000000e+00 3.071581196581196771e-01 9.280181623931623713e-01 9.615384615384615918e-03 2.751068376068376009e-02
0.000000000000000000e+00 2.822293447293447444e-01 9.015758547008546619e-01 1.566951566951567051e-02 1.469017094017094002e-02
0.000000000000000000e+00 3.789173789173789220e-01 8.153044871794872250e-01 1.638176638176638139e-02 1.789529914529914417e-02
0.000000000000000000e+00 4.236111111111111049e-01 7.735042735042735318e-01 2.457264957264957209e-02 3.311965811965811995e-02
0.000000000000000000e+00 4.349180911680911588e-01 7.294337606837606458e-01 1.121794871794871799e-02 2.136752136752136794e-02
0.000000000000000000e+00 4.423076923076922906e-01 7.584134615384615641e-01 1.175213675213675202e-02 1.682692307692307612e-02
0.000000000000000000e+00 4.948361823361823175e-01 6.689369658119658224e-01 1.709401709401709574e-02 1.842948717948717993e-02
0.000000000000000000e+00 4.147079772079771964e-01 9.591346153846154188e-01 9.615384615384615918e-03 2.510683760683760785e-02
0.000000000000000000e+00 4.366987179487179516e-01 9.668803418803418870e-01 1.727207977207977085e-02 1.602564102564102422e-02
0.000000000000000000e+00 4.475605413105412933e-01 9.445779914529914834e-01 9.081196581196581893e-03 2.270299145299145213e-02
0.000000000000000000e+00 4.709757834757834494e-01 9.537927350427350959e-01 1.638176638176638139e-02 1.495726495726495790e-02
0.000000000000000000e+00 4.857549857549857686e-01 9.216079059829059839e-01 9.971509971509971357e-03 2.483974358974358823e-02
0.000000000000000000e+00 5.242165242165242045e-01 2.564102564102564014e-02 6.410256410256410034e-03 1.549145299145299193e-02
0.000000000000000000e+00 5.204772079772079785e-01 9.081196581196580853e-02 4.985754985754985678e-03 1.175213675213675202e-02
0.000000000000000000e+00 5.343660968660968180e-01 8.961004273504273587e-02 6.766381766381766340e-03 1.255341880341880392e-02
0.000000000000000000e+00 5.364138176638176825e-01 1.016292735042735040e-01 6.232193732193732315e-03 1.148504273504273587e-02
0.000000000000000000e+00 5.248397435897436125e-01 1.163194444444444475e-01 6.588319088319088621e-03 1.415598290598290600e-02
0.000000000000000000e+00 5.284900284900284628e-01 1.316773504273504314e-01 6.054131054131053728e-03 1.335470085470085409e-02
0.000000000000000000e+00 5.435363247863247427e-01 1.456997863247863345e-01 5.519943019943019703e-03 1.095085470085470011e-02
0.000000000000000000e+00 5.336538461538461453e-01 1.629273504273504314e-01 6.766381766381766340e-03 1.388888888888888812e-02
0.000000000000000000e+00 5.348112535612535856e-01 1.758814102564102699e-01 6.232193732193732315e-03 1.255341880341880392e-02
0.000000000000000000e+00 4.943910256410256610e-01 2.530715811965811857e-01 5.163817663817663398e-03 8.814102564102564014e-03
0.000000000000000000e+00 5.000890313390313757e-01 2.506677350427350404e-01 5.519943019943019703e-03 8.814102564102564014e-03
0.000000000000000000e+00 5.128205128205127750e-01 2.494658119658119677e-01 6.766381766381766340e-03 1.282051282051282007e-02
0.000000000000000000e+00 5.562678062678062529e-01 2.243589743589743668e-01 6.766381766381766340e-03 1.388888888888888812e-02
0.000000000000000000e+00 5.598290598290598385e-01 2.477297008547008628e-01 7.122507122507122646e-03 1.575854700854700807e-02
0.000000000000000000e+00 5.477207977207977363e-01 2.549412393162392987e-01 5.698005698005698290e-03 1.201923076923076990e-02
0.000000000000000000e+00 5.498575498575498655e-01 2.680288461538461453e-01 6.410256410256410034e-03 1.201923076923076990e-02
0.000000000000000000e+00 5.629451566951566566e-01 2.628205128205128305e-01 6.944444444444444059e-03 1.442307692307692388e-02
0.000000000000000000e+00 5.524394586894586512e-01 2.873931623931623713e-01 5.876068376068376009e-03 1.442307692307692388e-02
0.000000000000000000e+00 5.661502849002848503e-01 2.829861111111111049e-01 6.232193732193732315e-03 1.362179487179487197e-02
0.000000000000000000e+00 5.679309116809116986e-01 2.980769230769230727e-01 6.944444444444444059e-03 1.602564102564102422e-02
0.000000000000000000e+00 5.553774928774928288e-01 3.066239316239316448e-01 7.478632478632478951e-03 1.709401709401709574e-02
0.000000000000000000e+00 5.709579772079772519e-01 3.133012820512820484e-01 6.588319088319088621e-03 1.282051282051282007e-02
0.000000000000000000e+00 5.732727920227920215e-01 3.251869658119658224e-01 6.232193732193732315e-03 1.148504273504273587e-02
0.000000000000000000e+00 5.757656695156695426e-01 3.389423076923077094e-01 8.012820512820512109e-03 1.549145299145299193e-02
0.000000000000000000e+00 5.609864672364672789e-01 3.397435897435897578e-01 6.944444444444444059e-03 1.335470085470085409e-02
0.000000000000000000e+00 5.783475783475783283e-01 3.563034188034188143e-01 7.478632478632478951e-03 1.335470085470085409e-02
0.000000000000000000e+00 5.818198005698005382e-01 3.719284188034188143e-01 8.012820512820512109e-03 1.629273504273504383e-02
0.000000000000000000e+00 5.664173789173788665e-01 3.799412393162392987e-01 7.122507122507122646e-03 1.308760683760683795e-02
0.000000000000000000e+00 5.683760683760683552e-01 3.951655982905982745e-01 8.190883190883190695e-03 1.736111111111111188e-02
0.000000000000000000e+00 5.715811965811965489e-01 4.123931623931623713e-01 7.122507122507122646e-03 1.388888888888888812e-02
0.000000000000000000e+00 5.771011396011396233e-01 4.441773504273504036e-01 7.122507122507122646e-03 1.549145299145299193e-02
0.000000000000000000e+00 5.925035612535612950e-01 4.445779914529914278e-01 9.081196581196581893e-03 1.682692307692307612e-02
0.000000000000000000e+00 5.806623931623932089e-01 4.650106837606837740e-01 8.190883190883190695e-03 1.709401709401709574e-02
0.000000000000000000e+00 5.618767806267805920e-01 5.643696581196581130e-01 1.050569800569800538e-02 1.014957264957264994e-02
0.000000000000000000e+00 5.967770655270655533e-01 5.578258547008546619e-01 1.264245014245014322e-02 1.148504273504273587e-02
0.000000000000000000e+00 5.655270655270655533e-01 5.840010683760683552e-01 1.531339031339031334e-02 1.148504273504273587e-02
0.000000000000000000e+00 6.004273504273504036e-01 5.775908119658119677e-01 1.388888888888888812e-02 1.041666666666666609e-02
0.000000000000000000e+00 6.031873219373219408e-01 5.873397435897436125e-01 1.584757834757834910e-02 1.121794871794871799e-02
0.000000000000000000e+00 6.185007122507122368e-01 6.060363247863247427e-01 1.371082621082621127e-02 1.014957264957264994e-02
0.000000000000000000e+00 6.365740740740740700e-01 8.962339743589743390e-01 1.388888888888888812e-02 2.110042735042735179e-02
0.000000000000000000e+00 6.605235042735042583e-01 9.123931623931623713e-01 1.798433048433048520e-02 1.442307692307692388e-02
0.000000000000000000e+00 6.564280626780626404e-01 9.393696581196581130e-01 1.299857549857549865e-02 2.297008547008547175e-02
0.000000000000000000e+00 6.811787749287748772e-01 9.768963675213675479e-01 1.513532763532763475e-02 1.415598290598290600e-02
0.000000000000000000e+00 7.253383190883191389e-01 6.984508547008547175e-02 7.656695156695156670e-03 1.575854700854700807e-02
0.000000000000000000e+00 7.631766381766381668e-01 1.635950854700854717e-01 7.834757834757835257e-03 2.003205128205128374e-02
0.000000000000000000e+00 8.400997150997151497e-01 2.751068376068376009e-02 1.460113960113960073e-02 1.175213675213675202e-02
0.000000000000000000e+00 8.637820512820513219e-01 1.388888888888888812e-02 8.190883190883190695e-03 8.012820512820512109e-03
0.000000000000000000e+00 8.661858974358974672e-01 2.443910256410256401e-02 9.437321937321937332e-03 7.745726495726495964e-03
0.000000000000000000e+00 8.849715099715099731e-01 1.322115384615384602e-02 7.122507122507122646e-03 1.201923076923076990e-02
0.000000000000000000e+00 8.981481481481481399e-01 2.510683760683760785e-02 1.068376068376068397e-02 8.547008547008547868e-03
0.000000000000000000e+00 7.605056980056980054e-01 4.225427350427350404e-01 7.834757834757835257e-03 1.175213675213675202e-02
0.000000000000000000e+00 7.818732193732194080e-01 4.115918803418803229e-01 1.709401709401709574e-02 1.602564102564102422e-02
0.000000000000000000e+00 7.905092592592593004e-01 4.312232905982906206e-01 1.228632478632478604e-02 1.041666666666666609e-02
0.000000000000000000e+00 7.017450142450142314e-01 4.692841880341880323e-01 1.246438746438746463e-02 8.547008547008547868e-03
0.000000000000000000e+00 8.422364672364672789e-01 3.760683760683760646e-01 1.103988603988603941e-02 1.121794871794871799e-02
0.000000000000000000e+00 8.898682336182336394e-01 3.107638888888888951e-01 7.656695156695156670e-03 1.255341880341880392e-02
0.000000000000000000e+00 8.778490028490028019e-01 2.608173076923077094e-01 8.903133903133903307e-03 1.255341880341880392e-02
0.000000000000000000e+00 9.413283475783476018e-01 3.038194444444444198e-01 1.193019943019943060e-02 1.201923076923076990e-02
0.000000000000000000e+00 9.519230769230768718e-01 2.959401709401709435e-01 1.139601139601139658e-02 1.335470085470085409e-02
0.000000000000000000e+00 9.635861823361823175e-01 2.880608974358974117e-01 1.264245014245014322e-02 1.415598290598290600e-02
0.000000000000000000e+00 6.534900284900284628e-01 6.014957264957264682e-01 1.210826210826210746e-02 9.615384615384615918e-03
0.000000000000000000e+00 6.949786324786324521e-01 5.957532051282051766e-01 1.246438746438746463e-02 9.882478632478632063e-03
0.000000000000000000e+00 7.299679487179486781e-01 5.917467948717948234e-01 1.442307692307692388e-02 1.148504273504273587e-02
0.000000000000000000e+00 7.461716524216523982e-01 5.885416666666666297e-01 1.406695156695156670e-02 9.882478632478632063e-03
0.000000000000000000e+00 7.880163817663817794e-01 5.864049145299145005e-01 1.228632478632478604e-02 1.041666666666666609e-02
0.000000000000000000e+00 8.436609686609686243e-01 5.787927350427350959e-01 1.460113960113960073e-02 1.121794871794871799e-02
0.000000000000000000e+00 8.825676638176638278e-01 5.742521367521367104e-01 1.371082621082621127e-02 1.121794871794871799e-02
0.000000000000000000e+00 8.993945868945868449e-01 5.710470085470085166e-01 1.388888888888888812e-02 1.068376068376068397e-02
0.000000000000000000e+00 9.145299145299145005e-01 5.689102564102563875e-01 1.531339031339031334e-02 1.121794871794871799e-02
0.000000000000000000e+00 9.591346153846154188e-01 4.877136752136752018e-01 1.121794871794871799e-02 1.014957264957264994e-02
0.000000000000000000e+00 9.684829059829059839e-01 5.399305555555555802e-01 1.103988603988603941e-02 1.842948717948717993e-02
0.000000000000000000e+00 9.760505698005698116e-01 5.383279914529914834e-01 1.014957264957264994e-02 1.682692307692307612e-02
0.000000000000000000e+00 9.835292022792022637e-01 5.380608974358974672e-01 1.014957264957264994e-02 1.736111111111111188e-02
0.000000000000000000e+00 9.642984330484331013e-01 1.028311965811965802e-02 5.519943019943019703e-03 9.882478632478632063e-03
0.000000000000000000e+00 9.660790598290598385e-01 2.871260683760683621e-02 5.876068376068376009e-03 1.148504273504273587e-02
0.000000000000000000e+00 9.695512820512820484e-01 5.048076923076923184e-02 6.054131054131053728e-03 1.014957264957264994e-02
0.000000000000000000e+00 9.710648148148147696e-01 6.570512820512820762e-02 6.588319088319088621e-03 1.175213675213675202e-02
0.000000000000000000e+00 9.691951566951566566e-01 8.920940170940171166e-02 7.122507122507122646e-03 1.388888888888888812e-02
0.000000000000000000e+00 9.700854700854700807e-01 1.009615384615384637e-01 6.054131054131053728e-03 1.014957264957264994e-02
0.000000000000000000e+00 9.757834757834757955e-01 9.802350427350427220e-02 6.054131054131053728e-03 1.121794871794871799e-02
0.000000000000000000e+00 9.769408831908832358e-01 1.099091880341880323e-01 6.588319088319088621e-03 1.362179487179487197e-02
0.000000000000000000e+00 9.790776353276353650e-01 1.235309829059829112e-01 6.944444444444444059e-03 1.041666666666666609e-02
0.000000000000000000e+00 9.807692307692307265e-01 1.359508547008546897e-01 6.410256410256410034e-03 1.068376068376068397e-02
0.000000000000000000e+00 9.947471509971509418e-01 1.530448717948718063e-01 1.014957264957264994e-02 9.615384615384615918e-03
0.000000000000000000e+00 9.822827635327635587e-01 1.858974358974359031e-01 6.232193732193732315e-03 1.228632478632478604e-02
0.000000000000000000e+00 9.839743589743589203e-01 2.004540598290598385e-01 8.903133903133903307e-03 1.629273504273504383e-02
