0.000000000000000000e+00 7.567663817663817377e-03 2.106036324786324798e-01 9.081196581196581893e-03 1.041666666666666609e-02
0.000000000000000000e+00 1.412927350427350404e-01 2.065972222222222099e-01 7.656695156695156670e-03 1.415598290598290600e-02
0.000000000000000000e+00 1.274038461538461453e-01 2.135416666666666574e-01 1.193019943019943060e-02 1.095085470085470011e-02
0.000000000000000000e+00 1.232193732193732211e-01 2.192841880341880323e-01 1.210826210826210746e-02 1.121794871794871799e-02
0.000000000000000000e+00 1.127136752136752157e-01 2.307692307692307820e-01 9.971509971509971357e-03 1.014957264957264994e-02
0.000000000000000000e+00 1.090633903133903099e-01 2.373130341880341776e-01 1.371082621082621127e-02 1.308760683760683795e-02
0.000000000000000000e+00 9.544159544159544484e-02 2.556089743589743390e-01 1.317663817663817724e-02 1.228632478632478604e-02
0.000000000000000000e+00 1.492165242165242045e-01 2.849893162393162260e-01 1.210826210826210746e-02 1.014957264957264994e-02
0.000000000000000000e+00 3.418803418803419147e-02 5.969551282051281937e-01 8.190883190883190695e-03 2.029914529914529989e-02
0.000000000000000000e+00 4.237891737891737870e-02 5.964209401709401615e-01 8.903133903133903307e-03 1.869658119658119608e-02
0.000000000000000000e+00 5.021367521367521569e-02 5.974893162393162260e-01 8.190883190883190695e-03 1.816239316239316379e-02
0.000000000000000000e+00 5.840455840455840292e-02 5.958867521367521292e-01 6.766381766381766340e-03 1.602564102564102422e-02
0.000000000000000000e+00 6.632834757834757400e-02 5.968215811965812412e-01 6.944444444444444059e-03 1.682692307692307612e-02
0.000000000000000000e+00 7.665598290598291120e-02 6.147168803418803229e-01 1.549145299145299193e-02 1.041666666666666609e-02
0.000000000000000000e+00 1.662215099715099731e-01 6.562500000000000000e-01 1.655982905982905998e-02 1.762820512820512803e-02
0.000000000000000000e+00 1.700498575498575471e-01 6.635950854700854995e-01 1.460113960113960073e-02 1.736111111111111188e-02
0.000000000000000000e+00 1.773504273504273587e-01 6.692040598290598385e-01 1.139601139601139658e-02 1.148504273504273587e-02
0.000000000000000000e+00 1.395121082621082753e-01 7.473290598290598385e-01 5.163817663817663398e-03 1.923076923076923184e-02
0.000000000000000000e+00 1.577635327635327767e-01 7.232905982905982745e-01 1.495726495726495790e-02 1.121794871794871799e-02
0.000000000000000000e+00 1.778846153846153910e-01 7.276976495726495964e-01 5.698005698005698290e-03 1.789529914529914417e-02
0.000000000000000000e+00 1.904380341880341776e-01 7.134081196581196771e-01 1.620370370370370280e-02 1.282051282051282007e-02
0.000000000000000000e+00 2.102029914529914556e-01 7.164797008547008073e-01 6.232193732193732315e-03 1.148504273504273587e-02
0.000000000000000000e+00 1.693376068376068466e-01 9.500534188034187588e-01 1.068376068376068397e-02 2.403846153846153980e-02
0.000000000000000000e+00 1.639066951566951480e-01 9.157318376068376287e-01 1.406695156695156670e-02 1.469017094017094002e-02
0.000000000000000000e+00 1.860754985754985713e-01 8.948985042735042583e-01 2.706552706552706536e-02 2.964743589743589619e-02
0.000000000000000000e+00 2.359330484330484368e-01 8.568376068376067911e-01 1.709401709401709574e-02 1.709401709401709574e-02
0.000000000000000000e+00 2.806267806267806475e-01 6.810897435897436125e-01 1.175213675213675202e-02 1.282051282051282007e-02
0.000000000000000000e+00 3.100071225071225345e-01 7.275641025641025328e-01 7.834757834757835257e-03 1.655982905982905998e-02
0.000000000000000000e+00 3.098290598290598385e-01 7.497329059829059839e-01 8.547008547008547868e-03 2.297008547008547175e-02
0.000000000000000000e+00 3.338675213675213471e-01 7.731036324786324521e-01 1.566951566951567051e-02 1.629273504273504383e-02
0.000000000000000000e+00 4.310007122507122368e-01 1.201923076923076990e-02 6.944444444444444059e-03 1.388888888888888812e-02
0.000000000000000000e+00 3.905804843304843121e-01 8.720619658119657669e-02 7.300569800569800365e-03 1.469017094017094002e-02
0.000000000000000000e+00 3.873753561253561184e-01 1.024305555555555525e-01 6.944444444444444059e-03 1.469017094017094002e-02
0.000000000000000000e+00 3.793625356125356340e-01 1.402243589743589758e-01 6.588319088319088621e-03 1.228632478632478604e-02
0.000000000000000000e+00 3.764245014245014009e-01 1.534455128205128305e-01 7.122507122507122646e-03 1.522435897435897405e-02
0.000000000000000000e+00 3.668981481481481399e-01 1.972489316239316171e-01 6.588319088319088621e-03 1.415598290598290600e-02
0.000000000000000000e+00 3.195334757834757955e-01 1.956463675213675202e-01 5.876068376068376009e-03 1.255341880341880392e-02
0.000000000000000000e+00 3.263888888888888951e-01 1.975160256410256332e-01 4.985754985754985678e-03 1.148504273504273587e-02
0.000000000000000000e+00 3.459757834757834494e-01 1.999198717948718063e-01 5.698005698005698290e-03 1.148504273504273587e-02
0.000000000000000000e+00 3.871972934472934225e-01 2.317040598290598385e-01 6.232193732193732315e-03 1.415598290598290600e-02
0.000000000000000000e+00 3.482905982905982745e-01 2.835202991452991372e-01 7.478632478632478951e-03 1.522435897435897405e-02
0.000000000000000000e+00 3.871082621082621023e-01 3.555021367521367659e-01 9.259259259259258745e-03 9.081196581196581893e-03
0.000000000000000000e+00 3.764245014245014009e-01 4.285523504273504036e-01 1.460113960113960073e-02 9.882478632478632063e-03
0.000000000000000000e+00 4.999109686609686798e-01 1.789529914529914417e-02 9.081196581196581893e-03 8.547008547008547868e-03
0.000000000000000000e+00 5.268874643874643660e-01 2.483974358974358823e-02 9.259259259259258745e-03 8.012820512820512109e-03
0.000000000000000000e+00 5.265313390313390851e-01 3.525641025641025605e-02 9.971509971509971357e-03 8.547008547008547868e-03
0.000000000000000000e+00 4.752492877492877632e-01 1.729433760683760646e-01 6.410256410256410034e-03 1.255341880341880392e-02
0.000000000000000000e+00 4.957264957264957417e-01 1.726762820512820484e-01 4.629629629629629373e-03 8.814102564102564014e-03
0.000000000000000000e+00 5.021367521367521292e-01 1.762820512820512941e-01 5.341880341880341984e-03 8.547008547008547868e-03
0.000000000000000000e+00 5.147792022792022637e-01 1.754807692307692180e-01 4.985754985754985678e-03 1.014957264957264994e-02
0.000000000000000000e+00 5.219907407407406996e-01 1.749465811965811857e-01 5.163817663817663398e-03 1.175213675213675202e-02
0.000000000000000000e+00 5.294693732193732627e-01 1.733440170940170888e-01 5.519943019943019703e-03 8.012820512820512109e-03
0.000000000000000000e+00 5.497685185185184897e-01 1.746794871794871695e-01 5.519943019943019703e-03 1.068376068376068397e-02
0.000000000000000000e+00 5.084579772079772519e-01 1.738782051282051211e-01 5.519943019943019703e-03 1.282051282051282007e-02
0.000000000000000000e+00 5.891203703703703498e-01 1.777510683760683829e-01 6.588319088319088621e-03 1.415598290598290600e-02
0.000000000000000000e+00 5.961538461538461453e-01 1.769497863247863345e-01 4.629629629629629373e-03 8.814102564102564014e-03
0.000000000000000000e+00 5.493233618233618332e-01 5.790598290598291120e-01 1.317663817663817724e-02 1.335470085470085409e-02
0.000000000000000000e+00 5.613425925925925597e-01 5.882745726495726135e-01 8.368945868945869282e-03 1.201923076923076990e-02
0.000000000000000000e+00 5.895655270655271174e-01 8.418803418803418870e-01 1.923076923076923184e-02 1.762820512820512803e-02
0.000000000000000000e+00 6.396901709401708880e-01 4.019764957264957556e-02 1.050569800569800538e-02 8.814102564102564014e-03
0.000000000000000000e+00 6.110220797720797847e-01 7.011217948717948789e-02 1.335470085470085409e-02 9.348290598290598039e-03
0.000000000000000000e+00 6.110220797720797847e-01 8.159722222222222376e-02 1.228632478632478604e-02 7.211538461538461939e-03
0.000000000000000000e+00 6.122685185185184897e-01 8.693910256410256054e-02 1.193019943019943060e-02 7.745726495726495964e-03
0.000000000000000000e+00 6.125356125356125059e-01 9.375000000000000000e-02 1.068376068376068397e-02 8.547008547008547868e-03
0.000000000000000000e+00 6.419159544159543929e-01 9.548611111111110494e-02 8.903133903133903307e-03 8.814102564102564014e-03
0.000000000000000000e+00 6.417378917378917524e-01 1.041666666666666713e-01 1.103988603988603941e-02 8.012820512820512109e-03
0.000000000000000000e+00 6.122685185185184897e-01 1.065705128205128166e-01 1.014957264957264994e-02 8.012820512820512109e-03
0.000000000000000000e+00 6.123575498575498655e-01 1.135149572649572641e-01 9.971509971509971357e-03 8.547008547008547868e-03
0.000000000000000000e+00 6.110220797720797847e-01 1.191239316239316171e-01 1.014957264957264994e-02 8.547008547008547868e-03
0.000000000000000000e+00 6.123575498575498655e-01 1.264690170940170888e-01 1.175213675213675202e-02 7.211538461538461939e-03
0.000000000000000000e+00 6.126246438746438816e-01 1.323450854700854717e-01 1.299857549857549865e-02 7.745726495726495964e-03
0.000000000000000000e+00 6.120014245014244736e-01 1.391559829059829112e-01 1.103988603988603941e-02 9.081196581196581893e-03
0.000000000000000000e+00 6.426282051282051766e-01 1.456997863247863345e-01 1.103988603988603941e-02 9.348290598290598039e-03
0.000000000000000000e+00 6.461894586894586512e-01 2.413194444444444475e-01 1.032763532763532680e-02 9.348290598290598039e-03
0.000000000000000000e+00 6.462784900284900269e-01 2.490651709401709435e-01 1.086182336182336255e-02 9.348290598290598039e-03
0.000000000000000000e+00 6.474358974358974672e-01 2.569444444444444198e-01 1.032763532763532680e-02 8.012820512820512109e-03
0.000000000000000000e+00 6.464565527065526673e-01 2.646901709401709435e-01 1.157407407407407343e-02 8.547008547008547868e-03
0.000000000000000000e+00 6.490384615384615641e-01 2.809829059829059839e-01 6.410256410256410034e-03 8.547008547008547868e-03
0.000000000000000000e+00 6.477029914529914834e-01 2.942040598290598385e-01 1.228632478632478604e-02 1.041666666666666609e-02
0.000000000000000000e+00 6.479700854700854995e-01 3.095619658119658224e-01 1.317663817663817724e-02 1.175213675213675202e-02
0.000000000000000000e+00 6.146723646723646350e-01 2.773771367521367659e-01 1.175213675213675202e-02 9.348290598290598039e-03
0.000000000000000000e+00 6.146723646723646350e-01 2.869925213675213471e-01 1.068376068376068397e-02 1.041666666666666609e-02
0.000000000000000000e+00 6.163639601139601076e-01 3.090277777777777901e-01 1.228632478632478604e-02 1.014957264957264994e-02
0.000000000000000000e+00 6.522435897435897578e-01 3.838141025641025883e-01 1.032763532763532680e-02 9.615384615384615918e-03
0.000000000000000000e+00 6.543803418803418870e-01 3.928952991452991372e-01 1.317663817663817724e-02 1.068376068376068397e-02
0.000000000000000000e+00 6.530448717948718063e-01 4.155982905982906206e-01 7.300569800569800365e-03 9.081196581196581893e-03
0.000000000000000000e+00 6.534900284900284628e-01 4.270833333333333148e-01 1.317663817663817724e-02 9.615384615384615918e-03
0.000000000000000000e+00 6.546474358974359031e-01 4.348290598290598385e-01 1.335470085470085409e-02 9.615384615384615918e-03
0.000000000000000000e+00 6.557158119658119677e-01 4.584668803418803229e-01 1.086182336182336255e-02 9.348290598290598039e-03
0.000000000000000000e+00 6.543803418803418870e-01 4.799679487179487336e-01 1.495726495726495790e-02 1.228632478632478604e-02
0.000000000000000000e+00 6.571403133903134242e-01 4.969284188034188143e-01 1.477920227920227932e-02 1.255341880341880392e-02
0.000000000000000000e+00 6.564280626780626404e-01 5.347222222222222099e-01 1.406695156695156670e-02 9.615384615384615918e-03
0.000000000000000000e+00 6.580306267806267373e-01 5.543536324786324521e-01 1.121794871794871799e-02 1.201923076923076990e-02
0.000000000000000000e+00 6.940883190883191389e-01 6.959134615384615641e-01 1.317663817663817724e-02 1.629273504273504383e-02
0.000000000000000000e+00 7.153668091168091658e-01 7.227564102564102422e-01 1.549145299145299193e-02 1.923076923076923184e-02
0.000000000000000000e+00 7.358440170940171443e-01 7.552083333333333703e-01 1.193019943019943060e-02 1.842948717948717993e-02
0.000000000000000000e+00 6.402243589743589203e-01 7.108707264957264682e-01 1.442307692307692388e-02 1.148504273504273587e-02
0.000000000000000000e+00 6.419159544159543929e-01 7.226228632478632896e-01 1.353276353276353268e-02 1.148504273504273587e-02
0.000000000000000000e+00 6.410256410256410797e-01 7.411858974358974672e-01 1.602564102564102422e-02 1.442307692307692388e-02
0.000000000000000000e+00 6.393340455840456071e-01 7.518696581196581130e-01 1.442307692307692388e-02 1.121794871794871799e-02
0.000000000000000000e+00 6.391559829059828557e-01 7.620192307692307265e-01 1.406695156695156670e-02 1.335470085470085409e-02
0.000000000000000000e+00 6.788639601139601076e-01 7.532051282051281937e-01 1.691595441595441715e-02 1.175213675213675202e-02
0.000000000000000000e+00 6.784188034188034511e-01 7.732371794871795156e-01 1.424501424501424529e-02 1.175213675213675202e-02
0.000000000000000000e+00 6.787749287749287319e-01 7.943376068376067911e-01 1.353276353276353268e-02 1.282051282051282007e-02
0.000000000000000000e+00 6.390669515669515910e-01 7.944711538461538547e-01 1.495726495726495790e-02 1.255341880341880392e-02
0.000000000000000000e+00 6.394230769230768718e-01 8.056891025641025328e-01 1.460113960113960073e-02 1.308760683760683795e-02
0.000000000000000000e+00 8.038639601139601076e-01 1.201923076923076990e-02 6.232193732193732315e-03 1.282051282051282007e-02
0.000000000000000000e+00 7.830306267806267373e-01 1.976495726495726413e-02 7.656695156695156670e-03 6.410256410256410034e-03
0.000000000000000000e+00 7.858796296296296502e-01 3.071581196581196424e-02 1.299857549857549865e-02 1.282051282051282007e-02
0.000000000000000000e+00 7.845441595441595695e-01 3.779380341880341637e-02 9.615384615384615918e-03 8.814102564102564014e-03
0.000000000000000000e+00 7.878383190883191389e-01 4.740918803418803229e-02 5.163817663817663398e-03 9.348290598290598039e-03
0.000000000000000000e+00 7.872150997150997309e-01 6.129807692307692041e-02 9.615384615384615918e-03 7.211538461538461939e-03
0.000000000000000000e+00 7.930021367521367104e-01 7.932692307692307265e-02 8.725071225071224720e-03 1.014957264957264994e-02
0.000000000000000000e+00 7.920227920227920215e-01 7.238247863247863900e-02 7.478632478632478951e-03 6.410256410256410034e-03
0.000000000000000000e+00 8.134793447293446889e-01 8.573717948717948789e-02 5.876068376068376009e-03 1.175213675213675202e-02
0.000000000000000000e+00 7.922008547008546619e-01 9.041132478632478431e-02 1.068376068376068397e-02 8.814102564102564014e-03
0.000000000000000000e+00 7.940705128205127750e-01 9.735576923076923184e-02 5.876068376068376009e-03 7.745726495726495964e-03
0.000000000000000000e+00 7.951388888888888395e-01 1.041666666666666713e-01 8.725071225071224720e-03 8.012820512820512109e-03
0.000000000000000000e+00 8.153490028490028019e-01 9.962606837606838295e-02 7.122507122507122646e-03 1.709401709401709574e-02
0.000000000000000000e+00 7.945156695156695426e-01 1.112446581196581130e-01 1.068376068376068397e-02 6.143162393162393022e-03
0.000000000000000000e+00 7.954059829059828557e-01 1.164529914529914556e-01 1.068376068376068397e-02 7.478632478632478951e-03
0.000000000000000000e+00 8.194444444444444198e-01 1.288728632478632341e-01 6.054131054131053728e-03 1.255341880341880392e-02
0.000000000000000000e+00 7.970085470085470636e-01 1.227297008547008489e-01 6.054131054131053728e-03 6.677350427350427046e-03
0.000000000000000000e+00 7.976317663817663606e-01 1.291399572649572780e-01 6.588319088319088621e-03 8.279914529914529989e-03
0.000000000000000000e+00 7.960292022792022637e-01 1.359508547008546897e-01 1.086182336182336255e-02 6.944444444444444059e-03
0.000000000000000000e+00 7.966524216524216717e-01 1.426282051282051211e-01 1.068376068376068397e-02 6.944444444444444059e-03
0.000000000000000000e+00 7.982549857549857686e-01 1.491720085470085444e-01 1.068376068376068397e-02 7.745726495726495964e-03
0.000000000000000000e+00 7.978988603988603767e-01 1.554487179487179516e-01 9.971509971509971357e-03 8.547008547008547868e-03
0.000000000000000000e+00 8.319978632478632896e-01 2.319711538461538547e-01 6.232193732193732315e-03 1.362179487179487197e-02
0.000000000000000000e+00 8.344907407407406996e-01 2.479967948717948789e-01 6.944444444444444059e-03 1.522435897435897405e-02
0.000000000000000000e+00 8.119658119658119677e-01 2.517361111111111049e-01 9.971509971509971357e-03 9.882478632478632063e-03
0.000000000000000000e+00 8.368945868945868449e-01 2.674946581196581130e-01 7.478632478632478951e-03 1.415598290598290600e-02
0.000000000000000000e+00 8.108974358974359031e-01 2.641559829059829112e-01 8.547008547008547868e-03 5.341880341880341984e-03
0.000000000000000000e+00 8.151709401709401615e-01 2.812500000000000000e-01 9.615384615384615918e-03 6.944444444444444059e-03
0.000000000000000000e+00 8.145477207977207534e-01 2.889957264957264682e-01 1.050569800569800538e-02 7.478632478632478951e-03
0.000000000000000000e+00 8.161502849002848503e-01 2.959401709401709435e-01 1.086182336182336255e-02 9.615384615384615918e-03
0.000000000000000000e+00 8.175747863247863068e-01 3.042200854700854440e-01 1.228632478632478604e-02 9.081196581196581893e-03
0.000000000000000000e+00 8.165064102564102422e-01 3.123664529914529919e-01 1.050569800569800538e-02 8.279914529914529989e-03
0.000000000000000000e+00 8.248753561253561184e-01 3.540331196581196771e-01 1.193019943019943060e-02 1.041666666666666609e-02
0.000000000000000000e+00 8.234508547008546619e-01 3.685897435897436125e-01 1.228632478632478604e-02 1.014957264957264994e-02
0.000000000000000000e+00 8.520299145299145005e-01 3.863514957264957417e-01 7.478632478632478951e-03 1.522435897435897405e-02
0.000000000000000000e+00 8.543447293447293811e-01 4.014423076923077094e-01 6.766381766381766340e-03 1.388888888888888812e-02
0.000000000000000000e+00 8.273682336182336394e-01 4.006410256410256610e-01 1.050569800569800538e-02 1.121794871794871799e-02
0.000000000000000000e+00 8.310185185185184897e-01 4.268162393162392987e-01 9.971509971509971357e-03 9.615384615384615918e-03
0.000000000000000000e+00 8.319978632478632896e-01 4.358974358974359031e-01 9.081196581196581893e-03 9.081196581196581893e-03
0.000000000000000000e+00 8.335113960113960108e-01 4.448450854700854440e-01 1.032763532763532680e-02 1.041666666666666609e-02
0.000000000000000000e+00 8.354700854700854995e-01 4.619391025641025883e-01 9.971509971509971357e-03 1.041666666666666609e-02
0.000000000000000000e+00 8.378739316239316448e-01 4.807692307692307820e-01 1.086182336182336255e-02 1.068376068376068397e-02
0.000000000000000000e+00 8.413461538461538547e-01 4.993322649572649596e-01 1.246438746438746463e-02 1.095085470085470011e-02
0.000000000000000000e+00 8.409900284900284628e-01 5.070779914529914834e-01 1.246438746438746463e-02 8.279914529914529989e-03
0.000000000000000000e+00 8.434829059829059839e-01 5.164262820512820484e-01 1.424501424501424529e-02 1.415598290598290600e-02
0.000000000000000000e+00 8.433938746438746081e-01 5.260416666666666297e-01 1.050569800569800538e-02 1.148504273504273587e-02
0.000000000000000000e+00 8.452635327635327211e-01 5.357905982905982745e-01 9.259259259259258745e-03 1.014957264957264994e-02
0.000000000000000000e+00 8.494480056980057148e-01 5.460737179487179516e-01 9.081196581196581893e-03 1.308760683760683795e-02
