0.000000000000000000e+00 5.439814814814814686e-02 4.073183760683760785e-02 1.264245014245014322e-02 8.814102564102564014e-03
0.000000000000000000e+00 5.021367521367521569e-02 5.194978632478632757e-02 1.175213675213675202e-02 7.745726495726495964e-03
0.000000000000000000e+00 4.967948717948717646e-02 5.755876068376068050e-02 1.068376068376068397e-02 8.814102564102564014e-03
0.000000000000000000e+00 4.816595441595441368e-02 6.410256410256409687e-02 9.793447293447292770e-03 9.081196581196581893e-03
0.000000000000000000e+00 7.069088319088319416e-02 7.385149572649572780e-02 6.766381766381766340e-03 8.279914529914529989e-03
0.000000000000000000e+00 4.362535612535612534e-02 7.625534188034188698e-02 1.068376068376068397e-02 7.211538461538461939e-03
0.000000000000000000e+00 4.077635327635327489e-02 8.239850427350427220e-02 8.190883190883190695e-03 7.745726495726495964e-03
0.000000000000000000e+00 3.828347578347578162e-02 8.827457264957265515e-02 1.032763532763532680e-02 9.348290598290598039e-03
0.000000000000000000e+00 6.490384615384615918e-02 8.426816239316239909e-02 3.027065527065526864e-03 5.608974358974358997e-03
0.000000000000000000e+00 6.463675213675214304e-02 9.695512820512820762e-02 6.410256410256410034e-03 6.944444444444444059e-03
0.000000000000000000e+00 3.694800569800570089e-02 9.548611111111110494e-02 1.193019943019943060e-02 8.814102564102564014e-03
0.000000000000000000e+00 3.561253561253561323e-02 1.020299145299145283e-01 1.175213675213675202e-02 8.547008547008547868e-03
0.000000000000000000e+00 3.294159544159544484e-02 1.079059829059829112e-01 1.068376068376068397e-02 9.081196581196581893e-03
0.000000000000000000e+00 6.383547008547008073e-02 1.022970085470085444e-01 7.656695156695156670e-03 6.944444444444444059e-03
0.000000000000000000e+00 6.160968660968661054e-02 1.076388888888888951e-01 7.834757834757835257e-03 5.876068376068376009e-03
0.000000000000000000e+00 6.018518518518518184e-02 1.140491452991452964e-01 1.032763532763532680e-02 9.081196581196581893e-03
0.000000000000000000e+00 3.739316239316239476e-03 1.469017094017094072e-01 7.122507122507122646e-03 1.335470085470085409e-02
0.000000000000000000e+00 2.911324786324786390e-02 2.146100427350427220e-01 6.588319088319088621e-03 8.814102564102564014e-03
0.000000000000000000e+00 2.021011396011395886e-02 2.450587606837606736e-01 6.588319088319088621e-03 8.814102564102564014e-03
0.000000000000000000e+00 1.201923076923076990e-02 2.737713675213675479e-01 8.012820512820512109e-03 1.121794871794871799e-02
0.000000000000000000e+00 2.415420227920228036e-01 4.674145299145299019e-03 1.371082621082621127e-02 7.745726495726495964e-03
0.000000000000000000e+00 2.380698005698005659e-01 1.055021367521367590e-02 9.615384615384615918e-03 8.279914529914529989e-03
0.000000000000000000e+00 2.354878917378917247e-01 2.069978632478632410e-02 9.793447293447292770e-03 8.814102564102564014e-03
0.000000000000000000e+00 2.328169515669515632e-01 3.271901709401709574e-02 1.050569800569800538e-02 7.745726495726495964e-03
0.000000000000000000e+00 2.332621082621082753e-01 4.019764957264957556e-02 9.971509971509971357e-03 6.143162393162393022e-03
0.000000000000000000e+00 2.327279202279202153e-01 4.447115384615384776e-02 1.032763532763532680e-02 6.143162393162393022e-03
0.000000000000000000e+00 2.305021367521367659e-01 4.941239316239316032e-02 1.371082621082621127e-02 1.068376068376068397e-02
0.000000000000000000e+00 2.281873219373219408e-01 6.236645299145299193e-02 1.050569800569800538e-02 9.348290598290598039e-03
0.000000000000000000e+00 2.263176638176638278e-01 6.917735042735043138e-02 1.032763532763532680e-02 6.944444444444444059e-03
0.000000000000000000e+00 2.259615384615384637e-01 7.558760683760683274e-02 1.210826210826210746e-02 9.081196581196581893e-03
0.000000000000000000e+00 2.476851851851851749e-01 7.051282051282051211e-02 3.917378917378917629e-03 1.655982905982905998e-02
0.000000000000000000e+00 2.244480056980056870e-01 8.266559829059828834e-02 1.157407407407407343e-02 7.745726495726495964e-03
0.000000000000000000e+00 2.232015669515669543e-01 8.800747863247863900e-02 1.050569800569800538e-02 8.814102564102564014e-03
0.000000000000000000e+00 2.204415954415954448e-01 9.321581196581196771e-02 9.615384615384615918e-03 5.876068376068376009e-03
0.000000000000000000e+00 2.194622507122507005e-01 1.001602564102564152e-01 1.050569800569800538e-02 9.081196581196581893e-03
0.000000000000000000e+00 2.192841880341880323e-01 1.069711538461538408e-01 7.300569800569800365e-03 7.745726495726495964e-03
0.000000000000000000e+00 2.436787749287749327e-01 1.000267094017094072e-01 6.232193732193732315e-03 1.255341880341880392e-02
0.000000000000000000e+00 2.225783475783475740e-01 2.011217948717948789e-01 5.341880341880341984e-03 1.388888888888888812e-02
0.000000000000000000e+00 2.205306267806267928e-01 2.160790598290598385e-01 7.300569800569800365e-03 1.495726495726495790e-02
0.000000000000000000e+00 1.950676638176638278e-01 2.194177350427350404e-01 1.299857549857549865e-02 9.348290598290598039e-03
0.000000000000000000e+00 2.171474358974359031e-01 2.354433760683760646e-01 7.656695156695156670e-03 1.469017094017094002e-02
0.000000000000000000e+00 1.928418803418803507e-01 2.350427350427350404e-01 1.246438746438746463e-02 1.014957264957264994e-02
0.000000000000000000e+00 1.888354700854700807e-01 2.483974358974359031e-01 1.299857549857549865e-02 1.068376068376068397e-02
0.000000000000000000e+00 1.871438746438746359e-01 2.562767094017093794e-01 1.210826210826210746e-02 9.882478632478632063e-03
0.000000000000000000e+00 1.860754985754985713e-01 2.633547008547008628e-01 1.175213675213675202e-02 1.068376068376068397e-02
0.000000000000000000e+00 1.850071225071225067e-01 2.712339743589743390e-01 1.388888888888888812e-02 1.041666666666666609e-02
0.000000000000000000e+00 1.769943019943019946e-01 3.198450854700854440e-01 1.246438746438746463e-02 1.095085470085470011e-02
0.000000000000000000e+00 1.706730769230769273e-01 3.337339743589743390e-01 1.299857549857549865e-02 1.095085470085470011e-02
0.000000000000000000e+00 1.940883190883190834e-01 3.520299145299145560e-01 7.834757834757835257e-03 1.602564102564102422e-02
0.000000000000000000e+00 1.917735042735042861e-01 3.667200854700854440e-01 7.478632478632478951e-03 1.495726495726495790e-02
0.000000000000000000e+00 1.640847578347578439e-01 3.657852564102563875e-01 1.228632478632478604e-02 1.255341880341880392e-02
0.000000000000000000e+00 1.590099715099715094e-01 3.907585470085470081e-01 1.282051282051282007e-02 1.121794871794871799e-02
0.000000000000000000e+00 1.565170940170940161e-01 4.003739316239316448e-01 1.246438746438746463e-02 9.615384615384615918e-03
0.000000000000000000e+00 1.560719373219373318e-01 4.090544871794871695e-01 1.264245014245014322e-02 1.095085470085470011e-02
0.000000000000000000e+00 1.521545584045584099e-01 4.250801282051281937e-01 1.299857549857549865e-02 1.148504273504273587e-02
0.000000000000000000e+00 1.476139601139601076e-01 4.448450854700854440e-01 1.353276353276353268e-02 1.148504273504273587e-02
0.000000000000000000e+00 1.453881766381766305e-01 4.628739316239316448e-01 1.584757834757834910e-02 1.388888888888888812e-02
0.000000000000000000e+00 1.433404558404558493e-01 4.703525641025640969e-01 1.282051282051282007e-02 9.615384615384615918e-03
0.000000000000000000e+00 1.437856125356125336e-01 4.786324786324786529e-01 1.406695156695156670e-02 1.228632478632478604e-02
0.000000000000000000e+00 1.389779202279202153e-01 4.878472222222222099e-01 1.442307692307692388e-02 1.041666666666666609e-02
0.000000000000000000e+00 1.376424501424501345e-01 4.975961538461538547e-01 1.353276353276353268e-02 1.068376068376068397e-02
0.000000000000000000e+00 1.374643874643874664e-01 5.068108974358974672e-01 1.602564102564102422e-02 1.308760683760683795e-02
0.000000000000000000e+00 1.331908831908831803e-01 5.162927350427350959e-01 1.353276353276353268e-02 1.014957264957264994e-02
0.000000000000000000e+00 1.308760683760683829e-01 5.264423076923077094e-01 1.175213675213675202e-02 1.068376068376068397e-02
0.000000000000000000e+00 2.968304843304843121e-01 5.280448717948718063e-01 3.205128205128205017e-03 8.547008547008547868e-03
0.000000000000000000e+00 3.040420227920228036e-01 5.255074786324785974e-01 1.406695156695156670e-02 1.362179487179487197e-02
0.000000000000000000e+00 3.337784900284900269e-01 5.130876068376067911e-01 1.299857549857549865e-02 1.388888888888888812e-02
0.000000000000000000e+00 3.447293447293447444e-01 5.090811965811965489e-01 1.388888888888888812e-02 1.442307692307692388e-02
0.000000000000000000e+00 3.573717948717948789e-01 5.074786324786324521e-01 1.424501424501424529e-02 1.495726495726495790e-02
0.000000000000000000e+00 3.850605413105412933e-01 4.966613247863247982e-01 1.442307692307692388e-02 1.415598290598290600e-02
0.000000000000000000e+00 4.361645299145299193e-01 4.755608974358974117e-01 1.335470085470085409e-02 1.949786324786324798e-02
0.000000000000000000e+00 2.427884615384615363e-01 7.086004273504273865e-01 1.727207977207977085e-02 1.709401709401709574e-02
0.000000000000000000e+00 2.799145299145299193e-01 6.717414529914529364e-01 9.259259259259258745e-03 1.869658119658119608e-02
0.000000000000000000e+00 2.986111111111111049e-01 6.643963675213675479e-01 8.903133903133903307e-03 1.682692307692307612e-02
0.000000000000000000e+00 3.051994301994301884e-01 6.625267094017094349e-01 9.259259259259258745e-03 1.629273504273504383e-02
0.000000000000000000e+00 3.392984330484330457e-01 6.490384615384615641e-01 9.437321937321937332e-03 1.549145299145299193e-02
0.000000000000000000e+00 2.293447293447293533e-01 8.981036324786324521e-01 8.190883190883190695e-03 2.216880341880341984e-02
0.000000000000000000e+00 3.855056980056980054e-01 6.352831196581196771e-01 9.615384615384615918e-03 1.896367521367521222e-02
0.000000000000000000e+00 3.943198005698005937e-01 6.322115384615384359e-01 9.081196581196581893e-03 1.762820512820512803e-02
0.000000000000000000e+00 4.021545584045583821e-01 6.287393162393162260e-01 9.793447293447292770e-03 1.709401709401709574e-02
0.000000000000000000e+00 4.176460113960113740e-01 6.212606837606837740e-01 9.081196581196581893e-03 1.655982905982905998e-02
0.000000000000000000e+00 4.252136752136752018e-01 6.181891025641025328e-01 8.190883190883190695e-03 1.682692307692307612e-02
0.000000000000000000e+00 4.322471509971509973e-01 6.153846153846154188e-01 8.368945868945869282e-03 1.655982905982905998e-02
0.000000000000000000e+00 4.500534188034188143e-01 6.087072649572649041e-01 9.793447293447292770e-03 2.136752136752136794e-02
0.000000000000000000e+00 4.651887464387464144e-01 6.051014957264957417e-01 9.793447293447292770e-03 1.896367521367521222e-02
0.000000000000000000e+00 4.791666666666666852e-01 5.988247863247863068e-01 9.971509971509971357e-03 1.762820512820512803e-02
0.000000000000000000e+00 4.872685185185185452e-01 5.944177350427350959e-01 9.437321937321937332e-03 1.682692307692307612e-02
0.000000000000000000e+00 4.955484330484330457e-01 5.925480769230768718e-01 1.139601139601139658e-02 2.003205128205128374e-02
0.000000000000000000e+00 5.027599715099715372e-01 5.898771367521367104e-01 1.050569800569800538e-02 1.896367521367521222e-02
0.000000000000000000e+00 3.377849002849002691e-01 8.695245726495726135e-01 1.887464387464387466e-02 1.362179487179487197e-02
0.000000000000000000e+00 3.356481481481481399e-01 8.835470085470085166e-01 1.816239316239316379e-02 1.442307692307692388e-02
0.000000000000000000e+00 3.863960113960113740e-01 8.823450854700854995e-01 1.673789173789173856e-02 1.201923076923076990e-02
0.000000000000000000e+00 3.846153846153846367e-01 9.042467948717948234e-01 1.673789173789173856e-02 9.348290598290598039e-03
0.000000000000000000e+00 4.041132478632478708e-01 8.827457264957264682e-01 1.513532763532763475e-02 1.228632478632478604e-02
0.000000000000000000e+00 4.017984330484330457e-01 9.057158119658119677e-01 1.513532763532763475e-02 8.547008547008547868e-03
0.000000000000000000e+00 4.634971509971509973e-01 8.751335470085470636e-01 1.709401709401709574e-02 1.362179487179487197e-02
0.000000000000000000e+00 4.641203703703703498e-01 8.986378205128204844e-01 1.620370370370370280e-02 1.362179487179487197e-02
0.000000000000000000e+00 4.515669515669515910e-01 9.204059829059828557e-01 4.273504273504273934e-03 1.442307692307692388e-02
0.000000000000000000e+00 4.642094017094017255e-01 9.222756410256410797e-01 1.602564102564102422e-02 1.388888888888888812e-02
0.000000000000000000e+00 4.631410256410256610e-01 9.348290598290598385e-01 1.709401709401709574e-02 1.282051282051282007e-02
0.000000000000000000e+00 4.601139601139601076e-01 9.429754273504273865e-01 1.424501424501424529e-02 6.677350427350427046e-03
0.000000000000000000e+00 5.060541310541311066e-01 8.764690170940171443e-01 1.531339031339031334e-02 1.362179487179487197e-02
0.000000000000000000e+00 5.054309116809116986e-01 8.982371794871795156e-01 1.620370370370370280e-02 1.442307692307692388e-02
0.000000000000000000e+00 5.048076923076922906e-01 9.110576923076922906e-01 1.460113960113960073e-02 1.388888888888888812e-02
0.000000000000000000e+00 5.061431623931623713e-01 9.244123931623932089e-01 1.620370370370370280e-02 1.335470085470085409e-02
0.000000000000000000e+00 5.054309116809116986e-01 9.365651709401708880e-01 1.549145299145299193e-02 1.308760683760683795e-02
0.000000000000000000e+00 5.048967236467236663e-01 9.499198717948718063e-01 1.549145299145299193e-02 1.415598290598290600e-02
0.000000000000000000e+00 5.229700854700854995e-01 9.123931623931623713e-01 1.424501424501424529e-02 1.282051282051282007e-02
0.000000000000000000e+00 5.240384615384615641e-01 9.250801282051281937e-01 1.709401709401709574e-02 1.362179487179487197e-02
0.000000000000000000e+00 5.224358974358974672e-01 9.368322649572649041e-01 1.531339031339031334e-02 1.308760683760683795e-02
0.000000000000000000e+00 5.229700854700854995e-01 9.504540598290598385e-01 1.531339031339031334e-02 1.362179487179487197e-02
0.000000000000000000e+00 5.614316239316239354e-01 8.711271367521367104e-01 1.780626780626780661e-02 1.362179487179487197e-02
0.000000000000000000e+00 5.647257834757835049e-01 9.174679487179486781e-01 1.513532763532763475e-02 1.388888888888888812e-02
0.000000000000000000e+00 4.812143874643874386e-01 7.174145299145299193e-01 1.014957264957264994e-02 1.655982905982905998e-02
0.000000000000000000e+00 4.912749287749287874e-01 7.158119658119658224e-01 9.615384615384615918e-03 1.655982905982905998e-02
0.000000000000000000e+00 5.060541310541311066e-01 7.079326923076922906e-01 1.103988603988603941e-02 1.896367521367521222e-02
0.000000000000000000e+00 5.153133903133902960e-01 7.040598290598291120e-01 1.032763532763532680e-02 1.709401709401709574e-02
0.000000000000000000e+00 5.225249287749287319e-01 7.003205128205127750e-01 9.081196581196581893e-03 1.655982905982905998e-02
0.000000000000000000e+00 5.324964387464387050e-01 6.976495726495726135e-01 9.437321937321937332e-03 1.655982905982905998e-02
0.000000000000000000e+00 5.668625356125356340e-01 6.875000000000000000e-01 8.012820512820512109e-03 1.388888888888888812e-02
0.000000000000000000e+00 5.736289173789174134e-01 6.810897435897436125e-01 9.437321937321937332e-03 1.709401709401709574e-02
0.000000000000000000e+00 5.826210826210825866e-01 6.765491452991453381e-01 9.259259259259258745e-03 1.762820512820512803e-02
0.000000000000000000e+00 5.922364672364672789e-01 6.748130341880341776e-01 1.032763532763532680e-02 1.736111111111111188e-02
0.000000000000000000e+00 4.787215099715099731e-01 7.077991452991452999e-03 9.081196581196581893e-03 8.279914529914529989e-03
0.000000000000000000e+00 4.788995726495726690e-01 1.388888888888888812e-02 1.014957264957264994e-02 8.547008547008547868e-03
0.000000000000000000e+00 4.723112535612535856e-01 3.485576923076923184e-02 6.232193732193732315e-03 1.255341880341880392e-02
0.000000000000000000e+00 4.744480056980057148e-01 4.634081196581196771e-02 5.876068376068376009e-03 1.148504273504273587e-02
0.000000000000000000e+00 4.634081196581196771e-01 5.355235042735042444e-02 6.588319088319088621e-03 1.201923076923076990e-02
0.000000000000000000e+00 4.788995726495726690e-01 7.158119658119657669e-02 5.163817663817663398e-03 8.547008547008547868e-03
0.000000000000000000e+00 4.750712250712250673e-01 1.063034188034188005e-01 5.341880341880341984e-03 1.068376068376068397e-02
0.000000000000000000e+00 4.722222222222222099e-01 1.180555555555555525e-01 6.766381766381766340e-03 1.014957264957264994e-02
0.000000000000000000e+00 4.684829059829059839e-01 1.326121794871794879e-01 7.122507122507122646e-03 1.575854700854700807e-02
0.000000000000000000e+00 4.951032763532763337e-01 2.470619658119658224e-01 5.519943019943019703e-03 1.442307692307692388e-02
0.000000000000000000e+00 5.020477207977207534e-01 2.461271367521367659e-01 6.232193732193732315e-03 1.415598290598290600e-02
0.000000000000000000e+00 5.091702279202279247e-01 2.459935897435897301e-01 6.232193732193732315e-03 1.602564102564102422e-02
0.000000000000000000e+00 4.897613960113960108e-01 2.765758547008547175e-01 1.157407407407407343e-02 9.882478632478632063e-03
0.000000000000000000e+00 4.903846153846153633e-01 2.897970085470085722e-01 1.388888888888888812e-02 9.615384615384615918e-03
0.000000000000000000e+00 4.706196581196581130e-01 2.946047008547008628e-01 6.410256410256410034e-03 1.495726495726495790e-02
0.000000000000000000e+00 4.718660968660968735e-01 3.119658119658119677e-01 6.766381766381766340e-03 1.388888888888888812e-02
0.000000000000000000e+00 4.901175213675213471e-01 3.099626068376068466e-01 1.299857549857549865e-02 1.041666666666666609e-02
0.000000000000000000e+00 4.909188034188033956e-01 3.239850427350427498e-01 1.139601139601139658e-02 8.547008547008547868e-03
0.000000000000000000e+00 4.898504273504273310e-01 3.314636752136752018e-01 1.282051282051282007e-02 9.615384615384615918e-03
0.000000000000000000e+00 4.899394586894587067e-01 3.393429487179487336e-01 1.157407407407407343e-02 1.041666666666666609e-02
0.000000000000000000e+00 4.739138176638176825e-01 3.460202991452991372e-01 6.588319088319088621e-03 1.522435897435897405e-02
0.000000000000000000e+00 4.887820512820512664e-01 3.532318376068376287e-01 1.068376068376068397e-02 8.814102564102564014e-03
0.000000000000000000e+00 4.892272079772079785e-01 3.609775641025640969e-01 1.050569800569800538e-02 9.348290598290598039e-03
0.000000000000000000e+00 4.904736467236467390e-01 3.691239316239316448e-01 1.442307692307692388e-02 1.068376068376068397e-02
0.000000000000000000e+00 4.731125356125356340e-01 3.962339743589743390e-01 5.698005698005698290e-03 7.745726495726495964e-03
0.000000000000000000e+00 4.893162393162392987e-01 3.892895299145299193e-01 1.068376068376068397e-02 8.814102564102564014e-03
0.000000000000000000e+00 5.799501424501424252e-01 5.767895299145299193e-01 1.353276353276353268e-02 1.148504273504273587e-02
0.000000000000000000e+00 6.368411680911680861e-01 5.590277777777777901e-01 1.620370370370370280e-02 1.335470085470085409e-02
0.000000000000000000e+00 6.531339031339031820e-01 5.540865384615384359e-01 1.495726495726495790e-02 1.308760683760683795e-02
0.000000000000000000e+00 6.675569800569800538e-01 5.479433760683760646e-01 1.424501424501424529e-02 1.308760683760683795e-02
0.000000000000000000e+00 5.431801994301994618e-01 1.530448717948718063e-01 6.588319088319088621e-03 1.442307692307692388e-02
0.000000000000000000e+00 6.583867521367521292e-01 1.049679487179487197e-01 7.300569800569800365e-03 1.442307692307692388e-02
0.000000000000000000e+00 6.099537037037037202e-01 2.069978632478632341e-01 6.232193732193732315e-03 1.282051282051282007e-02
0.000000000000000000e+00 6.337250712250712681e-01 2.199519230769230727e-01 1.317663817663817724e-02 9.348290598290598039e-03
0.000000000000000000e+00 6.339921652421652842e-01 2.263621794871794879e-01 1.157407407407407343e-02 8.814102564102564014e-03
0.000000000000000000e+00 6.361289173789174134e-01 2.434561965811965767e-01 1.157407407407407343e-02 9.882478632478632063e-03
0.000000000000000000e+00 6.357727920227920215e-01 2.689636752136752018e-01 1.299857549857549865e-02 9.081196581196581893e-03
0.000000000000000000e+00 6.375534188034187588e-01 2.893963675213675479e-01 1.371082621082621127e-02 9.882478632478632063e-03
0.000000000000000000e+00 6.088853276353276556e-01 2.923344017094017255e-01 1.014957264957264994e-02 9.882478632478632063e-03
0.000000000000000000e+00 6.421830484330484090e-01 3.012820512820512664e-01 1.299857549857549865e-02 1.121794871794871799e-02
0.000000000000000000e+00 6.437856125356125059e-01 3.153044871794871695e-01 1.406695156695156670e-02 1.041666666666666609e-02
0.000000000000000000e+00 6.111111111111111605e-01 3.122329059829059839e-01 6.766381766381766340e-03 8.547008547008547868e-03
0.000000000000000000e+00 6.123575498575498655e-01 3.186431623931623713e-01 7.122507122507122646e-03 6.944444444444444059e-03
0.000000000000000000e+00 6.137820512820513219e-01 3.253205128205128305e-01 7.478632478632478951e-03 7.478632478632478951e-03
0.000000000000000000e+00 6.158297720797720753e-01 3.330662393162392987e-01 7.656695156695156670e-03 8.012820512820512109e-03
0.000000000000000000e+00 6.171652421652421561e-01 3.406784188034188143e-01 8.190883190883190695e-03 8.814102564102564014e-03
0.000000000000000000e+00 6.201923076923077094e-01 3.549679487179487336e-01 6.410256410256410034e-03 1.121794871794871799e-02
0.000000000000000000e+00 6.244658119658119677e-01 3.693910256410256610e-01 7.122507122507122646e-03 1.014957264957264994e-02
0.000000000000000000e+00 6.284722222222222099e-01 3.830128205128205399e-01 7.300569800569800365e-03 1.068376068376068397e-02
0.000000000000000000e+00 6.581196581196581130e-01 3.834134615384615641e-01 1.139601139601139658e-02 9.882478632478632063e-03
0.000000000000000000e+00 6.356837606837606458e-01 4.139957264957264682e-01 9.259259259259258745e-03 1.068376068376068397e-02
0.000000000000000000e+00 6.648860398860398924e-01 4.184027777777777901e-01 1.388888888888888812e-02 1.148504273504273587e-02
0.000000000000000000e+00 6.396011396011396233e-01 4.352297008547008628e-01 8.547008547008547868e-03 8.814102564102564014e-03
0.000000000000000000e+00 6.682692307692307265e-01 4.354967948717948789e-01 1.246438746438746463e-02 8.279914529914529989e-03
0.000000000000000000e+00 7.428774928774928288e-01 9.941239316239316448e-01 7.478632478632478951e-03 9.081196581196581893e-03
0.000000000000000000e+00 7.552528490028490582e-01 1.629273504273504383e-02 1.086182336182336255e-02 6.410256410256410034e-03
0.000000000000000000e+00 7.667378917378917524e-01 3.271901709401709574e-02 4.985754985754985678e-03 1.308760683760683795e-02
0.000000000000000000e+00 7.819622507122506727e-01 1.976495726495726413e-02 6.232193732193732315e-03 1.121794871794871799e-02
0.000000000000000000e+00 8.009259259259259300e-01 6.810897435897435293e-02 5.698005698005698290e-03 1.175213675213675202e-02
0.000000000000000000e+00 8.205128205128204844e-01 9.909188034188033678e-02 6.410256410256410034e-03 1.388888888888888812e-02
0.000000000000000000e+00 8.600427350427350959e-01 1.109775641025640969e-01 6.766381766381766340e-03 1.201923076923076990e-02
0.000000000000000000e+00 8.855947293447293811e-01 2.361111111111111049e-01 7.300569800569800365e-03 1.175213675213675202e-02
0.000000000000000000e+00 8.410790598290598385e-01 2.801816239316239354e-01 1.299857549857549865e-02 9.081196581196581893e-03
0.000000000000000000e+00 7.226673789173788665e-01 4.862446581196581130e-01 8.368945868945869282e-03 1.789529914529914417e-02
0.000000000000000000e+00 7.629985754985755264e-01 6.119123931623932089e-01 9.615384615384615918e-03 2.029914529914529989e-02
0.000000000000000000e+00 8.940527065527065220e-01 8.186431623931623713e-01 7.834757834757835257e-03 1.442307692307692388e-02
