0.000000000000000000e+00 7.362891737891738564e-02 8.413461538461539102e-02 6.944444444444444059e-03 8.012820512820512109e-03
0.000000000000000000e+00 1.052350427350427359e-01 6.971153846153846367e-02 8.547008547008547868e-03 1.442307692307692388e-02
0.000000000000000000e+00 9.935897435897435293e-02 8.440170940170940717e-02 8.190883190883190695e-03 1.495726495726495790e-02
0.000000000000000000e+00 8.538105413105413766e-02 1.220619658119658085e-01 7.656695156695156670e-03 1.228632478632478604e-02
0.000000000000000000e+00 8.021723646723646906e-02 1.347489316239316171e-01 8.368945868945869282e-03 1.308760683760683795e-02
0.000000000000000000e+00 6.303418803418803229e-02 1.784188034188034233e-01 8.547008547008547868e-03 1.442307692307692388e-02
0.000000000000000000e+00 1.575854700854700807e-02 1.764155982905983022e-01 7.656695156695156670e-03 1.201923076923076990e-02
0.000000000000000000e+00 2.288105413105413072e-02 1.784188034188034233e-01 6.588319088319088621e-03 1.175213675213675202e-02
0.000000000000000000e+00 4.202279202279202153e-02 1.808226495726495686e-01 7.122507122507122646e-03 1.175213675213675202e-02
0.000000000000000000e+00 3.125000000000000000e-02 2.634882478632478708e-01 8.368945868945869282e-03 1.469017094017094002e-02
0.000000000000000000e+00 3.561253561253561323e-02 4.062500000000000000e-01 1.460113960113960073e-02 1.014957264957264994e-02
0.000000000000000000e+00 2.256944444444444475e-01 3.205128205128205017e-03 9.081196581196581893e-03 4.807692307692307959e-03
0.000000000000000000e+00 2.516025641025640969e-01 8.547008547008547868e-03 9.615384615384615918e-03 7.478632478632478951e-03
0.000000000000000000e+00 2.492877492877492995e-01 1.816239316239316379e-02 9.259259259259258745e-03 8.547008547008547868e-03
0.000000000000000000e+00 1.687143874643874664e-01 1.546474358974359031e-01 5.876068376068376009e-03 1.175213675213675202e-02
0.000000000000000000e+00 1.758368945868945821e-01 1.527777777777777901e-01 6.944444444444444059e-03 8.547008547008547868e-03
0.000000000000000000e+00 1.956908831908831803e-01 1.551816239316239354e-01 6.054131054131053728e-03 1.175213675213675202e-02
0.000000000000000000e+00 2.016559829059829112e-01 1.569177350427350404e-01 4.807692307692307959e-03 8.814102564102564014e-03
0.000000000000000000e+00 2.225783475783475740e-01 1.554487179487179516e-01 5.698005698005698290e-03 9.615384615384615918e-03
0.000000000000000000e+00 2.295227920227920215e-01 1.565170940170940161e-01 5.698005698005698290e-03 9.615384615384615918e-03
0.000000000000000000e+00 2.504451566951567121e-01 1.558493589743589758e-01 5.876068376068376009e-03 8.814102564102564014e-03
0.000000000000000000e+00 2.901531339031339085e-01 1.585202991452991372e-01 5.163817663817663398e-03 9.348290598290598039e-03
0.000000000000000000e+00 2.350427350427350404e-01 5.936164529914529364e-01 1.210826210826210746e-02 1.308760683760683795e-02
0.000000000000000000e+00 2.324608262108261991e-01 6.387553418803418870e-01 9.437321937321937332e-03 1.415598290598290600e-02
0.000000000000000000e+00 1.848290598290598385e-01 8.157051282051281937e-01 1.958689458689458554e-02 1.709401709401709574e-02
0.000000000000000000e+00 1.707621082621082753e-01 9.942574786324785974e-01 8.903133903133903307e-03 1.041666666666666609e-02
0.000000000000000000e+00 3.610220797720797847e-01 2.323717948717948789e-02 6.232193732193732315e-03 8.012820512820512109e-03
0.000000000000000000e+00 3.292378917378917524e-01 5.368589743589743252e-02 1.388888888888888812e-02 1.014957264957264994e-02
0.000000000000000000e+00 3.273682336182336394e-01 6.517094017094017533e-02 1.193019943019943060e-02 7.478632478632478951e-03
0.000000000000000000e+00 3.538995726495726690e-01 7.839209401709401615e-02 7.656695156695156670e-03 8.279914529914529989e-03
0.000000000000000000e+00 3.271901709401709435e-01 7.051282051282051211e-02 1.121794871794871799e-02 8.547008547008547868e-03
0.000000000000000000e+00 3.264779202279202153e-01 7.719017094017094349e-02 9.793447293447292770e-03 7.478632478632478951e-03
0.000000000000000000e+00 3.245192307692307820e-01 8.947649572649572780e-02 9.793447293447292770e-03 8.547008547008547868e-03
0.000000000000000000e+00 3.538995726495726690e-01 8.693910256410256054e-02 1.193019943019943060e-02 8.814102564102564014e-03
0.000000000000000000e+00 3.235398860398860377e-01 9.655448717948718340e-02 1.032763532763532680e-02 8.814102564102564014e-03
0.000000000000000000e+00 3.211360398860398924e-01 1.018963675213675202e-01 1.050569800569800538e-02 9.348290598290598039e-03
0.000000000000000000e+00 3.211360398860398924e-01 1.087072649572649596e-01 1.157407407407407343e-02 7.478632478632478951e-03
0.000000000000000000e+00 3.206018518518518601e-01 1.156517094017094072e-01 1.264245014245014322e-02 8.012820512820512109e-03
0.000000000000000000e+00 3.191773504273504036e-01 1.220619658119658085e-01 1.086182336182336255e-02 9.615384615384615918e-03
0.000000000000000000e+00 3.503383190883190834e-01 9.762286324786324798e-02 8.725071225071224720e-03 7.745726495726495964e-03
0.000000000000000000e+00 3.508725071225071157e-01 1.043002136752136794e-01 7.656695156695156670e-03 6.143162393162393022e-03
0.000000000000000000e+00 3.525641025641025883e-01 1.105769230769230727e-01 5.698005698005698290e-03 6.410256410256410034e-03
0.000000000000000000e+00 3.530982905982906206e-01 1.168536324786324798e-01 4.629629629629629373e-03 5.608974358974358997e-03
0.000000000000000000e+00 3.486467236467236663e-01 1.213942307692307682e-01 8.190883190883190695e-03 5.608974358974358997e-03
0.000000000000000000e+00 3.484686609686609704e-01 1.282051282051281937e-01 1.210826210826210746e-02 9.081196581196581893e-03
0.000000000000000000e+00 2.966524216524216717e-01 1.610576923076923184e-01 5.698005698005698290e-03 1.282051282051282007e-02
0.000000000000000000e+00 3.360042735042735318e-01 2.230235042735042861e-01 8.547008547008547868e-03 8.012820512820512109e-03
0.000000000000000000e+00 3.360933048433048520e-01 2.302350427350427220e-01 9.437321937321937332e-03 9.081196581196581893e-03
0.000000000000000000e+00 3.350249287749287874e-01 2.381143162393162260e-01 9.437321937321937332e-03 7.211538461538461939e-03
0.000000000000000000e+00 3.321759259259259300e-01 2.457264957264957139e-01 8.012820512820512109e-03 8.547008547008547868e-03
0.000000000000000000e+00 2.996794871794871695e-01 2.586805555555555802e-01 1.175213675213675202e-02 9.348290598290598039e-03
0.000000000000000000e+00 2.981659544159543929e-01 2.680288461538461453e-01 1.086182336182336255e-02 9.882478632478632063e-03
0.000000000000000000e+00 3.319088319088319139e-01 2.616185897435897578e-01 1.068376068376068397e-02 8.814102564102564014e-03
0.000000000000000000e+00 3.287037037037037202e-01 2.747061965811966044e-01 8.903133903133903307e-03 7.745726495726495964e-03
0.000000000000000000e+00 2.954059829059829112e-01 2.893963675213675479e-01 1.282051282051282007e-02 9.348290598290598039e-03
0.000000000000000000e+00 2.940705128205128305e-01 2.960737179487179516e-01 9.437321937321937332e-03 8.814102564102564014e-03
0.000000000000000000e+00 3.274572649572649596e-01 2.907318376068376287e-01 1.139601139601139658e-02 9.348290598290598039e-03
0.000000000000000000e+00 3.258547008547008628e-01 3.060897435897436125e-01 8.190883190883190695e-03 7.478632478632478951e-03
0.000000000000000000e+00 3.201566951566951480e-01 3.633814102564102422e-01 1.068376068376068397e-02 9.348290598290598039e-03
0.000000000000000000e+00 3.204237891737891641e-01 3.728632478632478708e-01 1.121794871794871799e-02 9.615384615384615918e-03
0.000000000000000000e+00 3.157051282051281937e-01 3.961004273504273310e-01 7.122507122507122646e-03 8.547008547008547868e-03
0.000000000000000000e+00 3.141915954415954171e-01 4.063835470085470081e-01 1.121794871794871799e-02 8.814102564102564014e-03
0.000000000000000000e+00 3.133903133903133686e-01 4.134615384615384359e-01 1.032763532763532680e-02 8.012820512820512109e-03
0.000000000000000000e+00 3.108974358974359031e-01 4.365651709401709435e-01 6.054131054131053728e-03 6.677350427350427046e-03
0.000000000000000000e+00 3.051103988603988681e-01 4.586004273504273310e-01 1.050569800569800538e-02 1.068376068376068397e-02
0.000000000000000000e+00 3.056445868945869004e-01 4.850427350427350404e-01 8.368945868945869282e-03 8.012820512820512109e-03
0.000000000000000000e+00 3.056445868945869004e-01 4.748931623931623713e-01 1.050569800569800538e-02 1.068376068376068397e-02
0.000000000000000000e+00 3.006588319088319139e-01 5.014690170940171443e-01 7.656695156695156670e-03 5.608974358974358997e-03
0.000000000000000000e+00 2.993233618233618332e-01 5.101495726495726135e-01 4.273504273504273934e-03 5.876068376068376009e-03
0.000000000000000000e+00 2.468839031339031265e-01 6.523771367521367104e-01 1.157407407407407343e-02 1.415598290598290600e-02
0.000000000000000000e+00 2.889957264957264682e-01 6.470352564102563875e-01 1.246438746438746463e-02 1.469017094017094002e-02
0.000000000000000000e+00 3.130341880341880323e-01 6.724091880341880323e-01 1.175213675213675202e-02 1.629273504273504383e-02
0.000000000000000000e+00 2.569444444444444198e-01 6.869658119658119677e-01 1.388888888888888812e-02 1.121794871794871799e-02
0.000000000000000000e+00 2.559650997150997309e-01 6.989850427350426942e-01 1.299857549857549865e-02 1.014957264957264994e-02
0.000000000000000000e+00 2.522257834757834494e-01 7.175480769230768718e-01 1.620370370370370280e-02 1.575854700854700807e-02
0.000000000000000000e+00 2.488425925925925875e-01 7.282318376068376287e-01 1.477920227920227932e-02 1.201923076923076990e-02
0.000000000000000000e+00 2.471509971509971426e-01 7.381143162393162260e-01 1.424501424501424529e-02 1.095085470085470011e-02
0.000000000000000000e+00 2.881944444444444198e-01 7.288995726495726135e-01 1.584757834757834910e-02 1.121794871794871799e-02
0.000000000000000000e+00 2.821403133903133686e-01 7.483974358974359031e-01 7.300569800569800365e-03 1.014957264957264994e-02
0.000000000000000000e+00 3.301282051282051211e-01 6.989850427350426942e-01 1.246438746438746463e-02 1.709401709401709574e-02
0.000000000000000000e+00 3.454415954415954171e-01 7.318376068376067911e-01 9.615384615384615918e-03 1.816239316239316379e-02
0.000000000000000000e+00 2.798254985754985991e-01 7.697649572649573058e-01 1.050569800569800538e-02 1.228632478632478604e-02
0.000000000000000000e+00 2.418091168091168197e-01 7.696314102564102422e-01 1.460113960113960073e-02 1.201923076923076990e-02
0.000000000000000000e+00 2.399394586894586789e-01 7.809829059829059839e-01 1.371082621082621127e-02 1.175213675213675202e-02
0.000000000000000000e+00 5.321403133903134242e-01 1.869658119658119738e-03 4.807692307692307959e-03 2.670940170940170992e-03
0.000000000000000000e+00 5.083689458689458762e-01 5.074786324786324972e-03 8.903133903133903307e-03 5.341880341880341984e-03
0.000000000000000000e+00 5.065883190883191389e-01 9.481837606837606111e-03 6.410256410256410034e-03 5.608974358974358997e-03
0.000000000000000000e+00 5.110398860398860377e-01 1.495726495726495790e-02 1.246438746438746463e-02 1.121794871794871799e-02
0.000000000000000000e+00 5.084579772079772519e-01 2.256944444444444406e-02 9.437321937321937332e-03 8.279914529914529989e-03
0.000000000000000000e+00 5.079237891737892197e-01 3.258547008547008766e-02 9.437321937321937332e-03 8.547008547008547868e-03
0.000000000000000000e+00 5.073005698005698116e-01 4.487179487179487197e-02 8.903133903133903307e-03 7.478632478632478951e-03
0.000000000000000000e+00 5.078347578347578439e-01 5.181623931623931950e-02 1.032763532763532680e-02 5.341880341880341984e-03
0.000000000000000000e+00 5.085470085470085166e-01 5.622329059829059977e-02 1.032763532763532680e-02 6.143162393162393022e-03
0.000000000000000000e+00 5.082799145299145005e-01 6.209935897435897578e-02 1.299857549857549865e-02 1.148504273504273587e-02
0.000000000000000000e+00 5.299145299145299193e-01 6.944444444444444753e-02 5.341880341880341984e-03 1.175213675213675202e-02
0.000000000000000000e+00 5.295584045584045274e-01 8.346688034188033678e-02 5.341880341880341984e-03 1.736111111111111188e-02
0.000000000000000000e+00 5.289351851851852304e-01 1.124465811965811995e-01 5.519943019943019703e-03 1.282051282051282007e-02
0.000000000000000000e+00 5.072115384615384359e-01 7.465277777777777624e-02 1.086182336182336255e-02 1.041666666666666609e-02
0.000000000000000000e+00 5.062321937321937471e-01 8.133012820512820762e-02 9.615384615384615918e-03 7.745726495726495964e-03
0.000000000000000000e+00 5.071225071225071712e-01 8.774038461538460898e-02 1.139601139601139658e-02 8.814102564102564014e-03
0.000000000000000000e+00 5.067663817663817794e-01 9.428418803418803229e-02 1.068376068376068397e-02 6.944444444444444059e-03
0.000000000000000000e+00 5.065883190883191389e-01 9.935897435897435293e-02 1.032763532763532680e-02 7.478632478632478951e-03
0.000000000000000000e+00 5.048967236467236663e-01 1.055021367521367520e-01 9.081196581196581893e-03 5.876068376068376009e-03
0.000000000000000000e+00 5.054309116809116986e-01 1.123130341880341915e-01 1.014957264957264994e-02 9.348290598290598039e-03
0.000000000000000000e+00 5.040064102564102422e-01 1.192574786324786390e-01 9.437321937321937332e-03 7.211538461538461939e-03
0.000000000000000000e+00 5.024928774928775210e-01 1.256677350427350404e-01 6.410256410256410034e-03 7.745726495726495964e-03
0.000000000000000000e+00 5.031160968660968180e-01 1.323450854700854717e-01 7.656695156695156670e-03 6.143162393162393022e-03
0.000000000000000000e+00 5.027599715099715372e-01 1.383547008547008628e-01 9.081196581196581893e-03 8.012820512820512109e-03
0.000000000000000000e+00 5.250178062678062529e-01 2.148771367521367659e-01 5.876068376068376009e-03 1.469017094017094002e-02
0.000000000000000000e+00 5.251068376068376287e-01 2.302350427350427220e-01 6.054131054131053728e-03 1.495726495726495790e-02
0.000000000000000000e+00 5.248397435897436125e-01 2.495993589743589758e-01 5.876068376068376009e-03 1.469017094017094002e-02
0.000000000000000000e+00 5.000890313390313757e-01 2.341079059829059839e-01 1.264245014245014322e-02 8.279914529914529989e-03
0.000000000000000000e+00 5.003561253561253919e-01 2.483974358974359031e-01 1.139601139601139658e-02 9.081196581196581893e-03
0.000000000000000000e+00 4.985754985754985991e-01 2.626869658119658224e-01 1.210826210826210746e-02 9.882478632478632063e-03
0.000000000000000000e+00 4.976851851851851749e-01 2.706997863247863068e-01 1.175213675213675202e-02 9.348290598290598039e-03
0.000000000000000000e+00 4.982193732193732072e-01 2.777777777777777901e-01 1.210826210826210746e-02 1.014957264957264994e-02
0.000000000000000000e+00 4.983084045584045829e-01 2.859241452991452825e-01 1.406695156695156670e-02 9.882478632478632063e-03
0.000000000000000000e+00 4.978632478632478708e-01 3.354700854700854440e-01 1.282051282051282007e-02 1.121794871794871799e-02
0.000000000000000000e+00 4.940349002849002691e-01 3.490918803418803229e-01 1.264245014245014322e-02 1.014957264957264994e-02
0.000000000000000000e+00 5.209223646723646350e-01 3.673878205128205399e-01 6.588319088319088621e-03 1.522435897435897405e-02
0.000000000000000000e+00 5.207443019943019946e-01 3.830128205128205399e-01 5.876068376068376009e-03 1.442307692307692388e-02
0.000000000000000000e+00 4.926103988603988681e-01 3.814102564102563875e-01 1.121794871794871799e-02 1.068376068376068397e-02
0.000000000000000000e+00 4.917200854700854440e-01 4.073183760683760646e-01 1.157407407407407343e-02 9.615384615384615918e-03
0.000000000000000000e+00 4.908297720797720753e-01 4.166666666666666852e-01 1.193019943019943060e-02 9.081196581196581893e-03
0.000000000000000000e+00 4.915420227920228036e-01 4.254807692307692180e-01 1.193019943019943060e-02 1.068376068376068397e-02
0.000000000000000000e+00 4.900284900284900269e-01 4.420405982905982745e-01 1.210826210826210746e-02 1.014957264957264994e-02
0.000000000000000000e+00 4.886039886039886260e-01 4.622061965811966044e-01 1.282051282051282007e-02 1.095085470085470011e-02
0.000000000000000000e+00 4.900284900284900269e-01 4.795673076923077094e-01 1.531339031339031334e-02 1.201923076923076990e-02
0.000000000000000000e+00 4.892272079772079785e-01 4.870459401709401615e-01 1.299857549857549865e-02 8.814102564102564014e-03
0.000000000000000000e+00 4.910968660968660915e-01 4.958600427350427498e-01 1.388888888888888812e-02 1.255341880341880392e-02
0.000000000000000000e+00 4.875356125356125614e-01 5.054754273504273865e-01 1.424501424501424529e-02 1.095085470085470011e-02
0.000000000000000000e+00 4.875356125356125614e-01 5.154914529914529364e-01 1.388888888888888812e-02 1.068376068376068397e-02
0.000000000000000000e+00 4.892272079772079785e-01 5.249732905982905651e-01 1.549145299145299193e-02 1.362179487179487197e-02
0.000000000000000000e+00 4.848646723646723444e-01 5.349893162393162260e-01 9.971509971509971357e-03 1.068376068376068397e-02
0.000000000000000000e+00 4.857549857549857686e-01 5.443376068376067911e-01 1.210826210826210746e-02 1.014957264957264994e-02
0.000000000000000000e+00 6.858974358974359031e-01 5.291132478632478708e-01 1.103988603988603941e-02 1.388888888888888812e-02
0.000000000000000000e+00 6.950676638176638278e-01 5.253739316239316448e-01 1.371082621082621127e-02 1.442307692307692388e-02
0.000000000000000000e+00 7.072649572649573058e-01 5.233707264957264682e-01 1.566951566951567051e-02 1.522435897435897405e-02
0.000000000000000000e+00 7.336182336182336394e-01 5.120192307692307265e-01 1.602564102564102422e-02 1.442307692307692388e-02
0.000000000000000000e+00 7.858796296296296502e-01 4.921207264957264682e-01 2.297008547008547175e-02 2.377136752136752018e-02
0.000000000000000000e+00 6.571403133903134242e-01 6.904380341880341776e-01 1.050569800569800538e-02 1.923076923076923184e-02
0.000000000000000000e+00 6.501068376068376287e-01 7.301014957264957417e-01 1.246438746438746463e-02 1.148504273504273587e-02
0.000000000000000000e+00 6.717414529914529364e-01 7.104700854700854995e-01 1.762820512820512803e-02 1.655982905982905998e-02
0.000000000000000000e+00 6.744123931623932089e-01 6.832264957264957417e-01 1.050569800569800538e-02 1.709401709401709574e-02
0.000000000000000000e+00 6.803774928774928288e-01 6.806891025641025328e-01 1.068376068376068397e-02 1.629273504273504383e-02
0.000000000000000000e+00 7.125178062678062529e-01 6.669337606837606458e-01 9.793447293447292770e-03 1.602564102564102422e-02
0.000000000000000000e+00 6.441417378917378977e-01 9.206730769230768718e-01 9.793447293447292770e-03 2.083333333333333218e-02
0.000000000000000000e+00 7.561431623931623713e-01 6.519764957264957417e-01 1.121794871794871799e-02 1.816239316239316379e-02
0.000000000000000000e+00 7.640669515669515910e-01 6.487713675213675479e-01 1.068376068376068397e-02 1.816239316239316379e-02
0.000000000000000000e+00 7.714565527065526673e-01 6.448985042735042583e-01 1.086182336182336255e-02 1.682692307692307612e-02
0.000000000000000000e+00 7.854344729344728826e-01 6.375534188034187588e-01 1.032763532763532680e-02 1.655982905982905998e-02
0.000000000000000000e+00 7.928240740740740700e-01 6.340811965811965489e-01 9.793447293447292770e-03 1.709401709401709574e-02
0.000000000000000000e+00 7.999465811965812412e-01 6.315438034188034511e-01 9.437321937321937332e-03 1.736111111111111188e-02
0.000000000000000000e+00 8.159722222222222099e-01 6.248664529914529364e-01 1.193019943019943060e-02 2.003205128205128374e-02
0.000000000000000000e+00 8.302172364672364413e-01 6.209935897435897578e-01 1.157407407407407343e-02 1.923076923076923184e-02
0.000000000000000000e+00 8.431267806267805920e-01 6.143162393162393542e-01 1.210826210826210746e-02 1.762820512820512803e-02
0.000000000000000000e+00 8.506944444444444198e-01 6.101762820512820484e-01 1.121794871794871799e-02 1.789529914529914417e-02
0.000000000000000000e+00 8.583511396011396233e-01 6.084401709401708880e-01 1.335470085470085409e-02 1.923076923076923184e-02
0.000000000000000000e+00 8.652955840455840431e-01 6.047008547008546619e-01 1.264245014245014322e-02 1.816239316239316379e-02
0.000000000000000000e+00 7.473290598290598385e-01 8.887553418803418870e-01 1.780626780626780661e-02 1.308760683760683795e-02
0.000000000000000000e+00 7.475961538461538547e-01 9.033119658119658224e-01 1.691595441595441715e-02 1.442307692307692388e-02
0.000000000000000000e+00 7.974537037037037202e-01 9.017094017094017255e-01 1.691595441595441715e-02 1.282051282051282007e-02
0.000000000000000000e+00 8.151709401709401615e-01 9.019764957264957417e-01 1.531339031339031334e-02 1.228632478632478604e-02
0.000000000000000000e+00 7.993233618233618332e-01 9.237446581196581130e-01 1.709401709401709574e-02 9.882478632478632063e-03
0.000000000000000000e+00 8.166844729344728826e-01 9.248130341880341776e-01 1.549145299145299193e-02 7.745726495726495964e-03
0.000000000000000000e+00 8.730413105413105113e-01 8.928952991452991927e-01 1.638176638176638139e-02 1.388888888888888812e-02
0.000000000000000000e+00 8.774928774928775210e-01 9.168002136752136932e-01 1.673789173789173856e-02 1.522435897435897405e-02
0.000000000000000000e+00 8.848824786324785974e-01 9.416399572649573058e-01 9.081196581196581893e-03 1.415598290598290600e-02
0.000000000000000000e+00 8.863960113960114295e-01 9.539262820512820484e-01 9.259259259259258745e-03 1.255341880341880392e-02
0.000000000000000000e+00 9.150641025641025328e-01 8.940972222222222099e-01 1.566951566951567051e-02 1.255341880341880392e-02
0.000000000000000000e+00 9.182692307692307265e-01 9.163995726495726135e-01 1.602564102564102422e-02 1.282051282051282007e-02
0.000000000000000000e+00 9.204059829059828557e-01 9.296207264957264682e-01 1.424501424501424529e-02 1.308760683760683795e-02
0.000000000000000000e+00 9.233440170940171443e-01 9.428418803418803229e-01 1.655982905982905998e-02 1.282051282051282007e-02
0.000000000000000000e+00 9.244123931623932089e-01 9.547275641025640969e-01 1.584757834757834910e-02 1.362179487179487197e-02
0.000000000000000000e+00 9.260149572649573058e-01 9.676816239316239354e-01 1.513532763532763475e-02 1.442307692307692388e-02
0.000000000000000000e+00 9.383903133903134242e-01 9.305555555555555802e-01 1.460113960113960073e-02 1.335470085470085409e-02
0.000000000000000000e+00 9.412393162393162260e-01 9.425747863247863068e-01 1.745014245014244944e-02 1.335470085470085409e-02
0.000000000000000000e+00 9.413283475783476018e-01 9.551282051282051766e-01 1.513532763532763475e-02 1.175213675213675202e-02
0.000000000000000000e+00 9.441773504273504036e-01 9.680822649572649041e-01 1.477920227920227932e-02 1.308760683760683795e-02
0.000000000000000000e+00 9.699964387464387050e-01 8.882211538461538547e-01 1.798433048433048520e-02 1.255341880341880392e-02
0.000000000000000000e+00 9.803240740740740700e-01 9.346955128205127750e-01 1.549145299145299193e-02 1.308760683760683795e-02
0.000000000000000000e+00 8.879095441595441507e-01 7.242254273504273865e-01 1.335470085470085409e-02 1.896367521367521222e-02
0.000000000000000000e+00 8.963675213675214026e-01 7.203525641025640969e-01 1.317663817663817724e-02 1.869658119658119608e-02
0.000000000000000000e+00 9.037571225071224790e-01 7.163461538461538547e-01 1.050569800569800538e-02 1.709401709401709574e-02
0.000000000000000000e+00 9.127492877492877632e-01 7.126068376068376287e-01 1.103988603988603941e-02 1.709401709401709574e-02
0.000000000000000000e+00 9.460470085470085166e-01 7.025908119658119677e-01 7.122507122507122646e-03 1.362179487179487197e-02
0.000000000000000000e+00 9.528133903133902960e-01 6.968482905982905651e-01 6.766381766381766340e-03 1.282051282051282007e-02
0.000000000000000000e+00 9.593126780626780592e-01 6.920405982905982745e-01 1.014957264957264994e-02 1.762820512820512803e-02
0.000000000000000000e+00 9.683048433048433434e-01 6.903044871794872250e-01 1.175213675213675202e-02 1.896367521367521222e-02
0.000000000000000000e+00 7.895299145299145005e-01 4.006410256410256054e-03 6.054131054131053728e-03 6.944444444444444059e-03
0.000000000000000000e+00 7.439458689458688934e-01 7.612179487179487024e-03 5.698005698005698290e-03 1.095085470085470011e-02
0.000000000000000000e+00 7.476851851851852304e-01 1.749465811965811995e-02 9.971509971509971357e-03 7.745726495726495964e-03
0.000000000000000000e+00 7.483084045584045274e-01 2.403846153846153980e-02 1.014957264957264994e-02 8.012820512820512109e-03
0.000000000000000000e+00 7.455484330484331013e-01 4.660790598290598385e-02 7.834757834757835257e-03 1.415598290598290600e-02
0.000000000000000000e+00 7.488425925925925597e-01 5.782585470085470358e-02 6.944444444444444059e-03 1.201923076923076990e-02
0.000000000000000000e+00 7.397613960113960108e-01 6.463675213675214304e-02 8.012820512820512109e-03 1.335470085470085409e-02
0.000000000000000000e+00 7.579237891737892197e-01 8.279914529914529642e-02 6.944444444444444059e-03 1.014957264957264994e-02
0.000000000000000000e+00 7.596153846153845812e-01 1.173878205128205121e-01 5.698005698005698290e-03 1.041666666666666609e-02
0.000000000000000000e+00 7.581018518518518601e-01 1.284722222222222099e-01 5.876068376068376009e-03 1.228632478632478604e-02
0.000000000000000000e+00 7.572115384615384359e-01 1.435630341880341776e-01 6.232193732193732315e-03 1.575854700854700807e-02
0.000000000000000000e+00 8.021723646723646350e-01 2.589476495726495964e-01 6.766381766381766340e-03 1.362179487179487197e-02
0.000000000000000000e+00 8.089387464387464144e-01 2.586805555555555802e-01 6.766381766381766340e-03 1.362179487179487197e-02
0.000000000000000000e+00 8.161502849002848503e-01 2.584134615384615641e-01 6.944444444444444059e-03 1.682692307692307612e-02
0.000000000000000000e+00 8.015491452991453381e-01 2.889957264957264682e-01 1.121794871794871799e-02 1.014957264957264994e-02
0.000000000000000000e+00 8.043981481481481399e-01 3.031517094017093794e-01 1.406695156695156670e-02 1.014957264957264994e-02
0.000000000000000000e+00 7.850783475783476018e-01 3.072916666666666852e-01 7.834757834757835257e-03 1.522435897435897405e-02
0.000000000000000000e+00 7.895299145299145005e-01 3.253205128205128305e-01 7.834757834757835257e-03 1.442307692307692388e-02
0.000000000000000000e+00 8.081374643874643660e-01 3.230502136752136932e-01 1.228632478632478604e-02 9.882478632478632063e-03
0.000000000000000000e+00 8.103632478632478708e-01 3.372061965811966044e-01 1.175213675213675202e-02 8.814102564102564014e-03
0.000000000000000000e+00 8.120548433048433434e-01 3.440170940170940161e-01 1.121794871794871799e-02 9.081196581196581893e-03
0.000000000000000000e+00 8.118767806267805920e-01 3.522970085470085722e-01 1.228632478632478604e-02 1.121794871794871799e-02
0.000000000000000000e+00 7.972756410256410797e-01 3.599091880341880323e-01 8.725071225071224720e-03 1.629273504273504383e-02
0.000000000000000000e+00 8.131232193732194080e-01 3.663194444444444198e-01 1.086182336182336255e-02 9.348290598290598039e-03
0.000000000000000000e+00 8.149928774928775210e-01 3.740651709401709435e-01 1.139601139601139658e-02 9.882478632478632063e-03
0.000000000000000000e+00 8.170405982905982745e-01 3.830128205128205399e-01 1.442307692307692388e-02 1.068376068376068397e-02
0.000000000000000000e+00 8.200676638176638278e-01 4.027777777777777901e-01 1.050569800569800538e-02 9.615384615384615918e-03
0.000000000000000000e+00 8.214031339031339085e-01 4.111912393162392987e-01 1.495726495726495790e-02 1.095085470085470011e-02
0.000000000000000000e+00 8.042200854700854995e-01 4.134615384615384359e-01 6.944444444444444059e-03 1.602564102564102422e-02
0.000000000000000000e+00 9.398148148148147696e-01 5.914797008547008073e-01 1.424501424501424529e-02 1.415598290598290600e-02
0.000000000000000000e+00 9.918981481481481399e-01 5.723824786324785974e-01 1.549145299145299193e-02 1.549145299145299193e-02
0.000000000000000000e+00 8.349358974358974672e-01 1.639957264957264960e-01 8.903133903133903307e-03 1.549145299145299193e-02
0.000000000000000000e+00 9.272613960113960108e-01 6.169871794871795156e-02 8.012820512820512109e-03 1.388888888888888812e-02
0.000000000000000000e+00 9.256588319088319139e-01 3.205128205128205017e-03 6.588319088319088621e-03 4.807692307692307959e-03
0.000000000000000000e+00 9.354522792022792466e-01 2.309027777777777901e-01 1.264245014245014322e-02 8.279914529914529989e-03
0.000000000000000000e+00 9.367877492877493273e-01 2.378472222222222099e-01 1.103988603988603941e-02 8.814102564102564014e-03
0.000000000000000000e+00 9.416844729344728826e-01 2.549412393162392987e-01 1.121794871794871799e-02 9.348290598290598039e-03
0.000000000000000000e+00 9.453347578347578439e-01 2.807158119658119677e-01 1.210826210826210746e-02 9.081196581196581893e-03
0.000000000000000000e+00 9.504985754985755264e-01 3.010149572649572502e-01 1.388888888888888812e-02 9.615384615384615918e-03
0.000000000000000000e+00 9.569088319088319139e-01 3.123664529914529919e-01 1.317663817663817724e-02 1.095085470085470011e-02
0.000000000000000000e+00 9.604700854700854995e-01 3.265224358974359031e-01 1.388888888888888812e-02 1.095085470085470011e-02
0.000000000000000000e+00 9.862001424501424252e-01 3.955662393162392987e-01 1.121794871794871799e-02 9.615384615384615918e-03
0.000000000000000000e+00 9.959045584045583821e-01 4.309561965811966044e-01 7.834757834757835257e-03 9.882478632478632063e-03
