0.000000000000000000e+00 2.314814814814814686e-03 2.211538461538461453e-01 3.917378917378917629e-03 9.615384615384615918e-03
0.000000000000000000e+00 1.718304843304843330e-02 2.465277777777777901e-01 9.793447293447292770e-03 1.175213675213675202e-02
0.000000000000000000e+00 1.460113960113960073e-02 2.291666666666666574e-01 1.139601139601139658e-02 1.282051282051282007e-02
0.000000000000000000e+00 1.504629629629629546e-02 2.047275641025640969e-01 1.121794871794871799e-02 1.308760683760683795e-02
0.000000000000000000e+00 2.617521367521367590e-02 1.933760683760683829e-01 9.971509971509971357e-03 1.282051282051282007e-02
0.000000000000000000e+00 3.552350427350427220e-02 1.838942307692307820e-01 9.793447293447292770e-03 1.255341880341880392e-02
0.000000000000000000e+00 1.981837606837606736e-01 1.415598290598290565e-01 7.478632478632478951e-03 9.081196581196581893e-03
0.000000000000000000e+00 2.145655270655270619e-01 1.531784188034188143e-01 1.175213675213675202e-02 1.041666666666666609e-02
0.000000000000000000e+00 2.266737891737891641e-01 1.647970085470085444e-01 1.032763532763532680e-02 9.081196581196581893e-03
0.000000000000000000e+00 2.332621082621082753e-01 1.713408119658119677e-01 1.032763532763532680e-02 8.279914529914529989e-03
0.000000000000000000e+00 2.410968660968660915e-01 1.765491452991453103e-01 1.317663817663817724e-02 8.012820512820512109e-03
0.000000000000000000e+00 2.459935897435897301e-01 1.821581196581196493e-01 1.157407407407407343e-02 8.547008547008547868e-03
0.000000000000000000e+00 2.703881766381766583e-01 2.009882478632478708e-01 9.793447293447292770e-03 9.882478632478632063e-03
0.000000000000000000e+00 2.741274928774928843e-01 2.073985042735042861e-01 1.086182336182336255e-02 8.814102564102564014e-03
0.000000000000000000e+00 3.143696581196581130e-01 2.331730769230769273e-01 9.437321937321937332e-03 1.068376068376068397e-02
0.000000000000000000e+00 7.122507122507122646e-02 6.654647435897436125e-01 1.851851851851851749e-02 2.751068376068376009e-02
0.000000000000000000e+00 1.034544159544159569e-01 3.364049145299145560e-01 1.103988603988603941e-02 1.362179487179487197e-02
0.000000000000000000e+00 1.236645299145299193e-01 3.580395299145299193e-01 1.264245014245014322e-02 1.629273504273504383e-02
0.000000000000000000e+00 1.493945868945869004e-01 3.832799145299145560e-01 1.068376068376068397e-02 1.335470085470085409e-02
0.000000000000000000e+00 1.339031339031339085e-01 3.235844017094017255e-01 4.985754985754985678e-03 9.882478632478632063e-03
0.000000000000000000e+00 1.665776353276353372e-01 2.788461538461538547e-01 6.944444444444444059e-03 1.709401709401709574e-02
0.000000000000000000e+00 1.746794871794871695e-01 2.808493589743589758e-01 6.054131054131053728e-03 1.308760683760683795e-02
0.000000000000000000e+00 1.810897435897435848e-01 2.833867521367521292e-01 6.054131054131053728e-03 1.228632478632478604e-02
0.000000000000000000e+00 1.878561253561253641e-01 2.852564102564102422e-01 6.054131054131053728e-03 1.442307692307692388e-02
0.000000000000000000e+00 2.016559829059829112e-01 2.922008547008547175e-01 7.300569800569800365e-03 1.442307692307692388e-02
0.000000000000000000e+00 2.103810541310541238e-01 2.954059829059829112e-01 6.232193732193732315e-03 1.228632478632478604e-02
0.000000000000000000e+00 2.237357549857549865e-01 3.007478632478632341e-01 6.232193732193732315e-03 1.335470085470085409e-02
0.000000000000000000e+00 2.313034188034188143e-01 3.027510683760683552e-01 5.698005698005698290e-03 1.308760683760683795e-02
0.000000000000000000e+00 1.858974358974359031e-01 3.607104700854700807e-01 1.282051282051282007e-02 1.255341880341880392e-02
0.000000000000000000e+00 1.940883190883190834e-01 3.191773504273504036e-01 1.068376068376068397e-02 1.388888888888888812e-02
0.000000000000000000e+00 2.021901709401709435e-01 3.218482905982906206e-01 1.228632478632478604e-02 1.388888888888888812e-02
0.000000000000000000e+00 2.091346153846153910e-01 3.262553418803418870e-01 1.050569800569800538e-02 1.308760683760683795e-02
0.000000000000000000e+00 2.335292022792022915e-01 3.287927350427350404e-01 8.725071225071224720e-03 1.121794871794871799e-02
0.000000000000000000e+00 2.327279202279202153e-01 4.353632478632478708e-01 1.103988603988603941e-02 1.335470085470085409e-02
0.000000000000000000e+00 2.490206552706552834e-01 4.241452991452991372e-01 1.121794871794871799e-02 1.549145299145299193e-02
0.000000000000000000e+00 3.163283475783476018e-01 5.478098290598291120e-01 1.086182336182336255e-02 1.495726495726495790e-02
0.000000000000000000e+00 3.517628205128205399e-01 6.160523504273504036e-01 1.264245014245014322e-02 2.163461538461538408e-02
0.000000000000000000e+00 3.612891737891738009e-01 6.403579059829059839e-01 9.615384615384615918e-03 2.270299145299145213e-02
0.000000000000000000e+00 3.333333333333333148e-01 6.629273504273504036e-01 1.495726495726495790e-02 1.228632478632478604e-02
0.000000000000000000e+00 3.446403133903133686e-01 6.989850427350426942e-01 1.513532763532763475e-02 1.175213675213675202e-02
0.000000000000000000e+00 3.530982905982906206e-01 7.268963675213675479e-01 1.424501424501424529e-02 1.201923076923076990e-02
0.000000000000000000e+00 3.725961538461538547e-01 7.612179487179486781e-01 1.050569800569800538e-02 1.923076923076923184e-02
0.000000000000000000e+00 3.665420227920228036e-01 7.844551282051281937e-01 7.300569800569800365e-03 1.121794871794871799e-02
0.000000000000000000e+00 3.876424501424501345e-01 8.007478632478632896e-01 1.246438746438746463e-02 1.923076923076923184e-02
0.000000000000000000e+00 4.035790598290598385e-01 8.547008547008547868e-03 9.437321937321937332e-03 8.012820512820512109e-03
0.000000000000000000e+00 4.465811965811966044e-01 2.276976495726495686e-01 6.054131054131053728e-03 1.415598290598290600e-02
0.000000000000000000e+00 4.342948717948718063e-01 2.343750000000000000e-01 1.210826210826210746e-02 1.201923076923076990e-02
0.000000000000000000e+00 4.308226495726495964e-01 2.406517094017094072e-01 1.228632478632478604e-02 1.121794871794871799e-02
0.000000000000000000e+00 4.224537037037037202e-01 2.522702991452991372e-01 1.050569800569800538e-02 9.882478632478632063e-03
0.000000000000000000e+00 4.197827635327635587e-01 2.592147435897436125e-01 1.406695156695156670e-02 1.308760683760683795e-02
0.000000000000000000e+00 4.093660968660968735e-01 2.775106837606837740e-01 1.317663817663817724e-02 1.228632478632478604e-02
0.000000000000000000e+00 4.674145299145299193e-01 3.070245726495726690e-01 1.103988603988603941e-02 9.882478632478632063e-03
0.000000000000000000e+00 4.034900284900284628e-01 6.233974358974359031e-01 7.478632478632478951e-03 1.976495726495726413e-02
0.000000000000000000e+00 4.107905982905982745e-01 6.228632478632478708e-01 6.766381766381766340e-03 1.762820512820512803e-02
0.000000000000000000e+00 4.190705128205128305e-01 6.233974358974359031e-01 6.588319088319088621e-03 1.976495726495726413e-02
0.000000000000000000e+00 4.273504273504273310e-01 6.228632478632478708e-01 6.410256410256410034e-03 1.709401709401709574e-02
0.000000000000000000e+00 4.358084045584045829e-01 6.232638888888888395e-01 6.588319088319088621e-03 1.789529914529914417e-02
0.000000000000000000e+00 5.448717948717948234e-01 6.820245726495726135e-01 1.388888888888888812e-02 1.789529914529914417e-02
0.000000000000000000e+00 5.498575498575498655e-01 6.907051282051281937e-01 1.353276353276353268e-02 1.709401709401709574e-02
0.000000000000000000e+00 5.576032763532763337e-01 6.968482905982905651e-01 9.793447293447292770e-03 1.335470085470085409e-02
0.000000000000000000e+00 5.338319088319087857e-01 7.747061965811965489e-01 8.190883190883190695e-03 1.896367521367521222e-02
0.000000000000000000e+00 5.465633903133902960e-01 7.502670940170940161e-01 1.513532763532763475e-02 1.175213675213675202e-02
0.000000000000000000e+00 5.689102564102563875e-01 7.548076923076922906e-01 8.547008547008547868e-03 1.816239316239316379e-02
0.000000000000000000e+00 5.777243589743589203e-01 7.402510683760683552e-01 1.584757834757834910e-02 1.308760683760683795e-02
0.000000000000000000e+00 5.985576923076922906e-01 7.427884615384615641e-01 8.012820512820512109e-03 1.228632478632478604e-02
0.000000000000000000e+00 5.948183760683760646e-01 9.798344017094017255e-01 1.406695156695156670e-02 2.430555555555555594e-02
0.000000000000000000e+00 5.836894586894586512e-01 9.456463675213675479e-01 1.317663817663817724e-02 1.522435897435897405e-02
0.000000000000000000e+00 6.032763532763533165e-01 9.241452991452991927e-01 2.386039886039886121e-02 3.098290598290598385e-02
0.000000000000000000e+00 6.457443019943019946e-01 8.847489316239316448e-01 1.727207977207977085e-02 1.896367521367521222e-02
0.000000000000000000e+00 4.960826210826210780e-01 3.071581196581196511e-03 1.139601139601139658e-02 5.608974358974358997e-03
0.000000000000000000e+00 5.129985754985755264e-01 1.762820512820512803e-02 6.054131054131053728e-03 6.944444444444444059e-03
0.000000000000000000e+00 5.700676638176638278e-01 4.606036324786324521e-01 1.371082621082621127e-02 1.255341880341880392e-02
0.000000000000000000e+00 6.630163817663817794e-01 7.067307692307692735e-01 1.264245014245014322e-02 1.335470085470085409e-02
0.000000000000000000e+00 6.988960113960114295e-01 7.532051282051281937e-01 7.478632478632478951e-03 1.762820512820512803e-02
0.000000000000000000e+00 7.023682336182336394e-01 7.759081196581196771e-01 1.086182336182336255e-02 2.457264957264957209e-02
0.000000000000000000e+00 7.316595441595441507e-01 7.991452991452991927e-01 1.887464387464387466e-02 1.388888888888888812e-02
0.000000000000000000e+00 6.300747863247863068e-01 4.139957264957264994e-03 4.807692307692307959e-03 6.143162393162393022e-03
0.000000000000000000e+00 6.374643874643874941e-01 4.674145299145299019e-03 4.629629629629629373e-03 7.211538461538461939e-03
0.000000000000000000e+00 6.441417378917378977e-01 5.074786324786324972e-03 4.807692307692307959e-03 8.547008547008547868e-03
0.000000000000000000e+00 6.501958689458688934e-01 5.475427350427350057e-03 4.451566951566951653e-03 9.348290598290598039e-03
0.000000000000000000e+00 6.311431623931623713e-01 2.844551282051282007e-02 5.163817663817663398e-03 7.211538461538461939e-03
0.000000000000000000e+00 6.601673789173788665e-01 3.418803418803419147e-02 4.807692307692307959e-03 1.121794871794871799e-02
0.000000000000000000e+00 6.793091168091167642e-01 9.615384615384615918e-03 5.341880341880341984e-03 1.175213675213675202e-02
0.000000000000000000e+00 6.789529914529914834e-01 2.136752136752136967e-03 4.273504273504273934e-03 2.670940170940170992e-03
0.000000000000000000e+00 7.024572649572649041e-01 2.964743589743589619e-02 4.985754985754985678e-03 1.388888888888888812e-02
0.000000000000000000e+00 6.745904558404558493e-01 1.056356837606837601e-01 5.519943019943019703e-03 1.469017094017094002e-02
0.000000000000000000e+00 6.740562678062678170e-01 1.209935897435897439e-01 5.163817663817663398e-03 1.442307692307692388e-02
0.000000000000000000e+00 6.427172364672364413e-01 1.216613247863247843e-01 5.163817663817663398e-03 1.148504273504273587e-02
0.000000000000000000e+00 6.493055555555555802e-01 1.209935897435897439e-01 4.807692307692307959e-03 8.012820512820512109e-03
0.000000000000000000e+00 6.727207977207977363e-01 1.593215811965811857e-01 5.341880341880341984e-03 1.201923076923076990e-02
0.000000000000000000e+00 6.719195156695156879e-01 1.725427350427350404e-01 5.519943019943019703e-03 1.335470085470085409e-02
0.000000000000000000e+00 6.218839031339031820e-01 2.160790598290598385e-01 5.876068376068376009e-03 1.282051282051282007e-02
0.000000000000000000e+00 6.290064102564102422e-01 2.174145299145299193e-01 6.232193732193732315e-03 1.175213675213675202e-02
0.000000000000000000e+00 6.491274928774928288e-01 2.195512820512820484e-01 5.876068376068376009e-03 1.175213675213675202e-02
0.000000000000000000e+00 6.695156695156695426e-01 2.170138888888888951e-01 5.698005698005698290e-03 1.362179487179487197e-02
0.000000000000000000e+00 6.954237891737892197e-01 2.506677350427350404e-01 6.944444444444444059e-03 1.736111111111111188e-02
0.000000000000000000e+00 6.647970085470085166e-01 3.040865384615384359e-01 6.232193732193732315e-03 1.469017094017094002e-02
0.000000000000000000e+00 7.171474358974359031e-01 3.770032051282051211e-01 1.406695156695156670e-02 1.095085470085470011e-02
0.000000000000000000e+00 7.161680911680912143e-01 4.499198717948718063e-01 1.495726495726495790e-02 1.041666666666666609e-02
0.000000000000000000e+00 8.287037037037037202e-01 4.273504273504273934e-03 6.410256410256410034e-03 5.876068376068376009e-03
0.000000000000000000e+00 8.000356125356125059e-01 4.220085470085470358e-02 9.971509971509971357e-03 8.547008547008547868e-03
0.000000000000000000e+00 8.015491452991453381e-01 5.235042735042735179e-02 1.050569800569800538e-02 8.547008547008547868e-03
0.000000000000000000e+00 9.135505698005698116e-01 5.675747863247863206e-02 9.793447293447292770e-03 8.814102564102564014e-03
0.000000000000000000e+00 8.944978632478632896e-01 8.680555555555555247e-02 6.232193732193732315e-03 8.012820512820512109e-03
0.000000000000000000e+00 8.963675213675214026e-01 9.802350427350427220e-02 5.698005698005698290e-03 5.341880341880341984e-03
0.000000000000000000e+00 9.238782051282051766e-01 1.120459401709401753e-01 1.228632478632478604e-02 8.814102564102564014e-03
0.000000000000000000e+00 9.258368945868945543e-01 1.216613247863247843e-01 1.264245014245014322e-02 8.814102564102564014e-03
0.000000000000000000e+00 9.265491452991453381e-01 1.324786324786324798e-01 1.050569800569800538e-02 8.012820512820512109e-03
0.000000000000000000e+00 9.036680911680912143e-01 1.435630341880341776e-01 6.410256410256410034e-03 6.677350427350427046e-03
0.000000000000000000e+00 9.041132478632478708e-01 1.499732905982905928e-01 8.725071225071224720e-03 6.143162393162393022e-03
0.000000000000000000e+00 9.031339031339031820e-01 1.569177350427350404e-01 9.971509971509971357e-03 8.814102564102564014e-03
0.000000000000000000e+00 9.342058404558404305e-01 1.630608974358974395e-01 1.299857549857549865e-02 8.279914529914529989e-03
0.000000000000000000e+00 8.944978632478632896e-01 1.973824786324786251e-01 6.232193732193732315e-03 1.282051282051282007e-02
0.000000000000000000e+00 8.479344729344728826e-01 1.929754273504273587e-01 5.698005698005698290e-03 9.882478632478632063e-03
0.000000000000000000e+00 8.271011396011396233e-01 1.933760683760683829e-01 6.054131054131053728e-03 1.175213675213675202e-02
0.000000000000000000e+00 7.939814814814815103e-01 1.924412393162393264e-01 4.985754985754985678e-03 1.041666666666666609e-02
0.000000000000000000e+00 8.205128205128204844e-01 1.937767094017094072e-01 5.698005698005698290e-03 1.148504273504273587e-02
0.000000000000000000e+00 8.066239316239316448e-01 1.913728632478632341e-01 4.629629629629629373e-03 6.677350427350427046e-03
0.000000000000000000e+00 7.866809116809116986e-01 1.943108974358974395e-01 4.985754985754985678e-03 6.143162393162393022e-03
0.000000000000000000e+00 7.981659544159543929e-01 3.774038461538461453e-01 1.193019943019943060e-02 1.014957264957264994e-02
0.000000000000000000e+00 9.530804843304843121e-01 2.590811965811966044e-01 1.050569800569800538e-02 6.944444444444444059e-03
0.000000000000000000e+00 9.579772079772079785e-01 2.828525641025640969e-01 1.068376068376068397e-02 1.014957264957264994e-02
0.000000000000000000e+00 9.301994301994301884e-01 2.962072649572649596e-01 6.766381766381766340e-03 9.081196581196581893e-03
0.000000000000000000e+00 9.299323361823361722e-01 3.050213675213675479e-01 9.437321937321937332e-03 8.012820512820512109e-03
0.000000000000000000e+00 9.622507122507122368e-01 3.126335470085470081e-01 1.282051282051282007e-02 8.814102564102564014e-03
0.000000000000000000e+00 9.667913105413105113e-01 3.285256410256410242e-01 1.228632478632478604e-02 1.068376068376068397e-02
0.000000000000000000e+00 9.659900284900284628e-01 3.445512820512820484e-01 6.766381766381766340e-03 7.478632478632478951e-03
0.000000000000000000e+00 9.824608262108261991e-01 4.031784188034188143e-01 1.264245014245014322e-02 8.814102564102564014e-03
0.000000000000000000e+00 9.852207977207977363e-01 4.123931623931623713e-01 1.282051282051282007e-02 9.615384615384615918e-03
0.000000000000000000e+00 9.917200854700854995e-01 4.342948717948718063e-01 6.944444444444444059e-03 4.807692307692307959e-03
0.000000000000000000e+00 9.900284900284900269e-01 4.464476495726495964e-01 1.353276353276353268e-02 8.814102564102564014e-03
0.000000000000000000e+00 9.924323361823361722e-01 4.547275641025640969e-01 1.228632478632478604e-02 1.041666666666666609e-02
0.000000000000000000e+00 9.958155270655271174e-01 4.989316239316239354e-01 7.656695156695156670e-03 8.547008547008547868e-03
0.000000000000000000e+00 9.115028490028490582e-01 6.009615384615384359e-01 1.388888888888888812e-02 1.388888888888888812e-02
0.000000000000000000e+00 9.284188034188034511e-01 6.115117521367521292e-01 1.566951566951567051e-02 1.469017094017094002e-02
0.000000000000000000e+00 9.472934472934473327e-01 6.637286324786324521e-01 1.460113960113960073e-02 1.388888888888888812e-02
0.000000000000000000e+00 9.918981481481481399e-01 8.652510683760683552e-01 1.477920227920227932e-02 1.682692307692307612e-02
