0.000000000000000000e+00 5.074786324786324972e-03 1.363514957264957139e-01 7.300569800569800365e-03 9.882478632478632063e-03
0.000000000000000000e+00 3.507834757834758094e-02 2.791132478632478778e-02 9.259259259259258745e-03 9.882478632478632063e-03
0.000000000000000000e+00 9.009971509971509418e-02 1.065705128205128166e-01 7.834757834757835257e-03 5.876068376068376009e-03
0.000000000000000000e+00 1.175213675213675202e-01 9.668803418803419147e-02 1.139601139601139658e-02 1.121794871794871799e-02
0.000000000000000000e+00 1.067485754985754987e-01 1.406250000000000000e-01 4.095441595441595348e-03 9.348290598290598039e-03
0.000000000000000000e+00 1.147613960113960108e-01 1.505074786324786251e-01 6.588319088319088621e-03 1.522435897435897405e-02
0.000000000000000000e+00 1.214387464387464421e-01 1.489049145299145283e-01 7.122507122507122646e-03 1.629273504273504383e-02
0.000000000000000000e+00 1.269586894586894610e-01 1.356837606837606736e-01 6.054131054131053728e-03 1.228632478632478604e-02
0.000000000000000000e+00 1.787749287749287874e-01 8.333333333333332871e-02 4.985754985754985678e-03 8.547008547008547868e-03
0.000000000000000000e+00 1.804665242165242045e-01 1.069711538461538408e-01 5.519943019943019703e-03 1.201923076923076990e-02
0.000000000000000000e+00 1.919515669515669543e-01 1.185897435897435848e-01 1.210826210826210746e-02 1.335470085470085409e-02
0.000000000000000000e+00 2.040598290598290565e-01 1.271367521367521292e-01 1.495726495726495790e-02 9.081196581196581893e-03
0.000000000000000000e+00 2.148326210826210780e-01 1.330128205128205121e-01 1.014957264957264994e-02 6.944444444444444059e-03
0.000000000000000000e+00 2.308582621082621023e-01 1.436965811965811857e-01 1.014957264957264994e-02 1.014957264957264994e-02
0.000000000000000000e+00 3.383190883190883170e-03 4.337606837606837740e-01 5.698005698005698290e-03 8.547008547008547868e-03
0.000000000000000000e+00 2.172364672364672511e-02 4.113247863247863068e-01 1.175213675213675202e-02 1.175213675213675202e-02
0.000000000000000000e+00 3.071581196581196424e-02 4.003739316239316448e-01 9.081196581196581893e-03 9.615384615384615918e-03
0.000000000000000000e+00 3.712606837606837601e-02 3.916933760683760646e-01 8.725071225071224720e-03 9.882478632478632063e-03
0.000000000000000000e+00 4.602920227920227758e-02 3.822115384615384359e-01 9.793447293447292770e-03 1.068376068376068397e-02
0.000000000000000000e+00 4.762286324786324521e-01 1.254006410256410242e-01 8.368945868945869282e-03 9.882478632478632063e-03
0.000000000000000000e+00 4.977742165242165506e-01 1.428952991452991372e-01 1.086182336182336255e-02 8.547008547008547868e-03
0.000000000000000000e+00 5.145121082621082476e-01 1.537126068376068466e-01 1.193019943019943060e-02 9.882478632478632063e-03
0.000000000000000000e+00 5.288461538461538547e-01 1.658653846153846090e-01 9.971509971509971357e-03 9.081196581196581893e-03
0.000000000000000000e+00 5.366809116809116986e-01 1.718750000000000000e-01 1.139601139601139658e-02 9.348290598290598039e-03
0.000000000000000000e+00 5.437143874643874941e-01 1.774839743589743668e-01 1.014957264957264994e-02 8.279914529914529989e-03
0.000000000000000000e+00 5.511930199430199462e-01 1.829594017094016978e-01 1.121794871794871799e-02 8.547008547008547868e-03
0.000000000000000000e+00 5.798611111111111605e-01 2.009882478632478708e-01 7.300569800569800365e-03 8.814102564102564014e-03
0.000000000000000000e+00 5.832443019943019946e-01 2.077991452991453103e-01 1.121794871794871799e-02 9.615384615384615918e-03
0.000000000000000000e+00 6.279380341880341776e-01 2.338408119658119677e-01 1.050569800569800538e-02 1.148504273504273587e-02
0.000000000000000000e+00 6.769052706552706189e-01 6.543803418803418974e-03 9.437321937321937332e-03 8.279914529914529989e-03
0.000000000000000000e+00 7.892628205128204844e-01 1.549145299145299193e-02 9.793447293447292770e-03 8.547008547008547868e-03
0.000000000000000000e+00 7.581908831908832358e-01 2.275641025641025605e-01 7.122507122507122646e-03 1.442307692307692388e-02
0.000000000000000000e+00 7.465277777777777901e-01 2.345085470085470081e-01 1.264245014245014322e-02 1.121794871794871799e-02
0.000000000000000000e+00 7.447471509971509418e-01 2.407852564102564152e-01 1.299857549857549865e-02 1.148504273504273587e-02
0.000000000000000000e+00 7.377136752136752573e-01 2.522702991452991372e-01 1.068376068376068397e-02 9.348290598290598039e-03
0.000000000000000000e+00 7.364672364672364413e-01 2.589476495726495964e-01 1.460113960113960073e-02 1.308760683760683795e-02
0.000000000000000000e+00 7.293447293447293811e-01 2.781784188034188143e-01 1.388888888888888812e-02 1.308760683760683795e-02
0.000000000000000000e+00 7.916666666666666297e-01 3.074252136752136932e-01 1.246438746438746463e-02 1.121794871794871799e-02
0.000000000000000000e+00 9.294871794871795156e-01 2.151442307692307820e-01 6.766381766381766340e-03 1.362179487179487197e-02
0.000000000000000000e+00 9.368767806267805920e-01 2.163461538461538547e-01 7.300569800569800365e-03 1.228632478632478604e-02
0.000000000000000000e+00 9.566417378917378977e-01 2.182158119658119677e-01 6.944444444444444059e-03 1.175213675213675202e-02
0.000000000000000000e+00 9.762286324786324521e-01 2.154113247863247982e-01 6.944444444444444059e-03 1.362179487179487197e-02
0.000000000000000000e+00 9.708867521367521292e-01 1.701388888888888951e-01 6.944444444444444059e-03 1.388888888888888812e-02
0.000000000000000000e+00 9.860220797720797847e-01 3.032852564102563875e-01 6.232193732193732315e-03 1.469017094017094002e-02
0.000000000000000000e+00 9.178240740740740700e-01 4.604700854700854440e-01 1.371082621082621127e-02 1.282051282051282007e-02
0.000000000000000000e+00 5.252849002849002691e-03 6.340811965811965489e-01 9.437321937321937332e-03 2.029914529914529989e-02
0.000000000000000000e+00 1.762820512820512803e-02 6.495726495726495964e-01 1.460113960113960073e-02 2.136752136752136794e-02
0.000000000000000000e+00 3.035968660968661054e-02 6.290064102564102422e-01 1.335470085470085409e-02 2.136752136752136794e-02
0.000000000000000000e+00 4.487179487179487197e-02 6.079059829059828557e-01 1.246438746438746463e-02 1.816239316239316379e-02
0.000000000000000000e+00 4.959045584045584237e-02 5.638354700854700807e-01 1.121794871794871799e-02 1.655982905982905998e-02
0.000000000000000000e+00 7.113603988603989237e-02 5.674412393162393542e-01 1.228632478632478604e-02 1.736111111111111188e-02
0.000000000000000000e+00 7.692307692307692735e-02 5.228365384615384359e-01 1.175213675213675202e-02 1.575854700854700807e-02
0.000000000000000000e+00 1.379985754985754987e-01 4.385683760683760646e-01 1.246438746438746463e-02 1.495726495726495790e-02
0.000000000000000000e+00 2.091346153846153910e-01 4.903846153846153633e-01 1.264245014245014322e-02 1.549145299145299193e-02
0.000000000000000000e+00 2.226673789173789220e-01 5.018696581196581130e-01 1.406695156695156670e-02 1.976495726495726413e-02
0.000000000000000000e+00 2.357549857549857686e-01 5.180288461538461453e-01 1.353276353276353268e-02 1.415598290598290600e-02
0.000000000000000000e+00 1.631054131054130996e-01 4.075854700854700807e-01 1.068376068376068397e-02 1.335470085470085409e-02
0.000000000000000000e+00 1.748575498575498655e-01 3.930288461538461453e-01 1.175213675213675202e-02 1.522435897435897405e-02
0.000000000000000000e+00 1.923967236467236386e-01 4.002403846153846367e-01 1.157407407407407343e-02 1.415598290598290600e-02
0.000000000000000000e+00 2.056623931623931534e-01 3.828792735042735318e-01 1.246438746438746463e-02 1.682692307692307612e-02
0.000000000000000000e+00 2.184829059829059839e-01 3.677884615384615641e-01 1.210826210826210746e-02 1.816239316239316379e-02
0.000000000000000000e+00 4.576210826210826421e-01 6.722756410256410797e-01 1.673789173789173856e-02 2.938034188034188005e-02
0.000000000000000000e+00 2.212428774928774933e-01 3.340010683760683552e-01 1.014957264957264994e-02 1.362179487179487197e-02
0.000000000000000000e+00 2.330840455840455794e-01 3.197115384615384359e-01 1.210826210826210746e-02 1.655982905982905998e-02
0.000000000000000000e+00 2.449252136752136655e-01 3.055555555555555802e-01 1.014957264957264994e-02 1.388888888888888812e-02
0.000000000000000000e+00 2.662927350427350404e-01 3.091613247863247982e-01 1.050569800569800538e-02 1.362179487179487197e-02
0.000000000000000000e+00 2.579237891737891641e-01 2.892628205128205399e-01 1.121794871794871799e-02 1.495726495726495790e-02
0.000000000000000000e+00 2.695868945868946098e-01 2.743055555555555802e-01 1.246438746438746463e-02 1.869658119658119608e-02
0.000000000000000000e+00 2.745726495726495964e-01 2.956730769230769273e-01 9.615384615384615918e-03 1.388888888888888812e-02
0.000000000000000000e+00 2.838319088319088412e-01 2.848557692307692180e-01 8.903133903133903307e-03 1.362179487179487197e-02
0.000000000000000000e+00 3.049323361823361722e-01 2.588141025641025883e-01 1.014957264957264994e-02 1.442307692307692388e-02
0.000000000000000000e+00 2.987891737891738009e-01 2.387820512820512941e-01 1.103988603988603941e-02 1.442307692307692388e-02
0.000000000000000000e+00 3.093839031339031265e-01 2.262286324786324798e-01 1.086182336182336255e-02 1.495726495726495790e-02
0.000000000000000000e+00 3.265669515669515910e-01 2.313034188034188143e-01 9.971509971509971357e-03 1.335470085470085409e-02
0.000000000000000000e+00 3.232727920227920215e-01 2.063301282051281937e-01 9.081196581196581893e-03 1.415598290598290600e-02
0.000000000000000000e+00 3.336894586894587067e-01 1.939102564102564152e-01 7.834757834757835257e-03 9.081196581196581893e-03
0.000000000000000000e+00 4.336716524216523982e-01 3.393429487179487336e-01 1.157407407407407343e-02 1.362179487179487197e-02
0.000000000000000000e+00 4.579772079772079785e-01 3.613782051282051211e-01 1.246438746438746463e-02 1.549145299145299193e-02
0.000000000000000000e+00 4.634971509971509973e-01 3.278579059829059839e-01 7.834757834757835257e-03 1.415598290598290600e-02
0.000000000000000000e+00 4.881588319088319139e-01 3.854166666666666852e-01 1.014957264957264994e-02 1.175213675213675202e-02
0.000000000000000000e+00 4.879807692307692180e-01 2.817841880341880323e-01 8.012820512820512109e-03 1.762820512820512803e-02
0.000000000000000000e+00 4.956374643874643660e-01 2.831196581196581130e-01 6.232193732193732315e-03 1.335470085470085409e-02
0.000000000000000000e+00 5.025819088319087857e-01 2.853899572649572502e-01 5.519943019943019703e-03 1.201923076923076990e-02
0.000000000000000000e+00 5.100605413105413488e-01 2.876602564102563875e-01 5.876068376068376009e-03 1.388888888888888812e-02
0.000000000000000000e+00 5.243945868945868449e-01 2.942040598290598385e-01 6.054131054131053728e-03 1.469017094017094002e-02
0.000000000000000000e+00 5.335648148148147696e-01 2.971420940170940161e-01 6.232193732193732315e-03 1.255341880341880392e-02
0.000000000000000000e+00 5.480769230769231282e-01 3.023504273504273310e-01 6.410256410256410034e-03 1.282051282051282007e-02
0.000000000000000000e+00 5.559116809116808611e-01 3.048878205128205399e-01 6.410256410256410034e-03 1.362179487179487197e-02
0.000000000000000000e+00 5.231481481481481399e-01 3.197115384615384359e-01 7.122507122507122646e-03 1.121794871794871799e-02
0.000000000000000000e+00 5.302706552706553111e-01 3.245192307692307820e-01 1.103988603988603941e-02 1.495726495726495790e-02
0.000000000000000000e+00 5.378383190883191389e-01 3.285256410256410242e-01 9.437321937321937332e-03 1.335470085470085409e-02
0.000000000000000000e+00 5.625000000000000000e-01 3.293269230769230727e-01 7.122507122507122646e-03 1.495726495726495790e-02
0.000000000000000000e+00 5.205662393162393542e-01 3.635149572649572502e-01 1.193019943019943060e-02 1.282051282051282007e-02
0.000000000000000000e+00 5.796830484330484090e-01 4.387019230769230727e-01 1.157407407407407343e-02 1.362179487179487197e-02
0.000000000000000000e+00 5.943732193732194080e-01 4.270833333333333148e-01 1.282051282051282007e-02 1.549145299145299193e-02
0.000000000000000000e+00 6.817129629629629095e-01 5.511485042735042583e-01 1.086182336182336255e-02 1.522435897435897405e-02
0.000000000000000000e+00 7.257834757834757955e-01 6.152510683760683552e-01 9.615384615384615918e-03 1.255341880341880392e-02
0.000000000000000000e+00 7.408297720797720753e-01 6.439636752136752573e-01 1.193019943019943060e-02 2.350427350427350404e-02
0.000000000000000000e+00 7.366452991452991927e-01 7.025908119658119677e-01 1.068376068376068397e-02 1.041666666666666609e-02
0.000000000000000000e+00 7.472400284900284628e-01 7.319711538461538547e-01 1.335470085470085409e-02 1.255341880341880392e-02
0.000000000000000000e+00 7.802706552706553111e-01 6.267361111111111605e-01 9.615384615384615918e-03 2.163461538461538408e-02
0.000000000000000000e+00 7.880163817663817794e-01 6.263354700854700807e-01 7.300569800569800365e-03 1.869658119658119608e-02
0.000000000000000000e+00 7.959401709401708880e-01 6.270032051282051766e-01 8.190883190883190695e-03 1.949786324786324798e-02
0.000000000000000000e+00 8.045762108262107803e-01 6.260683760683760646e-01 7.656695156695156670e-03 1.762820512820512803e-02
0.000000000000000000e+00 8.127670940170940161e-01 6.262019230769231282e-01 7.656695156695156670e-03 1.789529914529914417e-02
0.000000000000000000e+00 8.270121082621082476e-01 6.442307692307692735e-01 1.477920227920227932e-02 1.068376068376068397e-02
0.000000000000000000e+00 7.207086894586894887e-01 6.658653846153845812e-01 1.014957264957264994e-02 8.547008547008547868e-03
0.000000000000000000e+00 7.722578347578347158e-01 7.660256410256410797e-01 1.210826210826210746e-02 1.976495726495726413e-02
0.000000000000000000e+00 7.930911680911680861e-01 8.054220085470085166e-01 1.424501424501424529e-02 1.896367521367521222e-02
0.000000000000000000e+00 7.741274928774928288e-01 7.896634615384615641e-01 5.163817663817663398e-03 1.148504273504273587e-02
0.000000000000000000e+00 9.300213675213675479e-01 6.845619658119658224e-01 1.282051282051282007e-02 1.816239316239316379e-02
0.000000000000000000e+00 9.362535612535612950e-01 6.923076923076922906e-01 1.246438746438746463e-02 1.816239316239316379e-02
0.000000000000000000e+00 9.451566951566952035e-01 6.985844017094017255e-01 9.259259259259258745e-03 1.362179487179487197e-02
0.000000000000000000e+00 9.344729344729344467e-01 7.765758547008546619e-01 1.103988603988603941e-02 1.682692307692307612e-02
0.000000000000000000e+00 9.423967236467236663e-01 7.537393162393162260e-01 1.406695156695156670e-02 1.228632478632478604e-02
0.000000000000000000e+00 9.657229344729344467e-01 7.572115384615384359e-01 1.086182336182336255e-02 1.762820512820512803e-02
0.000000000000000000e+00 9.715099715099715372e-01 7.423878205128204844e-01 1.566951566951567051e-02 1.415598290598290600e-02
0.000000000000000000e+00 9.927884615384615641e-01 7.430555555555555802e-01 9.793447293447292770e-03 1.014957264957264994e-02
0.000000000000000000e+00 9.337606837606837740e-01 1.199252136752136794e-01 6.410256410256410034e-03 1.068376068376068397e-02
0.000000000000000000e+00 9.402599715099715372e-01 1.208600427350427359e-01 6.588319088319088621e-03 1.095085470085470011e-02
0.000000000000000000e+00 9.701745014245014564e-01 1.569177350427350404e-01 5.876068376068376009e-03 1.255341880341880392e-02
0.000000000000000000e+00 9.644764957264957417e-01 1.164529914529914556e-01 5.876068376068376009e-03 9.615384615384615918e-03
0.000000000000000000e+00 9.630519943019942852e-01 1.033653846153846090e-01 6.944444444444444059e-03 1.495726495726495790e-02
0.000000000000000000e+00 9.773860398860398924e-01 2.724358974358974395e-02 6.054131054131053728e-03 1.388888888888888812e-02
0.000000000000000000e+00 9.511217948717948234e-01 7.211538461538461939e-03 5.876068376068376009e-03 1.335470085470085409e-02
0.000000000000000000e+00 9.074964387464387050e-01 2.577457264957264821e-02 6.232193732193732315e-03 6.677350427350427046e-03
0.000000000000000000e+00 9.020655270655271174e-01 2.403846153846153980e-03 4.629629629629629373e-03 3.739316239316239476e-03
0.000000000000000000e+00 9.095441595441595695e-01 3.071581196581196511e-03 4.985754985754985678e-03 5.074786324786324972e-03
0.000000000000000000e+00 9.161324786324785974e-01 3.605769230769230969e-03 5.341880341880341984e-03 6.143162393162393022e-03
0.000000000000000000e+00 9.221866096866097040e-01 4.006410256410256054e-03 4.629629629629629373e-03 5.876068376068376009e-03
