0.000000000000000000e+00 6.543803418803419147e-02 2.817841880341880392e-02 9.081196581196581893e-03 9.882478632478632063e-03
0.000000000000000000e+00 5.760327635327635448e-02 4.821047008547008766e-02 5.876068376068376009e-03 9.348290598290598039e-03
0.000000000000000000e+00 6.339031339031339640e-02 5.849358974358974395e-02 7.478632478632478951e-03 1.228632478632478604e-02
0.000000000000000000e+00 1.575854700854700807e-02 1.077724358974359031e-01 1.335470085470085409e-02 9.348290598290598039e-03
0.000000000000000000e+00 7.879273504273504036e-02 4.153311965811965628e-02 3.383190883190883170e-03 8.279914529914529989e-03
0.000000000000000000e+00 8.431267806267805920e-02 2.355769230769230727e-01 6.944444444444444059e-03 1.175213675213675202e-02
0.000000000000000000e+00 3.917378917378917108e-02 2.442574786324786251e-01 1.210826210826210746e-02 9.348290598290598039e-03
0.000000000000000000e+00 3.534544159544159708e-02 2.522702991452991372e-01 1.086182336182336255e-02 9.348290598290598039e-03
0.000000000000000000e+00 6.294515669515669820e-02 2.598824786324786529e-01 8.368945868945869282e-03 1.495726495726495790e-02
0.000000000000000000e+00 5.813746438746438677e-02 2.735042735042735318e-01 7.300569800569800365e-03 1.335470085470085409e-02
0.000000000000000000e+00 6.508190883190882736e-02 2.743055555555555802e-01 6.588319088319088621e-03 1.121794871794871799e-02
0.000000000000000000e+00 7.193732193732194080e-02 2.736378205128205399e-01 7.478632478632478951e-03 1.255341880341880392e-02
0.000000000000000000e+00 3.276353276353276278e-02 2.645566239316239354e-01 1.068376068376068397e-02 9.348290598290598039e-03
0.000000000000000000e+00 2.804487179487179585e-02 2.776442307692307820e-01 1.335470085470085409e-02 8.814102564102564014e-03
0.000000000000000000e+00 2.510683760683760785e-02 2.839209401709401615e-01 1.282051282051282007e-02 9.081196581196581893e-03
0.000000000000000000e+00 2.421652421652421491e-02 2.922008547008547175e-01 1.353276353276353268e-02 9.615384615384615918e-03
0.000000000000000000e+00 2.172364672364672511e-02 2.984775641025640969e-01 1.317663817663817724e-02 8.814102564102564014e-03
0.000000000000000000e+00 1.860754985754985852e-02 3.052884615384615641e-01 1.228632478632478604e-02 8.012820512820512109e-03
0.000000000000000000e+00 1.602564102564102422e-02 3.120993589743589758e-01 1.282051282051282007e-02 7.211538461538461939e-03
0.000000000000000000e+00 1.415598290598290600e-02 3.197115384615384359e-01 1.335470085470085409e-02 9.615384615384615918e-03
0.000000000000000000e+00 3.757122507122507421e-02 3.382745726495726690e-01 1.246438746438746463e-02 1.095085470085470011e-02
0.000000000000000000e+00 5.617877492877492579e-02 3.914262820512820484e-01 1.193019943019943060e-02 1.095085470085470011e-02
0.000000000000000000e+00 7.175925925925925875e-02 3.840811965811966044e-01 1.460113960113960073e-02 1.228632478632478604e-02
0.000000000000000000e+00 1.037215099715099731e-01 3.723290598290598385e-01 1.371082621082621127e-02 1.228632478632478604e-02
0.000000000000000000e+00 3.641381766381766166e-02 5.734508547008546619e-01 1.299857549857549865e-02 1.068376068376068397e-02
0.000000000000000000e+00 1.852742165242165229e-01 2.715010683760683552e-01 6.232193732193732315e-03 1.415598290598290600e-02
0.000000000000000000e+00 1.855413105413105390e-01 2.848557692307692180e-01 6.766381766381766340e-03 1.522435897435897405e-02
0.000000000000000000e+00 1.864316239316239354e-01 2.994123931623931534e-01 5.698005698005698290e-03 1.388888888888888812e-02
0.000000000000000000e+00 1.846509971509971426e-01 4.448450854700854440e-01 6.766381766381766340e-03 1.629273504273504383e-02
0.000000000000000000e+00 1.858974358974359031e-01 4.622061965811966044e-01 6.766381766381766340e-03 1.629273504273504383e-02
0.000000000000000000e+00 1.861645299145299193e-01 4.799679487179487336e-01 6.944444444444444059e-03 1.816239316239316379e-02
0.000000000000000000e+00 1.877670940170940161e-01 4.982638888888888951e-01 6.944444444444444059e-03 1.842948717948717993e-02
0.000000000000000000e+00 1.875000000000000000e-01 5.162927350427350959e-01 6.766381766381766340e-03 1.869658119658119608e-02
0.000000000000000000e+00 2.150997150997150942e-01 5.058760683760683552e-01 7.478632478632478951e-03 1.923076923076923184e-02
0.000000000000000000e+00 2.314814814814814825e-01 7.781784188034187588e-01 8.190883190883190695e-03 2.003205128205128374e-02
0.000000000000000000e+00 2.179487179487179516e-01 9.053151709401708880e-01 7.834757834757835257e-03 2.323717948717948789e-02
0.000000000000000000e+00 2.192841880341880323e-01 9.385683760683760646e-01 8.012820512820512109e-03 2.510683760683760785e-02
0.000000000000000000e+00 2.207977207977208089e-01 9.648771367521367104e-01 7.478632478632478951e-03 1.896367521367521222e-02
0.000000000000000000e+00 2.218660968660968735e-01 9.907852564102563875e-01 7.478632478632478951e-03 1.842948717948717993e-02
0.000000000000000000e+00 2.755519943019942852e-01 4.365651709401709435e-01 1.513532763532763475e-02 1.201923076923076990e-02
0.000000000000000000e+00 2.749287749287749327e-01 4.520566239316239354e-01 1.139601139601139658e-02 1.095085470085470011e-02
0.000000000000000000e+00 2.785790598290598385e-01 4.678151709401709435e-01 1.228632478632478604e-02 1.148504273504273587e-02
0.000000000000000000e+00 2.784900284900284628e-01 4.907852564102563875e-01 1.246438746438746463e-02 1.148504273504273587e-02
0.000000000000000000e+00 2.805377492877492718e-01 4.991987179487179516e-01 1.264245014245014322e-02 1.068376068376068397e-02
0.000000000000000000e+00 3.500712250712250673e-01 4.731570512820512664e-01 6.766381766381766340e-03 1.469017094017094002e-02
0.000000000000000000e+00 3.424145299145299193e-01 4.905181623931623713e-01 7.122507122507122646e-03 1.575854700854700807e-02
0.000000000000000000e+00 3.077813390313390296e-01 5.572916666666666297e-01 1.477920227920227932e-02 1.148504273504273587e-02
0.000000000000000000e+00 4.210292022792022637e-01 5.165598290598291120e-01 6.944444444444444059e-03 1.709401709401709574e-02
0.000000000000000000e+00 5.097044159544159569e-01 4.059829059829059977e-02 5.519943019943019703e-03 9.081196581196581893e-03
0.000000000000000000e+00 4.986645299145299193e-01 2.534722222222222099e-01 7.300569800569800365e-03 2.136752136752136794e-02
0.000000000000000000e+00 5.057870370370370905e-01 2.482638888888888951e-01 7.300569800569800365e-03 1.736111111111111188e-02
0.000000000000000000e+00 4.147079772079771964e-01 7.375801282051281937e-01 7.122507122507122646e-03 1.842948717948717993e-02
0.000000000000000000e+00 4.231659544159543929e-01 7.345085470085470636e-01 6.588319088319088621e-03 1.709401709401709574e-02
0.000000000000000000e+00 4.417735042735042583e-01 7.378472222222222099e-01 6.410256410256410034e-03 2.003205128205128374e-02
0.000000000000000000e+00 4.504095441595441507e-01 7.347756410256410797e-01 6.944444444444444059e-03 1.762820512820512803e-02
0.000000000000000000e+00 4.220975783475783283e-01 7.729700854700854995e-01 1.299857549857549865e-02 1.014957264957264994e-02
0.000000000000000000e+00 4.241452991452991372e-01 7.923344017094017255e-01 1.317663817663817724e-02 1.095085470085470011e-02
0.000000000000000000e+00 4.250356125356125614e-01 8.048878205128204844e-01 1.495726495726495790e-02 1.148504273504273587e-02
0.000000000000000000e+00 4.198717948717948789e-01 8.839476495726495964e-01 8.190883190883190695e-03 2.270299145299145213e-02
0.000000000000000000e+00 4.213853276353276556e-01 9.098557692307692735e-01 8.368945868945869282e-03 2.003205128205128374e-02
0.000000000000000000e+00 4.219195156695156879e-01 9.340277777777777901e-01 6.588319088319088621e-03 1.816239316239316379e-02
0.000000000000000000e+00 4.226317663817663606e-01 9.642094017094017255e-01 8.725071225071224720e-03 2.243589743589743599e-02
0.000000000000000000e+00 4.459579772079771964e-01 9.898504273504273865e-01 1.727207977207977085e-02 1.282051282051282007e-02
0.000000000000000000e+00 6.046118233618233972e-01 3.018162393162393195e-02 6.232193732193732315e-03 9.615384615384615918e-03
0.000000000000000000e+00 6.226851851851852304e-01 1.642628205128205190e-02 1.139601139601139658e-02 8.814102564102564014e-03
0.000000000000000000e+00 5.252849002849002691e-01 6.012286324786324521e-01 1.638176638176638139e-02 1.335470085470085409e-02
0.000000000000000000e+00 5.959757834757835049e-01 5.998931623931623713e-01 7.834757834757835257e-03 1.549145299145299193e-02
0.000000000000000000e+00 6.047008547008546619e-01 6.009615384615384359e-01 6.766381766381766340e-03 1.655982905982905998e-02
0.000000000000000000e+00 6.126246438746438816e-01 5.993589743589743390e-01 8.012820512820512109e-03 1.923076923076923184e-02
0.000000000000000000e+00 6.211716524216523982e-01 6.001602564102563875e-01 6.944444444444444059e-03 1.762820512820512803e-02
0.000000000000000000e+00 6.295405982905982745e-01 5.978899572649573058e-01 8.725071225071224720e-03 2.110042735042735179e-02
0.000000000000000000e+00 6.665776353276353650e-01 5.829326923076922906e-01 1.477920227920227932e-02 1.041666666666666609e-02
0.000000000000000000e+00 6.680911680911680861e-01 5.926816239316239354e-01 1.388888888888888812e-02 1.014957264957264994e-02
0.000000000000000000e+00 6.706730769230768718e-01 6.099091880341880323e-01 1.299857549857549865e-02 1.041666666666666609e-02
0.000000000000000000e+00 6.645299145299145005e-01 6.462339743589743390e-01 1.317663817663817724e-02 1.041666666666666609e-02
0.000000000000000000e+00 6.655092592592593004e-01 6.550480769230768718e-01 1.193019943019943060e-02 9.348290598290598039e-03
0.000000000000000000e+00 6.700498575498575748e-01 6.645299145299145005e-01 7.122507122507122646e-03 9.081196581196581893e-03
0.000000000000000000e+00 6.681801994301994618e-01 6.748130341880341776e-01 1.086182336182336255e-02 1.041666666666666609e-02
0.000000000000000000e+00 5.589387464387464144e-01 9.811698717948718063e-01 1.531339031339031334e-02 1.041666666666666609e-02
0.000000000000000000e+00 5.771011396011396233e-01 9.814369658119658224e-01 1.460113960113960073e-02 1.095085470085470011e-02
0.000000000000000000e+00 7.632656695156695426e-01 6.885683760683760646e-01 1.335470085470085409e-02 6.944444444444444059e-03
0.000000000000000000e+00 7.878383190883191389e-01 6.870993589743589203e-01 1.121794871794871799e-02 7.211538461538461939e-03
0.000000000000000000e+00 8.000356125356125059e-01 6.864316239316239354e-01 1.246438746438746463e-02 7.478632478632478951e-03
0.000000000000000000e+00 8.706374643874643660e-01 7.333066239316239354e-01 6.944444444444444059e-03 1.736111111111111188e-02
0.000000000000000000e+00 7.446581196581196771e-01 8.989049145299145005e-01 9.615384615384615918e-03 2.003205128205128374e-02
0.000000000000000000e+00 7.719017094017094349e-01 9.007745726495726135e-01 9.259259259259258745e-03 2.163461538461538408e-02
0.000000000000000000e+00 7.810719373219373596e-01 8.990384615384615641e-01 8.725071225071224720e-03 2.243589743589743599e-02
0.000000000000000000e+00 7.264066951566952035e-01 9.492521367521367104e-01 1.549145299145299193e-02 1.282051282051282007e-02
0.000000000000000000e+00 9.100783475783476018e-01 8.213141025641025328e-01 1.388888888888888812e-02 1.121794871794871799e-02
0.000000000000000000e+00 9.110576923076922906e-01 8.314636752136752573e-01 1.513532763532763475e-02 1.121794871794871799e-02
0.000000000000000000e+00 9.136396011396011874e-01 8.428151709401708880e-01 1.566951566951567051e-02 1.148504273504273587e-02
0.000000000000000000e+00 9.144408831908832358e-01 8.532318376068376287e-01 1.655982905982905998e-02 1.041666666666666609e-02
0.000000000000000000e+00 9.148860398860398924e-01 8.635149572649573058e-01 1.139601139601139658e-02 1.175213675213675202e-02
0.000000000000000000e+00 8.522079772079772519e-01 9.623397435897436125e-01 1.602564102564102422e-02 1.388888888888888812e-02
0.000000000000000000e+00 8.529202279202279247e-01 9.746260683760683552e-01 1.887464387464387466e-02 1.282051282051282007e-02
0.000000000000000000e+00 8.559472934472934780e-01 9.873130341880341776e-01 1.673789173789173856e-02 1.201923076923076990e-02
