0.000000000000000000e+00 7.478632478632478951e-03 2.203525641025641177e-02 9.615384615384615918e-03 8.279914529914529989e-03
0.000000000000000000e+00 1.826923076923076816e-01 8.159722222222222376e-02 5.698005698005698290e-03 1.201923076923076990e-02
0.000000000000000000e+00 1.471688034188034233e-01 2.817841880341880323e-01 6.588319088319088621e-03 1.549145299145299193e-02
0.000000000000000000e+00 1.746794871794871695e-01 2.276976495726495686e-01 1.460113960113960073e-02 1.415598290598290600e-02
0.000000000000000000e+00 1.727207977207977085e-01 2.359775641025640969e-01 1.175213675213675202e-02 7.745726495726495964e-03
0.000000000000000000e+00 1.728988603988604045e-01 2.426549145299145283e-01 1.068376068376068397e-02 8.279914529914529989e-03
0.000000000000000000e+00 1.721866096866096763e-01 2.493322649572649596e-01 1.139601139601139658e-02 8.814102564102564014e-03
0.000000000000000000e+00 1.709401709401709435e-01 2.561431623931623713e-01 9.615384615384615918e-03 8.547008547008547868e-03
0.000000000000000000e+00 1.708511396011395955e-01 2.624198717948718063e-01 9.793447293447292770e-03 7.745726495726495964e-03
0.000000000000000000e+00 1.713853276353276278e-01 2.690972222222222099e-01 1.086182336182336255e-02 7.745726495726495964e-03
0.000000000000000000e+00 1.706730769230769273e-01 2.761752136752136932e-01 1.121794871794871799e-02 8.547008547008547868e-03
0.000000000000000000e+00 1.838497150997150942e-01 2.856570512820512664e-01 1.335470085470085409e-02 1.041666666666666609e-02
0.000000000000000000e+00 2.021011396011395955e-01 2.286324786324786251e-01 1.317663817663817724e-02 8.547008547008547868e-03
0.000000000000000000e+00 2.010327635327635309e-01 2.345085470085470081e-01 1.246438746438746463e-02 9.081196581196581893e-03
0.000000000000000000e+00 1.996972934472934502e-01 2.533386752136752018e-01 1.299857549857549865e-02 8.814102564102564014e-03
0.000000000000000000e+00 1.973824786324786251e-01 2.664262820512820484e-01 1.086182336182336255e-02 9.348290598290598039e-03
0.000000000000000000e+00 2.157229344729344744e-01 2.271634615384615363e-01 1.264245014245014322e-02 7.211538461538461939e-03
0.000000000000000000e+00 2.151887464387464421e-01 2.330395299145299193e-01 9.793447293447292770e-03 7.745726495726495964e-03
0.000000000000000000e+00 2.144764957264957139e-01 2.399839743589743668e-01 1.264245014245014322e-02 8.814102564102564014e-03
0.000000000000000000e+00 2.149216524216524260e-01 2.478632478632478708e-01 1.210826210826210746e-02 8.547008547008547868e-03
0.000000000000000000e+00 2.102920227920228036e-01 2.601495726495726690e-01 1.175213675213675202e-02 8.012820512820512109e-03
0.000000000000000000e+00 2.107371794871794879e-01 2.676282051282051211e-01 1.228632478632478604e-02 8.547008547008547868e-03
0.000000000000000000e+00 1.822471509971509973e-01 2.984775641025640969e-01 5.876068376068376009e-03 1.255341880341880392e-02
0.000000000000000000e+00 1.930199430199430188e-01 2.970085470085470081e-01 6.054131054131053728e-03 1.388888888888888812e-02
0.000000000000000000e+00 2.062856125356125336e-01 2.927350427350427498e-01 5.519943019943019703e-03 1.282051282051282007e-02
0.000000000000000000e+00 2.167022792022791911e-01 2.877938034188033956e-01 5.698005698005698290e-03 1.308760683760683795e-02
0.000000000000000000e+00 2.393162393162393264e-01 2.160790598290598385e-01 6.766381766381766340e-03 1.228632478632478604e-02
0.000000000000000000e+00 2.460826210826210780e-01 2.175480769230769273e-01 6.766381766381766340e-03 1.255341880341880392e-02
0.000000000000000000e+00 2.703881766381766583e-01 2.204861111111111049e-01 6.588319088319088621e-03 1.255341880341880392e-02
0.000000000000000000e+00 2.390491452991453103e-01 2.733707264957264682e-01 5.519943019943019703e-03 9.882478632478632063e-03
0.000000000000000000e+00 2.500890313390313202e-01 2.676282051282051211e-01 6.232193732193732315e-03 1.228632478632478604e-02
0.000000000000000000e+00 2.567663817663817794e-01 2.689636752136752018e-01 6.766381766381766340e-03 1.335470085470085409e-02
0.000000000000000000e+00 2.639779202279202153e-01 2.686965811965811857e-01 6.232193732193732315e-03 1.335470085470085409e-02
0.000000000000000000e+00 2.702101139601139623e-01 7.922008547008546619e-01 1.691595441595441715e-02 1.549145299145299193e-02
0.000000000000000000e+00 3.146367521367521292e-01 9.298878205128204844e-01 1.495726495726495790e-02 1.629273504273504383e-02
0.000000000000000000e+00 2.801816239316239354e-01 9.937232905982905651e-01 1.620370370370370280e-02 1.201923076923076990e-02
0.000000000000000000e+00 2.957621082621082476e-01 5.080128205128204844e-01 1.068376068376068397e-02 1.228632478632478604e-02
0.000000000000000000e+00 3.446403133903133686e-01 3.345352564102563875e-01 5.519943019943019703e-03 1.308760683760683795e-02
0.000000000000000000e+00 3.808760683760683552e-01 3.309294871794871695e-01 1.032763532763532680e-02 8.547008547008547868e-03
0.000000000000000000e+00 3.789173789173789220e-01 3.381410256410256610e-01 1.317663817663817724e-02 9.081196581196581893e-03
0.000000000000000000e+00 3.793625356125356340e-01 3.454861111111111049e-01 1.086182336182336255e-02 9.348290598290598039e-03
0.000000000000000000e+00 3.519408831908831803e-01 6.136485042735042583e-01 8.368945868945869282e-03 1.629273504273504383e-02
0.000000000000000000e+00 3.442841880341880323e-01 7.103365384615384359e-01 8.368945868945869282e-03 1.949786324786324798e-02
0.000000000000000000e+00 3.509615384615384359e-01 6.730769230769231282e-01 8.903133903133903307e-03 1.816239316239316379e-02
0.000000000000000000e+00 3.701032763532763337e-01 6.550480769230768718e-01 8.725071225071224720e-03 1.842948717948717993e-02
0.000000000000000000e+00 3.669871794871794601e-01 6.722756410256410797e-01 7.478632478632478951e-03 1.495726495726495790e-02
0.000000000000000000e+00 4.079415954415954171e-01 6.800213675213675479e-01 7.834757834757835257e-03 1.816239316239316379e-02
0.000000000000000000e+00 4.180021367521367659e-01 6.635950854700854995e-01 7.300569800569800365e-03 1.789529914529914417e-02
0.000000000000000000e+00 4.163105413105412933e-01 6.833600427350426942e-01 7.478632478632478951e-03 1.682692307692307612e-02
0.000000000000000000e+00 4.265491452991452825e-01 6.639957264957264682e-01 8.012820512820512109e-03 1.816239316239316379e-02
0.000000000000000000e+00 4.242343304843304574e-01 6.822916666666666297e-01 6.944444444444444059e-03 1.736111111111111188e-02
0.000000000000000000e+00 4.331374643874643660e-01 6.829594017094017255e-01 8.368945868945869282e-03 1.655982905982905998e-02
0.000000000000000000e+00 4.539707977207977363e-01 6.304754273504273865e-01 8.012820512820512109e-03 1.896367521367521222e-02
0.000000000000000000e+00 4.688390313390313202e-01 8.067574786324785974e-01 8.903133903133903307e-03 1.736111111111111188e-02
0.000000000000000000e+00 6.068376068376067911e-01 1.335470085470085409e-02 7.478632478632478951e-03 1.068376068376068397e-02
0.000000000000000000e+00 5.763888888888888395e-01 7.799145299145299193e-02 8.547008547008547868e-03 8.547008547008547868e-03
0.000000000000000000e+00 6.056801994301994618e-01 8.253205128205128027e-02 9.793447293447292770e-03 1.014957264957264994e-02
0.000000000000000000e+00 6.243767806267805920e-01 9.548611111111110494e-02 4.451566951566951653e-03 1.041666666666666609e-02
0.000000000000000000e+00 6.134259259259259300e-01 1.132478632478632480e-01 7.478632478632478951e-03 1.175213675213675202e-02
0.000000000000000000e+00 4.972400284900284628e-01 3.039529914529914278e-01 1.121794871794871799e-02 8.547008547008547868e-03
0.000000000000000000e+00 4.663461538461538547e-01 3.237179487179487336e-01 1.210826210826210746e-02 7.478632478632478951e-03
0.000000000000000000e+00 4.722222222222222099e-01 3.398771367521367659e-01 1.068376068376068397e-02 1.148504273504273587e-02
0.000000000000000000e+00 4.998219373219373041e-01 3.337339743589743390e-01 1.246438746438746463e-02 7.211538461538461939e-03
0.000000000000000000e+00 5.276887464387464144e-01 5.205662393162393542e-01 1.513532763532763475e-02 1.175213675213675202e-02
0.000000000000000000e+00 6.873219373219373596e-01 2.948717948717948789e-01 6.766381766381766340e-03 1.282051282051282007e-02
0.000000000000000000e+00 6.461004273504273865e-01 3.032852564102563875e-01 1.121794871794871799e-02 8.279914529914529989e-03
0.000000000000000000e+00 6.452101139601139623e-01 3.118322649572649596e-01 9.437321937321937332e-03 8.814102564102564014e-03
0.000000000000000000e+00 6.736111111111111605e-01 3.199786324786324521e-01 5.341880341880341984e-03 1.495726495726495790e-02
0.000000000000000000e+00 6.737001424501424252e-01 3.338675213675213471e-01 4.451566951566951653e-03 1.335470085470085409e-02
0.000000000000000000e+00 6.803774928774928288e-01 3.344017094017093794e-01 5.341880341880341984e-03 1.175213675213675202e-02
0.000000000000000000e+00 6.870548433048433434e-01 3.337339743589743390e-01 5.876068376068376009e-03 1.255341880341880392e-02
0.000000000000000000e+00 6.454772079772079785e-01 3.250534188034188143e-01 9.971509971509971357e-03 7.478632478632478951e-03
0.000000000000000000e+00 6.453881766381766028e-01 3.376068376068376287e-01 1.193019943019943060e-02 7.478632478632478951e-03
0.000000000000000000e+00 6.447649572649573058e-01 3.444177350427350404e-01 1.210826210826210746e-02 7.745726495726495964e-03
0.000000000000000000e+00 6.455662393162393542e-01 3.521634615384615641e-01 1.228632478632478604e-02 8.814102564102564014e-03
0.000000000000000000e+00 6.452991452991453381e-01 3.599091880341880323e-01 1.282051282051282007e-02 8.279914529914529989e-03
0.000000000000000000e+00 6.444088319088319139e-01 3.665865384615384359e-01 1.175213675213675202e-02 6.677350427350427046e-03
0.000000000000000000e+00 6.437856125356125059e-01 3.728632478632478708e-01 1.228632478632478604e-02 8.012820512820512109e-03
0.000000000000000000e+00 6.444088319088319139e-01 3.807425213675213471e-01 1.282051282051282007e-02 9.348290598290598039e-03
0.000000000000000000e+00 5.808404558404558493e-01 4.086538461538461453e-01 1.460113960113960073e-02 1.068376068376068397e-02
0.000000000000000000e+00 6.061253561253561184e-01 4.157318376068376287e-01 6.054131054131053728e-03 1.522435897435897405e-02
0.000000000000000000e+00 6.133368945868945543e-01 4.139957264957264682e-01 5.876068376068376009e-03 1.228632478632478604e-02
0.000000000000000000e+00 5.779024216524216717e-01 4.161324786324786529e-01 1.050569800569800538e-02 6.944444444444444059e-03
0.000000000000000000e+00 5.779024216524216717e-01 4.224091880341880323e-01 1.014957264957264994e-02 7.745726495726495964e-03
0.000000000000000000e+00 5.766559829059828557e-01 4.377670940170940161e-01 1.157407407407407343e-02 9.081196581196581893e-03
0.000000000000000000e+00 5.756766381766381668e-01 4.447115384615384359e-01 1.103988603988603941e-02 6.944444444444444059e-03
0.000000000000000000e+00 5.762108262108261991e-01 4.512553418803418870e-01 1.068376068376068397e-02 8.814102564102564014e-03
0.000000000000000000e+00 5.769230769230768718e-01 4.598023504273504036e-01 1.246438746438746463e-02 9.348290598290598039e-03
0.000000000000000000e+00 5.760327635327635587e-01 4.674145299145299193e-01 1.139601139601139658e-02 7.478632478632478951e-03
0.000000000000000000e+00 5.768340455840456071e-01 4.747596153846153633e-01 1.193019943019943060e-02 9.348290598290598039e-03
0.000000000000000000e+00 6.524216524216523982e-01 4.236111111111111049e-01 1.032763532763532680e-02 8.012820512820512109e-03
0.000000000000000000e+00 6.528668091168091658e-01 4.309561965811966044e-01 1.014957264957264994e-02 7.745726495726495964e-03
0.000000000000000000e+00 6.761039886039885705e-01 4.009081196581196771e-01 1.602564102564102422e-02 1.388888888888888812e-02
0.000000000000000000e+00 6.773504273504273865e-01 4.103899572649572502e-01 8.547008547008547868e-03 9.348290598290598039e-03
0.000000000000000000e+00 7.068198005698005382e-01 4.543269230769230727e-01 1.121794871794871799e-02 1.121794871794871799e-02
0.000000000000000000e+00 7.195512820512820484e-01 4.461805555555555802e-01 1.317663817663817724e-02 1.201923076923076990e-02
0.000000000000000000e+00 7.475961538461538547e-01 4.348290598290598385e-01 1.335470085470085409e-02 1.175213675213675202e-02
0.000000000000000000e+00 6.157407407407406996e-01 5.412660256410256610e-01 1.032763532763532680e-02 1.415598290598290600e-02
0.000000000000000000e+00 6.263354700854700807e-01 5.283119658119658224e-01 1.157407407407407343e-02 1.655982905982905998e-02
0.000000000000000000e+00 6.364850427350426942e-01 5.161591880341880323e-01 1.193019943019943060e-02 1.362179487179487197e-02
0.000000000000000000e+00 6.476139601139601076e-01 5.025373931623932089e-01 1.210826210826210746e-02 1.362179487179487197e-02
0.000000000000000000e+00 6.586538461538461453e-01 4.902510683760683552e-01 1.032763532763532680e-02 1.308760683760683795e-02
0.000000000000000000e+00 7.437678062678062529e-01 6.400908119658119677e-01 1.424501424501424529e-02 1.201923076923076990e-02
0.000000000000000000e+00 8.203347578347578439e-01 2.938034188034188005e-03 3.917378917378917629e-03 4.807692307692307959e-03
0.000000000000000000e+00 8.168625356125356340e-01 1.709401709401709574e-02 6.944444444444444059e-03 1.335470085470085409e-02
0.000000000000000000e+00 7.895299145299145005e-01 9.668803418803419147e-02 6.410256410256410034e-03 1.121794871794871799e-02
0.000000000000000000e+00 7.825854700854700807e-01 1.320779914529914556e-01 5.698005698005698290e-03 1.201923076923076990e-02
0.000000000000000000e+00 7.985220797720797847e-01 3.315972222222222099e-01 8.012820512820512109e-03 1.522435897435897405e-02
0.000000000000000000e+00 8.025284900284900269e-01 3.454861111111111049e-01 8.903133903133903307e-03 1.522435897435897405e-02
0.000000000000000000e+00 8.079594017094017255e-01 3.607104700854700807e-01 9.437321937321937332e-03 1.522435897435897405e-02
0.000000000000000000e+00 8.441061253561253919e-01 4.361645299145299193e-01 8.725071225071224720e-03 1.762820512820512803e-02
0.000000000000000000e+00 8.495370370370370905e-01 5.081463675213675479e-01 1.032763532763532680e-02 1.629273504273504383e-02
0.000000000000000000e+00 8.552350427350426942e-01 5.263087606837606458e-01 9.615384615384615918e-03 1.575854700854700807e-02
0.000000000000000000e+00 8.607549857549857686e-01 5.442040598290598385e-01 9.615384615384615918e-03 1.736111111111111188e-02
0.000000000000000000e+00 8.685007122507122368e-01 5.631677350427350959e-01 1.121794871794871799e-02 1.842948717948717993e-02
0.000000000000000000e+00 8.733084045584045274e-01 5.811965811965812412e-01 1.086182336182336255e-02 1.976495726495726413e-02
0.000000000000000000e+00 9.377670940170940161e-01 5.001335470085470636e-01 1.655982905982905998e-02 1.148504273504273587e-02
0.000000000000000000e+00 9.417735042735042583e-01 5.157585470085470636e-01 1.282051282051282007e-02 1.175213675213675202e-02
0.000000000000000000e+00 9.495192307692307265e-01 5.315170940170940161e-01 1.299857549857549865e-02 1.175213675213675202e-02
0.000000000000000000e+00 9.569088319088319139e-01 5.551549145299145005e-01 1.388888888888888812e-02 1.148504273504273587e-02
0.000000000000000000e+00 9.606481481481481399e-01 5.639690170940171443e-01 1.460113960113960073e-02 1.095085470085470011e-02
0.000000000000000000e+00 8.957443019943019946e-01 7.582799145299145005e-01 8.012820512820512109e-03 1.869658119658119608e-02
