0.000000000000000000e+00 1.368411680911680861e-01 3.668536324786324521e-01 5.519943019943019703e-03 7.211538461538461939e-03
0.000000000000000000e+00 6.588319088319088968e-02 5.060096153846154188e-01 9.259259259259258745e-03 1.095085470085470011e-02
0.000000000000000000e+00 1.514423076923076816e-01 4.513888888888888951e-01 8.725071225071224720e-03 1.602564102564102422e-02
0.000000000000000000e+00 1.709401709401709435e-01 6.252670940170940161e-01 8.903133903133903307e-03 6.944444444444444059e-03
0.000000000000000000e+00 1.852742165242165229e-01 6.308760683760683552e-01 1.620370370370370280e-02 1.335470085470085409e-02
0.000000000000000000e+00 1.866096866096866036e-01 6.517094017094017255e-01 1.745014245014244944e-02 1.335470085470085409e-02
0.000000000000000000e+00 3.563034188034188143e-01 1.583867521367521292e-01 8.547008547008547868e-03 1.175213675213675202e-02
0.000000000000000000e+00 3.634259259259259300e-01 1.686698717948718063e-01 9.615384615384615918e-03 1.362179487179487197e-02
0.000000000000000000e+00 2.932692307692307820e-01 2.625534188034188143e-01 1.139601139601139658e-02 9.615384615384615918e-03
0.000000000000000000e+00 3.564814814814814548e-01 2.528044871794871695e-01 1.246438746438746463e-02 1.041666666666666609e-02
0.000000000000000000e+00 3.947649572649572502e-01 2.402510683760683829e-01 1.424501424501424529e-02 1.308760683760683795e-02
0.000000000000000000e+00 2.775106837606837740e-01 4.448450854700854440e-01 1.228632478632478604e-02 1.201923076923076990e-02
0.000000000000000000e+00 3.076923076923077094e-01 4.413728632478632341e-01 8.190883190883190695e-03 1.736111111111111188e-02
0.000000000000000000e+00 2.401175213675213749e-01 4.910523504273504036e-01 1.335470085470085409e-02 1.041666666666666609e-02
0.000000000000000000e+00 2.554309116809116986e-01 4.978632478632478708e-01 1.513532763532763475e-02 1.335470085470085409e-02
0.000000000000000000e+00 4.114138176638176825e-01 4.170673076923077094e-01 1.264245014245014322e-02 1.201923076923076990e-02
0.000000000000000000e+00 3.515847578347578439e-01 4.989316239316239354e-01 9.081196581196581893e-03 1.495726495726495790e-02
0.000000000000000000e+00 3.024394586894587067e-01 5.749198717948718063e-01 1.050569800569800538e-02 1.682692307692307612e-02
0.000000000000000000e+00 3.136574074074073848e-01 5.836004273504273865e-01 9.793447293447292770e-03 1.709401709401709574e-02
0.000000000000000000e+00 3.058226495726495964e-01 6.014957264957264682e-01 1.014957264957264994e-02 1.655982905982905998e-02
0.000000000000000000e+00 2.903311965811966044e-01 6.412927350427350959e-01 1.299857549857549865e-02 2.350427350427350404e-02
0.000000000000000000e+00 2.808048433048432879e-01 6.701388888888888395e-01 9.259259259259258745e-03 1.602564102564102422e-02
0.000000000000000000e+00 2.711894586894587067e-01 6.964476495726495964e-01 9.615384615384615918e-03 1.522435897435897405e-02
0.000000000000000000e+00 5.468304843304843121e-01 5.208333333333333044e-03 1.139601139601139658e-02 8.814102564102564014e-03
0.000000000000000000e+00 5.593839031339031820e-01 4.340277777777777624e-02 6.944444444444444059e-03 1.201923076923076990e-02
0.000000000000000000e+00 5.405982905982905651e-01 7.545405982905982467e-02 7.122507122507122646e-03 1.095085470085470011e-02
0.000000000000000000e+00 5.299145299145299193e-01 9.428418803418803229e-02 7.478632478632478951e-03 1.068376068376068397e-02
0.000000000000000000e+00 5.212784900284900269e-01 1.088408119658119677e-01 8.368945868945869282e-03 1.255341880341880392e-02
0.000000000000000000e+00 5.080128205128204844e-01 1.311431623931623991e-01 7.834757834757835257e-03 1.228632478632478604e-02
0.000000000000000000e+00 5.144230769230768718e-01 1.360844017094016978e-01 7.478632478632478951e-03 1.095085470085470011e-02
0.000000000000000000e+00 6.170762108262107803e-01 1.426282051282051211e-01 5.876068376068376009e-03 6.410256410256410034e-03
0.000000000000000000e+00 6.737891737891738009e-01 5.587606837606837740e-01 8.547008547008547868e-03 1.228632478632478604e-02
0.000000000000000000e+00 4.155092592592592449e-01 7.528044871794872250e-01 1.513532763532763475e-02 1.255341880341880392e-02
0.000000000000000000e+00 4.642984330484330457e-01 7.717681623931623713e-01 1.228632478632478604e-02 1.148504273504273587e-02
0.000000000000000000e+00 4.988425925925926152e-01 7.576121794871795156e-01 1.513532763532763475e-02 1.415598290598290600e-02
0.000000000000000000e+00 4.804131054131053902e-01 9.058493589743589203e-01 9.259259259259258745e-03 1.949786324786324798e-02
0.000000000000000000e+00 4.891381766381766583e-01 9.047809829059828557e-01 8.190883190883190695e-03 1.415598290598290600e-02
0.000000000000000000e+00 5.702457264957264682e-01 7.282318376068376287e-01 1.406695156695156670e-02 1.255341880341880392e-02
0.000000000000000000e+00 6.336360398860398924e-01 6.967147435897436125e-01 1.406695156695156670e-02 1.415598290598290600e-02
0.000000000000000000e+00 6.481481481481481399e-01 6.900373931623932089e-01 1.388888888888888812e-02 1.255341880341880392e-02
0.000000000000000000e+00 7.197293447293446889e-01 6.526442307692307265e-01 1.139601139601139658e-02 1.041666666666666609e-02
0.000000000000000000e+00 7.500000000000000000e-01 6.356837606837606458e-01 1.282051282051282007e-02 1.388888888888888812e-02
0.000000000000000000e+00 7.793803418803418870e-01 6.980502136752136932e-01 8.547008547008547868e-03 1.469017094017094002e-02
0.000000000000000000e+00 8.165064102564102422e-01 6.113782051282051766e-01 5.876068376068376009e-03 4.807692307692307959e-03
0.000000000000000000e+00 8.327991452991453381e-01 6.543803418803418870e-01 5.698005698005698290e-03 1.282051282051282007e-02
0.000000000000000000e+00 8.150819088319087857e-01 6.659989316239316448e-01 1.228632478632478604e-02 6.143162393162393022e-03
0.000000000000000000e+00 8.239850427350426942e-01 9.270833333333333703e-01 1.193019943019943060e-02 2.297008547008547175e-02
0.000000000000000000e+00 8.508725071225071712e-01 6.726762820512820484e-01 1.477920227920227932e-02 1.736111111111111188e-02
0.000000000000000000e+00 8.764245014245014564e-01 6.924412393162393542e-01 1.103988603988603941e-02 1.469017094017094002e-02
0.000000000000000000e+00 8.847934472934473327e-01 6.968482905982905651e-01 1.139601139601139658e-02 1.335470085470085409e-02
0.000000000000000000e+00 8.914707977207977363e-01 7.024572649572649041e-01 1.086182336182336255e-02 1.121794871794871799e-02
0.000000000000000000e+00 9.001068376068376287e-01 7.063301282051281937e-01 1.068376068376068397e-02 1.201923076923076990e-02
0.000000000000000000e+00 9.077635327635327211e-01 7.112713675213675479e-01 1.175213675213675202e-02 1.335470085470085409e-02
0.000000000000000000e+00 9.228988603988603767e-01 7.258279914529914834e-01 1.460113960113960073e-02 1.469017094017094002e-02
0.000000000000000000e+00 9.318019943019942852e-01 7.314369658119658224e-01 1.103988603988603941e-02 1.201923076923076990e-02
0.000000000000000000e+00 9.486289173789174134e-01 7.490651709401708880e-01 9.081196581196581893e-03 1.148504273504273587e-02
0.000000000000000000e+00 9.456018518518518601e-01 7.576121794871795156e-01 1.264245014245014322e-02 1.362179487179487197e-02
0.000000000000000000e+00 9.431980056980057148e-01 7.652243589743589203e-01 1.282051282051282007e-02 1.549145299145299193e-02
0.000000000000000000e+00 9.404380341880341776e-01 7.803151709401708880e-01 9.081196581196581893e-03 1.842948717948717993e-02
0.000000000000000000e+00 9.945690883190883014e-01 9.734241452991453381e-01 1.014957264957264994e-02 1.949786324786324798e-02
0.000000000000000000e+00 9.878027065527065220e-01 9.923878205128204844e-01 1.086182336182336255e-02 1.469017094017094002e-02
