0.000000000000000000e+00 2.199074074074074125e-02 4.117254273504273310e-01 1.371082621082621127e-02 1.095085470085470011e-02
0.000000000000000000e+00 7.683404558404557938e-02 4.067841880341880323e-01 5.163817663817663398e-03 6.944444444444444059e-03
0.000000000000000000e+00 1.002492877492877493e-01 4.059829059829059839e-01 1.460113960113960073e-02 1.014957264957264994e-02
0.000000000000000000e+00 1.304309116809116709e-01 4.125267094017093794e-01 5.519943019943019703e-03 1.362179487179487197e-02
0.000000000000000000e+00 8.457977207977207534e-02 5.483440170940171443e-01 6.054131054131053728e-03 1.335470085470085409e-02
0.000000000000000000e+00 5.199430199430199462e-02 5.458066239316239354e-01 8.903133903133903307e-03 2.056623931623931603e-02
0.000000000000000000e+00 7.345085470085470358e-02 7.016559829059828557e-01 1.477920227920227932e-02 1.282051282051282007e-02
0.000000000000000000e+00 1.642628205128205121e-01 4.911858974358974117e-01 6.944444444444444059e-03 1.655982905982905998e-02
0.000000000000000000e+00 1.566951566951566843e-01 5.233707264957264682e-01 7.478632478632478951e-03 1.362179487179487197e-02
0.000000000000000000e+00 1.877670940170940161e-01 4.882478632478632341e-01 7.656695156695156670e-03 1.709401709401709574e-02
0.000000000000000000e+00 1.964031339031339085e-01 4.873130341880341776e-01 7.122507122507122646e-03 1.789529914529914417e-02
0.000000000000000000e+00 2.050391737891738009e-01 4.855769230769230727e-01 7.300569800569800365e-03 1.602564102564102422e-02
0.000000000000000000e+00 2.129629629629629650e-01 5.184294871794872250e-01 7.122507122507122646e-03 1.282051282051282007e-02
0.000000000000000000e+00 1.280270655270655256e-01 6.372863247863247427e-01 1.495726495726495790e-02 1.014957264957264994e-02
0.000000000000000000e+00 1.275819088319088412e-01 6.456997863247863068e-01 1.584757834757834910e-02 1.201923076923076990e-02
0.000000000000000000e+00 1.280270655270655256e-01 6.562500000000000000e-01 1.673789173789173856e-02 1.282051282051282007e-02
0.000000000000000000e+00 1.260683760683760646e-01 6.673344017094017255e-01 1.388888888888888812e-02 1.148504273504273587e-02
0.000000000000000000e+00 1.263354700854700807e-01 6.792200854700854995e-01 1.549145299145299193e-02 1.121794871794871799e-02
0.000000000000000000e+00 1.639066951566951480e-01 6.416933760683760646e-01 1.584757834757834910e-02 1.095085470085470011e-02
0.000000000000000000e+00 1.639066951566951480e-01 6.505074786324785974e-01 1.406695156695156670e-02 1.041666666666666609e-02
0.000000000000000000e+00 1.622150997150997032e-01 6.622596153846154188e-01 1.923076923076923184e-02 1.415598290598290600e-02
0.000000000000000000e+00 1.154736467236467251e-01 7.172809829059828557e-01 1.406695156695156670e-02 1.255341880341880392e-02
0.000000000000000000e+00 2.639779202279202153e-01 6.717414529914529642e-02 1.086182336182336255e-02 8.279914529914529989e-03
0.000000000000000000e+00 2.641559829059829112e-01 7.558760683760683274e-02 8.725071225071224720e-03 4.273504273504273934e-03
0.000000000000000000e+00 2.647792022792022637e-01 8.239850427350427220e-02 1.638176638176638139e-02 1.308760683760683795e-02
0.000000000000000000e+00 2.638888888888888951e-01 9.521901709401708880e-02 1.068376068376068397e-02 8.814102564102564014e-03
0.000000000000000000e+00 2.516025641025640969e-01 1.968482905982905928e-01 8.190883190883190695e-03 9.615384615384615918e-03
0.000000000000000000e+00 2.959401709401709435e-01 4.074519230769230727e-01 1.210826210826210746e-02 9.882478632478632063e-03
0.000000000000000000e+00 2.969195156695156879e-01 4.158653846153846367e-01 1.264245014245014322e-02 1.068376068376068397e-02
0.000000000000000000e+00 3.435719373219373041e-01 4.149305555555555802e-01 1.228632478632478604e-02 8.279914529914529989e-03
0.000000000000000000e+00 3.441951566951567121e-01 4.220085470085470081e-01 1.246438746438746463e-02 8.012820512820512109e-03
0.000000000000000000e+00 3.446403133903133686e-01 4.302884615384615641e-01 1.513532763532763475e-02 9.615384615384615918e-03
0.000000000000000000e+00 2.986111111111111049e-01 4.289529914529914278e-01 1.460113960113960073e-02 1.175213675213675202e-02
0.000000000000000000e+00 2.975427350427350404e-01 4.373664529914529919e-01 1.282051282051282007e-02 9.882478632478632063e-03
0.000000000000000000e+00 2.992343304843304574e-01 4.461805555555555802e-01 8.368945868945869282e-03 9.882478632478632063e-03
0.000000000000000000e+00 3.441061253561253364e-01 4.399038461538461453e-01 1.477920227920227932e-02 1.068376068376068397e-02
0.000000000000000000e+00 3.117877492877492718e-01 4.652777777777777901e-01 6.410256410256410034e-03 1.655982905982905998e-02
0.000000000000000000e+00 3.327991452991452825e-01 4.643429487179487336e-01 7.478632478632478951e-03 1.415598290598290600e-02
0.000000000000000000e+00 3.344907407407407551e-01 4.867788461538461453e-01 7.300569800569800365e-03 1.736111111111111188e-02
0.000000000000000000e+00 3.135683760683760646e-01 5.149572649572649041e-01 7.478632478632478951e-03 1.282051282051282007e-02
0.000000000000000000e+00 3.355591168091168197e-01 5.121527777777777901e-01 8.012820512820512109e-03 1.789529914529914417e-02
0.000000000000000000e+00 3.358262108262108359e-01 5.347222222222222099e-01 8.547008547008547868e-03 1.976495726495726413e-02
0.000000000000000000e+00 3.145477207977208089e-01 5.587606837606837740e-01 6.944444444444444059e-03 1.549145299145299193e-02
0.000000000000000000e+00 3.158831908831908897e-01 6.053685897435897578e-01 8.190883190883190695e-03 1.896367521367521222e-02
0.000000000000000000e+00 2.694088319088319139e-01 6.891025641025640969e-01 1.994301994301994271e-02 9.081196581196581893e-03
0.000000000000000000e+00 2.880163817663817794e-01 7.131410256410256610e-01 1.371082621082621127e-02 1.335470085470085409e-02
0.000000000000000000e+00 3.409900284900284628e-01 7.080662393162393542e-01 1.460113960113960073e-02 1.068376068376068397e-02
0.000000000000000000e+00 3.415242165242165506e-01 7.179487179487179516e-01 1.495726495726495790e-02 1.121794871794871799e-02
0.000000000000000000e+00 2.912215099715099731e-01 7.621527777777777901e-01 1.762820512820512803e-02 1.201923076923076990e-02
0.000000000000000000e+00 3.408119658119658224e-01 7.505341880341880323e-01 1.460113960113960073e-02 1.175213675213675202e-02
0.000000000000000000e+00 3.209579772079771964e-01 7.772435897435897578e-01 8.368945868945869282e-03 2.243589743589743599e-02
0.000000000000000000e+00 3.227386039886039892e-01 8.178418803418803229e-01 7.656695156695156670e-03 2.297008547008547175e-02
0.000000000000000000e+00 3.224715099715099731e-01 8.414797008547008073e-01 7.834757834757835257e-03 1.949786324786324798e-02
0.000000000000000000e+00 3.253205128205128305e-01 9.134615384615384359e-01 8.190883190883190695e-03 2.297008547008547175e-02
0.000000000000000000e+00 3.285256410256410242e-01 9.922542735042735318e-01 8.190883190883190695e-03 1.549145299145299193e-02
0.000000000000000000e+00 5.162927350427350959e-01 3.799412393162392987e-01 8.012820512820512109e-03 2.056623931623931603e-02
0.000000000000000000e+00 5.254629629629629095e-01 4.579326923076922906e-01 8.547008547008547868e-03 1.842948717948717993e-02
0.000000000000000000e+00 5.284009971509971981e-01 4.754273504273504036e-01 8.368945868945869282e-03 1.762820512820512803e-02
0.000000000000000000e+00 5.309829059829059839e-01 4.933226495726495964e-01 7.478632478632478951e-03 1.602564102564102422e-02
0.000000000000000000e+00 5.165598290598291120e-01 5.162927350427350959e-01 8.190883190883190695e-03 2.029914529914529989e-02
0.000000000000000000e+00 5.205662393162393542e-01 5.400641025641025328e-01 8.012820512820512109e-03 1.923076923076923184e-02
0.000000000000000000e+00 5.401531339031339085e-01 5.606303418803418870e-01 7.656695156695156670e-03 1.602564102564102422e-02
0.000000000000000000e+00 5.272435897435897578e-01 5.885416666666666297e-01 8.547008547008547868e-03 2.110042735042735179e-02
0.000000000000000000e+00 5.286680911680912143e-01 6.072382478632478708e-01 7.834757834757835257e-03 1.789529914529914417e-02
0.000000000000000000e+00 5.359686609686609149e-01 6.646634615384615641e-01 7.122507122507122646e-03 1.736111111111111188e-02
0.000000000000000000e+00 5.558226495726495964e-01 6.830929487179486781e-01 9.081196581196581893e-03 2.003205128205128374e-02
0.000000000000000000e+00 4.766737891737891641e-01 7.305021367521367104e-01 7.122507122507122646e-03 1.495726495726495790e-02
0.000000000000000000e+00 4.841524216524216717e-01 7.274305555555555802e-01 7.478632478632478951e-03 1.682692307692307612e-02
0.000000000000000000e+00 5.006232193732194080e-01 7.235576923076922906e-01 9.437321937321937332e-03 1.655982905982905998e-02
0.000000000000000000e+00 5.181623931623932089e-01 7.198183760683760646e-01 7.478632478632478951e-03 8.547008547008547868e-03
0.000000000000000000e+00 5.605413105413105113e-01 7.204861111111111605e-01 9.615384615384615918e-03 2.377136752136752018e-02
0.000000000000000000e+00 5.442485754985755264e-01 7.314369658119658224e-01 8.012820512820512109e-03 1.736111111111111188e-02
0.000000000000000000e+00 5.471866096866097040e-01 7.506677350427350959e-01 8.547008547008547868e-03 1.842948717948717993e-02
0.000000000000000000e+00 5.638354700854700807e-01 7.429220085470085166e-01 8.725071225071224720e-03 2.110042735042735179e-02
0.000000000000000000e+00 5.502136752136752573e-01 7.831196581196581130e-01 8.190883190883190695e-03 2.029914529914529989e-02
0.000000000000000000e+00 5.681089743589743390e-01 7.757745726495726135e-01 8.012820512820512109e-03 1.896367521367521222e-02
0.000000000000000000e+00 5.706908831908832358e-01 7.995459401709401615e-01 9.259259259259258745e-03 2.377136752136752018e-02
0.000000000000000000e+00 5.534188034188034511e-01 8.044871794871795156e-01 8.547008547008547868e-03 1.762820512820512803e-02
0.000000000000000000e+00 5.561787749287748772e-01 8.255876068376067911e-01 8.012820512820512109e-03 2.403846153846153980e-02
0.000000000000000000e+00 5.743411680911680861e-01 8.243856837606837740e-01 8.368945868945869282e-03 1.896367521367521222e-02
0.000000000000000000e+00 5.773682336182336394e-01 8.429487179487179516e-01 7.300569800569800365e-03 1.602564102564102422e-02
0.000000000000000000e+00 5.616096866096865758e-01 8.663194444444444198e-01 8.547008547008547868e-03 2.056623931623931603e-02
0.000000000000000000e+00 5.806623931623932089e-01 8.644497863247863068e-01 1.032763532763532680e-02 2.483974358974358823e-02
0.000000000000000000e+00 5.844017094017094349e-01 8.927617521367521292e-01 9.615384615384615918e-03 2.056623931623931603e-02
0.000000000000000000e+00 5.885861823361823175e-01 9.173344017094017255e-01 1.014957264957264994e-02 2.537393162393162399e-02
0.000000000000000000e+00 5.686431623931623713e-01 9.320245726495726135e-01 8.725071225071224720e-03 2.163461538461538408e-02
0.000000000000000000e+00 5.711360398860398924e-01 9.563301282051281937e-01 1.014957264957264994e-02 2.590811965811965975e-02
0.000000000000000000e+00 5.753205128205127750e-01 9.841079059829059839e-01 8.903133903133903307e-03 1.949786324786324798e-02
0.000000000000000000e+00 5.535078347578347158e-01 2.630876068376068397e-02 1.086182336182336255e-02 8.279914529914529989e-03
0.000000000000000000e+00 5.529736467236466835e-01 3.178418803418803229e-02 9.793447293447292770e-03 7.478632478632478951e-03
0.000000000000000000e+00 5.535968660968660915e-01 3.712606837606837601e-02 9.971509971509971357e-03 6.944444444444444059e-03
0.000000000000000000e+00 5.544871794871795156e-01 4.233440170940171166e-02 9.615384615384615918e-03 7.745726495726495964e-03
0.000000000000000000e+00 5.909009971509971981e-01 2.043269230769230796e-02 9.437321937321937332e-03 5.608974358974358997e-03
0.000000000000000000e+00 5.895655270655271174e-01 2.697649572649572780e-02 8.903133903133903307e-03 7.478632478632478951e-03
0.000000000000000000e+00 5.916132478632478708e-01 3.178418803418803229e-02 1.014957264957264994e-02 9.081196581196581893e-03
0.000000000000000000e+00 5.923254985754985436e-01 3.766025641025640830e-02 9.437321937321937332e-03 8.012820512820512109e-03
0.000000000000000000e+00 6.769052706552706189e-01 1.048344017094017117e-01 3.739316239316239476e-03 9.348290598290598039e-03
0.000000000000000000e+00 6.762820512820513219e-01 2.127403846153846090e-01 1.139601139601139658e-02 1.148504273504273587e-02
0.000000000000000000e+00 7.032585470085470636e-01 1.959134615384615363e-01 9.793447293447292770e-03 1.201923076923076990e-02
0.000000000000000000e+00 7.100249287749287319e-01 1.937767094017094072e-01 3.027065527065526864e-03 9.348290598290598039e-03
0.000000000000000000e+00 6.826032763532763337e-01 2.401175213675213749e-01 9.437321937321937332e-03 7.478632478632478951e-03
0.000000000000000000e+00 6.828703703703703498e-01 2.483974358974359031e-01 6.054131054131053728e-03 7.478632478632478951e-03
0.000000000000000000e+00 7.139423076923077094e-01 2.475961538461538547e-01 9.793447293447292770e-03 8.012820512820512109e-03
0.000000000000000000e+00 7.142094017094017255e-01 2.549412393162392987e-01 1.282051282051282007e-02 1.041666666666666609e-02
0.000000000000000000e+00 7.196403133903134242e-01 2.677617521367521292e-01 1.264245014245014322e-02 1.095085470085470011e-02
0.000000000000000000e+00 7.248931623931623713e-01 2.963408119658119677e-01 1.175213675213675202e-02 9.348290598290598039e-03
0.000000000000000000e+00 6.699608262108261991e-01 3.187767094017093794e-01 1.228632478632478604e-02 6.143162393162393022e-03
0.000000000000000000e+00 6.959579772079772519e-01 3.159722222222222099e-01 1.264245014245014322e-02 5.876068376068376009e-03
0.000000000000000000e+00 7.128739316239316448e-01 3.131677350427350404e-01 1.228632478632478604e-02 8.814102564102564014e-03
0.000000000000000000e+00 7.664707977207977363e-01 4.456463675213675479e-01 9.081196581196581893e-03 2.216880341880341984e-02
0.000000000000000000e+00 8.158831908831908342e-01 5.896100427350426942e-01 1.175213675213675202e-02 2.751068376068376009e-02
0.000000000000000000e+00 8.492699430199430743e-01 9.847756410256410797e-01 2.190170940170940023e-02 2.136752136752136794e-02
0.000000000000000000e+00 8.258547008547008073e-01 9.957264957264957417e-01 1.780626780626780661e-02 8.012820512820512109e-03
0.000000000000000000e+00 7.563212250712251228e-01 1.749465811965811857e-01 1.228632478632478604e-02 8.012820512820512109e-03
0.000000000000000000e+00 7.585470085470085166e-01 1.802884615384615363e-01 1.175213675213675202e-02 8.012820512820512109e-03
0.000000000000000000e+00 7.655804843304843121e-01 1.663995726495726413e-01 1.264245014245014322e-02 8.547008547008547868e-03
0.000000000000000000e+00 7.680733618233618332e-01 1.716079059829059839e-01 1.228632478632478604e-02 7.745726495726495964e-03
0.000000000000000000e+00 7.704772079772079785e-01 1.777510683760683829e-01 1.317663817663817724e-02 8.814102564102564014e-03
0.000000000000000000e+00 7.737713675213675479e-01 1.840277777777777901e-01 1.193019943019943060e-02 8.547008547008547868e-03
0.000000000000000000e+00 7.937143874643874941e-01 1.689369658119658224e-01 1.299857549857549865e-02 9.882478632478632063e-03
0.000000000000000000e+00 7.976317663817663606e-01 1.793536324786324798e-01 1.371082621082621127e-02 8.814102564102564014e-03
0.000000000000000000e+00 8.376958689458688934e-01 2.899305555555555802e-01 1.264245014245014322e-02 9.882478632478632063e-03
0.000000000000000000e+00 9.220085470085470636e-01 1.709401709401709574e-02 8.190883190883190695e-03 1.014957264957264994e-02
0.000000000000000000e+00 9.330484330484331013e-01 4.153311965811965628e-02 8.903133903133903307e-03 1.148504273504273587e-02
0.000000000000000000e+00 9.757834757834757955e-01 9.855769230769230449e-02 9.259259259259258745e-03 1.121794871794871799e-02
0.000000000000000000e+00 9.919871794871795156e-01 1.172542735042735040e-01 1.246438746438746463e-02 9.081196581196581893e-03
0.000000000000000000e+00 9.948361823361823175e-01 1.231303418803418870e-01 1.032763532763532680e-02 9.081196581196581893e-03
0.000000000000000000e+00 9.962606837606837740e-01 1.348824786324786251e-01 7.122507122507122646e-03 1.068376068376068397e-02
0.000000000000000000e+00 9.230769230769231282e-01 1.809561965811965767e-01 9.615384615384615918e-03 1.362179487179487197e-02
0.000000000000000000e+00 9.490740740740740700e-01 2.760416666666666852e-01 1.282051282051282007e-02 9.348290598290598039e-03
0.000000000000000000e+00 9.070512820512820484e-01 3.826121794871794601e-01 1.887464387464387466e-02 1.362179487179487197e-02
0.000000000000000000e+00 9.336716524216523982e-01 3.612446581196581130e-01 1.299857549857549865e-02 1.041666666666666609e-02
0.000000000000000000e+00 9.385683760683760646e-01 3.763354700854700807e-01 1.210826210826210746e-02 1.014957264957264994e-02
0.000000000000000000e+00 9.617165242165242045e-01 3.608440170940170888e-01 8.903133903133903307e-03 1.495726495726495790e-02
0.000000000000000000e+00 9.785434472934473327e-01 3.772702991452991372e-01 1.371082621082621127e-02 1.095085470085470011e-02
0.000000000000000000e+00 9.660790598290598385e-01 7.414529914529914834e-01 1.228632478632478604e-02 2.029914529914529989e-02
0.000000000000000000e+00 9.847756410256410797e-01 8.181089743589743390e-01 1.086182336182336255e-02 1.923076923076923184e-02
0.000000000000000000e+00 9.746260683760683552e-01 2.270299145299145473e-03 7.300569800569800365e-03 4.006410256410256054e-03
0.000000000000000000e+00 9.776531339031339085e-01 7.211538461538461939e-03 5.519943019943019703e-03 5.341880341880341984e-03
0.000000000000000000e+00 9.793447293447293811e-01 1.295405982905982988e-02 7.122507122507122646e-03 6.677350427350427046e-03
