0.000000000000000000e+00 1.781517094017094072e-01 3.500267094017093794e-01 8.012820512820512109e-03 2.056623931623931603e-02
0.000000000000000000e+00 1.745014245014245013e-01 4.268162393162392987e-01 6.766381766381766340e-03 1.762820512820512803e-02
0.000000000000000000e+00 1.750356125356125336e-01 4.443108974358974117e-01 6.766381766381766340e-03 1.736111111111111188e-02
0.000000000000000000e+00 1.743233618233618332e-01 4.616720085470085722e-01 6.054131054131053728e-03 1.575854700854700807e-02
0.000000000000000000e+00 1.557158119658119677e-01 4.842414529914529919e-01 7.300569800569800365e-03 1.923076923076923184e-02
0.000000000000000000e+00 1.561609686609686520e-01 5.080128205128204844e-01 7.122507122507122646e-03 1.923076923076923184e-02
0.000000000000000000e+00 1.720975783475783560e-01 5.279113247863247427e-01 6.944444444444444059e-03 1.522435897435897405e-02
0.000000000000000000e+00 1.541132478632478708e-01 5.556891025641025328e-01 7.656695156695156670e-03 2.056623931623931603e-02
0.000000000000000000e+00 1.527777777777777901e-01 5.741185897435897578e-01 6.766381766381766340e-03 1.736111111111111188e-02
0.000000000000000000e+00 1.504629629629629650e-01 6.302083333333333703e-01 6.410256410256410034e-03 1.736111111111111188e-02
0.000000000000000000e+00 1.673789173789173856e-01 6.489049145299145005e-01 7.478632478632478951e-03 2.003205128205128374e-02
0.000000000000000000e+00 7.977207977207977085e-02 6.937767094017094349e-01 7.122507122507122646e-03 1.255341880341880392e-02
0.000000000000000000e+00 8.823005698005698116e-02 6.911057692307692735e-01 8.368945868945869282e-03 1.575854700854700807e-02
0.000000000000000000e+00 1.046118233618233556e-01 6.870993589743589203e-01 9.437321937321937332e-03 1.575854700854700807e-02
0.000000000000000000e+00 1.227742165242165229e-01 6.860309829059828557e-01 7.300569800569800365e-03 1.148504273504273587e-02
0.000000000000000000e+00 1.656873219373219408e-01 6.854967948717948234e-01 8.368945868945869282e-03 2.323717948717948789e-02
0.000000000000000000e+00 1.476139601139601076e-01 6.961805555555555802e-01 8.190883190883190695e-03 1.789529914529914417e-02
0.000000000000000000e+00 1.649750712250712126e-01 7.077991452991453381e-01 6.944444444444444059e-03 2.136752136752136794e-02
0.000000000000000000e+00 1.477920227920228036e-01 7.158119658119658224e-01 7.834757834757835257e-03 1.762820512820512803e-02
0.000000000000000000e+00 1.641737891737891641e-01 7.403846153846154188e-01 6.410256410256410034e-03 1.869658119658119608e-02
0.000000000000000000e+00 1.452101139601139623e-01 7.470619658119658224e-01 6.944444444444444059e-03 2.029914529914529989e-02
0.000000000000000000e+00 1.451210826210826144e-01 7.681623931623932089e-01 6.766381766381766340e-03 1.709401709401709574e-02
0.000000000000000000e+00 1.627492877492877354e-01 7.634882478632478708e-01 8.190883190883190695e-03 2.377136752136752018e-02
0.000000000000000000e+00 1.438746438746438816e-01 7.889957264957264682e-01 8.190883190883190695e-03 2.510683760683760785e-02
0.000000000000000000e+00 1.623041310541310511e-01 7.883279914529914834e-01 7.300569800569800365e-03 1.896367521367521222e-02
0.000000000000000000e+00 1.623931623931623991e-01 8.068910256410256610e-01 7.478632478632478951e-03 1.602564102564102422e-02
0.000000000000000000e+00 1.427172364672364691e-01 8.295940170940171443e-01 7.656695156695156670e-03 1.976495726495726413e-02
0.000000000000000000e+00 1.620370370370370350e-01 8.281250000000000000e-01 8.190883190883190695e-03 2.430555555555555594e-02
0.000000000000000000e+00 1.610576923076923184e-01 8.563034188034187588e-01 8.012820512820512109e-03 2.029914529914529989e-02
0.000000000000000000e+00 1.601673789173789220e-01 8.806089743589743390e-01 7.300569800569800365e-03 2.457264957264957209e-02
0.000000000000000000e+00 1.383547008547008628e-01 8.944978632478632896e-01 7.834757834757835257e-03 2.136752136752136794e-02
0.000000000000000000e+00 1.372863247863247982e-01 9.185363247863247427e-01 8.190883190883190695e-03 2.564102564102564014e-02
0.000000000000000000e+00 1.373753561253561184e-01 9.460470085470085166e-01 7.656695156695156670e-03 2.083333333333333218e-02
0.000000000000000000e+00 1.355056980056980054e-01 9.933226495726495964e-01 8.190883190883190695e-03 1.282051282051282007e-02
0.000000000000000000e+00 3.134793447293447444e-01 1.295405982905982988e-02 9.437321937321937332e-03 8.279914529914529989e-03
0.000000000000000000e+00 3.137464387464387605e-01 7.612179487179487024e-03 9.615384615384615918e-03 8.279914529914529989e-03
0.000000000000000000e+00 3.114316239316239354e-01 3.338675213675213523e-03 6.766381766381766340e-03 5.608974358974358997e-03
0.000000000000000000e+00 2.891737891737891641e-01 1.014957264957264994e-02 8.547008547008547868e-03 6.944444444444444059e-03
0.000000000000000000e+00 2.733262108262108359e-01 1.495726495726495790e-02 6.410256410256410034e-03 8.012820512820512109e-03
0.000000000000000000e+00 3.238960113960113740e-01 9.214743589743589966e-03 4.629629629629629373e-03 9.348290598290598039e-03
0.000000000000000000e+00 3.300391737891738009e-01 8.814102564102564014e-03 4.451566951566951653e-03 7.478632478632478951e-03
0.000000000000000000e+00 2.235576923076923184e-01 2.514690170940170888e-01 6.588319088319088621e-03 1.415598290598290600e-02
0.000000000000000000e+00 2.698539886039886260e-01 2.459935897435897301e-01 6.588319088319088621e-03 1.282051282051282007e-02
0.000000000000000000e+00 3.160612535612535856e-01 2.379807692307692180e-01 8.547008547008547868e-03 1.549145299145299193e-02
0.000000000000000000e+00 3.384971509971509973e-01 2.377136752136752018e-01 6.054131054131053728e-03 1.495726495726495790e-02
0.000000000000000000e+00 3.614672364672364413e-01 2.337072649572649596e-01 6.410256410256410034e-03 1.121794871794871799e-02
0.000000000000000000e+00 3.669871794871794601e-01 2.155448717948718063e-01 7.834757834757835257e-03 1.014957264957264994e-02
0.000000000000000000e+00 3.878205128205128305e-01 2.566773504273504036e-01 9.615384615384615918e-03 1.228632478632478604e-02
0.000000000000000000e+00 3.967236467236467390e-01 1.700053418803418870e-01 8.547008547008547868e-03 1.255341880341880392e-02
0.000000000000000000e+00 3.660078347578347713e-01 1.876335470085470081e-01 1.335470085470085409e-02 1.148504273504273587e-02
0.000000000000000000e+00 3.988603988603988681e-01 2.207532051282051211e-01 8.547008547008547868e-03 7.745726495726495964e-03
0.000000000000000000e+00 3.986823361823361722e-01 2.280982905982905928e-01 1.246438746438746463e-02 1.068376068376068397e-02
0.000000000000000000e+00 4.017094017094017255e-01 2.413194444444444475e-01 1.210826210826210746e-02 8.814102564102564014e-03
0.000000000000000000e+00 3.423254985754985991e-01 2.932692307692307820e-01 1.086182336182336255e-02 9.615384615384615918e-03
0.000000000000000000e+00 3.688568376068376287e-01 2.897970085470085722e-01 1.157407407407407343e-02 8.012820512820512109e-03
0.000000000000000000e+00 3.861289173789173579e-01 2.852564102564102422e-01 1.228632478632478604e-02 8.012820512820512109e-03
0.000000000000000000e+00 4.158653846153846367e-01 2.729700854700854440e-01 1.264245014245014322e-02 1.068376068376068397e-02
0.000000000000000000e+00 4.176460113960113740e-01 4.165331196581196771e-01 9.437321937321937332e-03 2.377136752136752018e-02
0.000000000000000000e+00 4.424857549857549865e-01 5.599626068376067911e-01 9.259259259259258745e-03 2.644230769230769204e-02
0.000000000000000000e+00 3.850605413105412933e-01 9.643429487179486781e-01 1.834045584045583890e-02 1.469017094017094002e-02
0.000000000000000000e+00 4.105235042735042583e-01 9.505876068376067911e-01 2.083333333333333218e-02 2.083333333333333218e-02
0.000000000000000000e+00 3.969907407407407551e-01 9.922542735042735318e-01 1.869658119658119608e-02 1.495726495726495790e-02
0.000000000000000000e+00 4.173789173789173579e-01 9.818376068376067911e-01 1.353276353276353268e-02 1.602564102564102422e-02
0.000000000000000000e+00 4.985754985754985991e-01 8.919604700854700807e-01 1.531339031339031334e-02 1.682692307692307612e-02
0.000000000000000000e+00 4.544159544159543929e-01 1.495726495726495686e-01 1.210826210826210746e-02 6.944444444444444059e-03
0.000000000000000000e+00 4.553952991452991372e-01 1.561164529914529919e-01 1.299857549857549865e-02 8.814102564102564014e-03
0.000000000000000000e+00 4.654558404558404305e-01 1.412927350427350404e-01 1.282051282051282007e-02 7.478632478632478951e-03
0.000000000000000000e+00 4.666132478632478708e-01 1.466346153846153910e-01 1.193019943019943060e-02 7.478632478632478951e-03
0.000000000000000000e+00 4.675035612535612395e-01 1.527777777777777901e-01 1.264245014245014322e-02 8.547008547008547868e-03
0.000000000000000000e+00 4.704415954415954171e-01 1.585202991452991372e-01 1.175213675213675202e-02 7.745726495726495964e-03
0.000000000000000000e+00 4.934116809116809166e-01 1.444978632478632341e-01 1.210826210826210746e-02 9.615384615384615918e-03
0.000000000000000000e+00 4.956374643874643660e-01 1.546474358974359031e-01 1.442307692307692388e-02 9.081196581196581893e-03
0.000000000000000000e+00 5.347222222222222099e-01 2.598824786324786529e-01 1.139601139601139658e-02 9.615384615384615918e-03
0.000000000000000000e+00 5.691773504273504036e-01 3.561698717948718063e-01 1.727207977207977085e-02 1.469017094017094002e-02
0.000000000000000000e+00 5.684650997150997309e-01 7.115384615384615641e-01 8.725071225071224720e-03 2.029914529914529989e-02
0.000000000000000000e+00 5.740740740740740700e-01 7.880608974358974672e-01 8.903133903133903307e-03 1.949786324786324798e-02
0.000000000000000000e+00 5.470975783475783283e-01 5.235042735042735179e-02 7.300569800569800365e-03 1.282051282051282007e-02
0.000000000000000000e+00 5.538639601139601076e-01 5.208333333333333565e-02 6.232193732193732315e-03 9.615384615384615918e-03
0.000000000000000000e+00 5.606303418803418870e-01 5.021367521367521569e-02 2.670940170940170992e-03 6.410256410256410034e-03
0.000000000000000000e+00 6.547364672364672789e-01 2.016559829059829181e-02 7.478632478632478951e-03 1.095085470085470011e-02
0.000000000000000000e+00 5.897435897435897578e-01 8.066239316239316726e-02 6.054131054131053728e-03 1.282051282051282007e-02
0.000000000000000000e+00 6.000712250712251228e-01 1.157852564102564152e-01 5.698005698005698290e-03 1.095085470085470011e-02
0.000000000000000000e+00 6.047008547008546619e-01 1.323450854700854717e-01 8.190883190883190695e-03 1.255341880341880392e-02
0.000000000000000000e+00 6.214387464387464144e-01 1.574519230769230727e-01 7.834757834757835257e-03 1.255341880341880392e-02
0.000000000000000000e+00 6.164529914529914834e-01 2.533386752136752018e-01 1.032763532763532680e-02 9.348290598290598039e-03
0.000000000000000000e+00 6.002492877492877632e-01 3.353365384615384359e-01 1.282051282051282007e-02 9.882478632478632063e-03
0.000000000000000000e+00 6.023860398860398924e-01 3.506944444444444198e-01 1.246438746438746463e-02 9.615384615384615918e-03
0.000000000000000000e+00 6.288283475783476018e-01 3.348023504273504036e-01 6.232193732193732315e-03 1.469017094017094002e-02
0.000000000000000000e+00 6.431623931623932089e-01 3.517628205128205399e-01 1.317663817663817724e-02 1.014957264957264994e-02
0.000000000000000000e+00 6.420940170940171443e-01 7.788461538461538547e-01 1.460113960113960073e-02 1.602564102564102422e-02
0.000000000000000000e+00 6.569622507122506727e-01 7.665598290598291120e-01 1.371082621082621127e-02 1.709401709401709574e-02
0.000000000000000000e+00 6.730769230769231282e-01 7.541399572649573058e-01 1.566951566951567051e-02 1.842948717948717993e-02
0.000000000000000000e+00 6.878561253561253919e-01 7.678952991452991927e-02 8.190883190883190695e-03 1.148504273504273587e-02
0.000000000000000000e+00 7.008547008547008073e-01 9.575320512820513497e-02 1.246438746438746463e-02 9.348290598290598039e-03
0.000000000000000000e+00 7.027243589743589203e-01 1.012286324786324798e-01 1.014957264957264994e-02 9.081196581196581893e-03
0.000000000000000000e+00 7.048611111111111605e-01 1.128472222222222238e-01 1.264245014245014322e-02 1.095085470085470011e-02
0.000000000000000000e+00 7.363782051282051766e-01 1.197916666666666713e-01 1.193019943019943060e-02 8.279914529914529989e-03
0.000000000000000000e+00 7.379807692307692735e-01 1.240651709401709435e-01 1.121794871794871799e-02 7.211538461538461939e-03
0.000000000000000000e+00 7.284544159544159569e-01 3.130341880341880323e-01 4.985754985754985678e-03 1.495726495726495790e-02
0.000000000000000000e+00 7.288995726495726135e-01 3.298611111111111049e-01 6.232193732193732315e-03 1.335470085470085409e-02
0.000000000000000000e+00 7.273860398860398924e-01 3.572382478632478708e-01 6.054131054131053728e-03 1.522435897435897405e-02
0.000000000000000000e+00 7.276531339031339085e-01 3.891559829059829112e-01 6.588319088319088621e-03 1.388888888888888812e-02
0.000000000000000000e+00 7.272079772079772519e-01 4.117254273504273310e-01 7.834757834757835257e-03 1.736111111111111188e-02
0.000000000000000000e+00 7.199964387464387050e-01 4.479166666666666852e-01 7.656695156695156670e-03 2.083333333333333218e-02
0.000000000000000000e+00 7.191951566951566566e-01 4.646100427350427498e-01 6.766381766381766340e-03 1.469017094017094002e-02
0.000000000000000000e+00 7.266737891737892197e-01 4.608707264957264682e-01 6.410256410256410034e-03 1.575854700854700807e-02
0.000000000000000000e+00 7.262286324786324521e-01 4.787660256410256610e-01 6.944444444444444059e-03 1.949786324786324798e-02
0.000000000000000000e+00 7.261396011396011874e-01 4.987980769230769273e-01 7.122507122507122646e-03 1.469017094017094002e-02
0.000000000000000000e+00 7.261396011396011874e-01 5.177617521367521292e-01 6.766381766381766340e-03 1.575854700854700807e-02
0.000000000000000000e+00 7.410078347578347158e-01 5.454059829059828557e-01 1.513532763532763475e-02 1.228632478632478604e-02
0.000000000000000000e+00 7.183048433048433434e-01 5.948183760683760646e-01 7.122507122507122646e-03 1.762820512820512803e-02
0.000000000000000000e+00 7.171474358974359031e-01 6.176549145299145005e-01 8.368945868945869282e-03 2.270299145299145213e-02
0.000000000000000000e+00 8.441061253561253919e-01 2.414529914529914556e-01 1.869658119658119608e-02 1.388888888888888812e-02
0.000000000000000000e+00 8.403668091168091658e-01 4.531250000000000000e-01 1.727207977207977085e-02 1.201923076923076990e-02
0.000000000000000000e+00 8.243411680911680861e-01 4.614049145299145560e-01 9.437321937321937332e-03 2.537393162393162399e-02
0.000000000000000000e+00 8.256766381766381668e-01 4.841079059829059839e-01 9.615384615384615918e-03 2.270299145299145213e-02
0.000000000000000000e+00 8.254985754985755264e-01 5.042735042735042583e-01 1.175213675213675202e-02 2.136752136752136794e-02
0.000000000000000000e+00 8.259437321937321830e-01 5.200320512820513219e-01 1.727207977207977085e-02 1.388888888888888812e-02
0.000000000000000000e+00 9.709757834757835049e-01 3.472222222222222029e-03 1.887464387464387466e-02 6.410256410256410034e-03
0.000000000000000000e+00 9.352742165242164951e-01 2.776442307692307820e-01 1.228632478632478604e-02 9.348290598290598039e-03
0.000000000000000000e+00 9.825498575498575748e-01 2.757745726495726690e-01 1.139601139601139658e-02 9.348290598290598039e-03
0.000000000000000000e+00 9.869123931623932089e-01 2.829861111111111049e-01 1.228632478632478604e-02 9.348290598290598039e-03
0.000000000000000000e+00 9.902065527065526673e-01 2.895299145299145560e-01 1.103988603988603941e-02 8.547008547008547868e-03
0.000000000000000000e+00 9.913639601139601076e-01 2.967414529914529919e-01 1.406695156695156670e-02 1.228632478632478604e-02
0.000000000000000000e+00 7.617521367521367104e-01 7.000534188034187588e-01 1.460113960113960073e-02 1.495726495726495790e-02
0.000000000000000000e+00 7.833867521367521292e-01 6.866987179487179516e-01 1.727207977207977085e-02 1.976495726495726413e-02
0.000000000000000000e+00 7.874821937321937471e-01 7.134081196581196771e-01 1.121794871794871799e-02 1.335470085470085409e-02
0.000000000000000000e+00 8.214921652421652842e-01 6.657318376068376287e-01 1.406695156695156670e-02 1.362179487179487197e-02
0.000000000000000000e+00 8.506054131054131551e-01 6.494391025641025328e-01 1.673789173789173856e-02 1.736111111111111188e-02
0.000000000000000000e+00 8.182870370370370905e-01 6.937767094017094349e-01 7.656695156695156670e-03 1.041666666666666609e-02
0.000000000000000000e+00 8.401887464387464144e-01 6.809561965811965489e-01 1.050569800569800538e-02 1.255341880341880392e-02
0.000000000000000000e+00 8.611111111111111605e-01 6.709401709401708880e-01 9.615384615384615918e-03 1.175213675213675202e-02
0.000000000000000000e+00 8.782941595441595695e-01 6.583867521367521292e-01 1.335470085470085409e-02 1.014957264957264994e-02
0.000000000000000000e+00 8.814102564102563875e-01 6.324786324786324521e-01 1.709401709401709574e-02 1.549145299145299193e-02
0.000000000000000000e+00 8.982371794871795156e-01 6.239316239316239354e-01 1.655982905982905998e-02 1.442307692307692388e-02
0.000000000000000000e+00 9.435541310541311066e-01 5.980235042735042583e-01 1.709401709401709574e-02 1.495726495726495790e-02
0.000000000000000000e+00 9.388354700854700807e-01 6.260683760683760646e-01 1.014957264957264994e-02 1.335470085470085409e-02
0.000000000000000000e+00 9.080306267806267373e-01 6.419604700854700807e-01 1.406695156695156670e-02 9.882478632478632063e-03
0.000000000000000000e+00 7.620192307692307265e-01 7.888621794871795156e-01 1.228632478632478604e-02 2.003205128205128374e-02
0.000000000000000000e+00 7.710113960113960108e-01 8.078258547008546619e-01 1.139601139601139658e-02 1.789529914529914417e-02
0.000000000000000000e+00 7.820512820512820484e-01 8.291933760683760646e-01 1.460113960113960073e-02 2.270299145299145213e-02
0.000000000000000000e+00 7.744836182336182206e-01 9.018429487179486781e-01 1.406695156695156670e-02 1.362179487179487197e-02
0.000000000000000000e+00 7.849002849002848503e-01 9.293536324786324521e-01 1.531339031339031334e-02 1.682692307692307612e-02
0.000000000000000000e+00 8.183760683760683552e-01 9.228098290598291120e-01 1.317663817663817724e-02 2.564102564102564014e-02
0.000000000000000000e+00 7.908653846153845812e-01 9.503205128205127750e-01 1.549145299145299193e-02 1.495726495726495790e-02
0.000000000000000000e+00 7.960292022792022637e-01 9.722222222222222099e-01 1.549145299145299193e-02 1.335470085470085409e-02
0.000000000000000000e+00 8.331552706552706189e-01 9.731570512820513219e-01 1.246438746438746463e-02 2.163461538461538408e-02
