0.000000000000000000e+00 3.438390313390313202e-01 5.876068376068376009e-02 9.615384615384615918e-03 9.615384615384615918e-03
0.000000000000000000e+00 3.460648148148148251e-01 8.961004273504273587e-02 8.012820512820512109e-03 1.148504273504273587e-02
0.000000000000000000e+00 3.597756410256410242e-01 7.224893162393161705e-02 4.095441595441595348e-03 8.814102564102564014e-03
0.000000000000000000e+00 4.211182336182336255e-02 3.070245726495726690e-01 5.519943019943019703e-03 9.348290598290598039e-03
0.000000000000000000e+00 7.229344729344729104e-02 3.090277777777777901e-01 4.985754985754985678e-03 7.478632478632478951e-03
0.000000000000000000e+00 2.003205128205128305e-01 2.771100427350427498e-01 1.103988603988603941e-02 8.279914529914529989e-03
0.000000000000000000e+00 1.664886039886039892e-01 2.966079059829059839e-01 1.353276353276353268e-02 9.348290598290598039e-03
0.000000000000000000e+00 1.695156695156695148e-01 3.127670940170940161e-01 1.103988603988603941e-02 1.175213675213675202e-02
0.000000000000000000e+00 1.958689458689458762e-01 3.064903846153846367e-01 6.410256410256410034e-03 6.143162393162393022e-03
0.000000000000000000e+00 1.816239316239316171e-01 4.897168803418803229e-01 1.210826210826210746e-02 9.882478632478632063e-03
0.000000000000000000e+00 1.976495726495726413e-01 4.915865384615384359e-01 1.638176638176638139e-02 1.095085470085470011e-02
0.000000000000000000e+00 7.656695156695156670e-03 5.825320512820513219e-01 9.615384615384615918e-03 1.442307692307692388e-02
0.000000000000000000e+00 1.067485754985754987e-01 5.997596153846154188e-01 9.437321937321937332e-03 1.842948717948717993e-02
0.000000000000000000e+00 1.834045584045583890e-02 6.233974358974359031e-01 9.971509971509971357e-03 1.816239316239316379e-02
0.000000000000000000e+00 1.326566951566951653e-02 6.402243589743589203e-01 8.725071225071224720e-03 1.495726495726495790e-02
0.000000000000000000e+00 5.306267806267806614e-02 6.481036324786324521e-01 9.971509971509971357e-03 1.736111111111111188e-02
0.000000000000000000e+00 6.561609686609685965e-02 6.319444444444444198e-01 9.437321937321937332e-03 1.816239316239316379e-02
0.000000000000000000e+00 7.380698005698005382e-02 6.326121794871795156e-01 9.081196581196581893e-03 1.736111111111111188e-02
0.000000000000000000e+00 6.045227920227920493e-02 6.514423076923077094e-01 8.368945868945869282e-03 1.602564102564102422e-02
0.000000000000000000e+00 6.891025641025641524e-02 6.510416666666666297e-01 8.190883190883190695e-03 1.736111111111111188e-02
0.000000000000000000e+00 7.763532763532764169e-02 6.510416666666666297e-01 8.190883190883190695e-03 1.629273504273504383e-02
0.000000000000000000e+00 2.678952991452991372e-01 3.819444444444444198e-01 1.442307692307692388e-02 9.615384615384615918e-03
0.000000000000000000e+00 2.651353276353276556e-01 3.887553418803418870e-01 9.615384615384615918e-03 7.745726495726495964e-03
0.000000000000000000e+00 2.922898860398860377e-01 3.879540598290598385e-01 6.588319088319088621e-03 1.255341880341880392e-02
0.000000000000000000e+00 2.999465811965811857e-01 3.870192307692307820e-01 6.944444444444444059e-03 1.282051282051282007e-02
0.000000000000000000e+00 2.624643874643874386e-01 3.958333333333333148e-01 1.139601139601139658e-02 9.081196581196581893e-03
0.000000000000000000e+00 2.597044159544159569e-01 4.102564102564102422e-01 1.193019943019943060e-02 9.081196581196581893e-03
0.000000000000000000e+00 2.591702279202279247e-01 4.176014957264957417e-01 1.086182336182336255e-02 7.211538461538461939e-03
0.000000000000000000e+00 2.573005698005698116e-01 4.237446581196581130e-01 8.903133903133903307e-03 7.745726495726495964e-03
0.000000000000000000e+00 2.566773504273504036e-01 4.317574786324786529e-01 1.299857549857549865e-02 9.348290598290598039e-03
0.000000000000000000e+00 2.545405982905982745e-01 4.393696581196581130e-01 1.121794871794871799e-02 8.012820512820512109e-03
0.000000000000000000e+00 2.532941595441595695e-01 4.469818376068376287e-01 1.121794871794871799e-02 8.279914529914529989e-03
0.000000000000000000e+00 3.929843304843304574e-01 2.693643162393162260e-01 5.698005698005698290e-03 1.308760683760683795e-02
0.000000000000000000e+00 3.492699430199430188e-01 2.779113247863247982e-01 1.264245014245014322e-02 9.348290598290598039e-03
0.000000000000000000e+00 3.465099715099715372e-01 2.863247863247863068e-01 1.103988603988603941e-02 9.615384615384615918e-03
0.000000000000000000e+00 3.465990028490028574e-01 2.987446581196581130e-01 1.050569800569800538e-02 9.882478632478632063e-03
0.000000000000000000e+00 3.751780626780626959e-01 2.939369658119658224e-01 6.766381766381766340e-03 1.522435897435897405e-02
0.000000000000000000e+00 3.727742165242165506e-01 3.080929487179487336e-01 5.519943019943019703e-03 1.362179487179487197e-02
0.000000000000000000e+00 3.799857549857549865e-01 3.086271367521367659e-01 6.410256410256410034e-03 1.255341880341880392e-02
0.000000000000000000e+00 3.868411680911680861e-01 3.078258547008547175e-01 6.232193732193732315e-03 1.308760683760683795e-02
0.000000000000000000e+00 3.436609686609686798e-01 3.116987179487179516e-01 1.282051282051282007e-02 7.478632478632478951e-03
0.000000000000000000e+00 3.416132478632478708e-01 3.183760683760683552e-01 1.264245014245014322e-02 7.478632478632478951e-03
0.000000000000000000e+00 3.418803418803418870e-01 3.266559829059829112e-01 1.210826210826210746e-02 9.615384615384615918e-03
0.000000000000000000e+00 3.401887464387464144e-01 3.336004273504273310e-01 1.193019943019943060e-02 8.012820512820512109e-03
0.000000000000000000e+00 3.381410256410256610e-01 3.402777777777777901e-01 1.175213675213675202e-02 6.944444444444444059e-03
0.000000000000000000e+00 3.368945868945869004e-01 3.468215811965811857e-01 1.246438746438746463e-02 7.745726495726495964e-03
0.000000000000000000e+00 3.360042735042735318e-01 3.547008547008547175e-01 1.282051282051282007e-02 1.014957264957264994e-02
0.000000000000000000e+00 3.339565527065527228e-01 4.626068376068376287e-01 1.086182336182336255e-02 1.335470085470085409e-02
0.000000000000000000e+00 3.212250712250712126e-01 4.748931623931623713e-01 1.353276353276353268e-02 1.388888888888888812e-02
0.000000000000000000e+00 3.074252136752136932e-01 4.883814102564102422e-01 1.299857549857549865e-02 1.415598290598290600e-02
0.000000000000000000e+00 2.956730769230769273e-01 5.005341880341880323e-01 1.371082621082621127e-02 1.655982905982905998e-02
0.000000000000000000e+00 2.821403133903133686e-01 5.130876068376067911e-01 1.014957264957264994e-02 1.442307692307692388e-02
0.000000000000000000e+00 3.962784900284900269e-01 6.123130341880341776e-01 1.371082621082621127e-02 1.148504273504273587e-02
0.000000000000000000e+00 3.878205128205128305e-01 4.277510683760683552e-01 1.175213675213675202e-02 1.095085470085470011e-02
0.000000000000000000e+00 4.025106837606837740e-01 4.202724358974359031e-01 1.442307692307692388e-02 1.308760683760683795e-02
0.000000000000000000e+00 4.326032763532763337e-01 4.083867521367521292e-01 1.371082621082621127e-02 1.228632478632478604e-02
0.000000000000000000e+00 5.385505698005698116e-01 4.180021367521367243e-02 7.300569800569800365e-03 1.095085470085470011e-02
0.000000000000000000e+00 5.543091168091167642e-01 3.472222222222222029e-03 4.985754985754985678e-03 5.876068376068376009e-03
0.000000000000000000e+00 4.989316239316239354e-01 3.063568376068376287e-01 6.410256410256410034e-03 1.442307692307692388e-02
0.000000000000000000e+00 5.009793447293446889e-01 3.203792735042735318e-01 7.300569800569800365e-03 1.522435897435897405e-02
0.000000000000000000e+00 5.040954415954416179e-01 3.356036324786324521e-01 6.766381766381766340e-03 1.469017094017094002e-02
0.000000000000000000e+00 5.235042735042735318e-01 4.825053418803418870e-01 8.547008547008547868e-03 1.575854700854700807e-02
0.000000000000000000e+00 5.273326210826211335e-01 5.005341880341880323e-01 8.725071225071224720e-03 1.602564102564102422e-02
0.000000000000000000e+00 5.500356125356125059e-01 4.913194444444444198e-01 9.615384615384615918e-03 1.896367521367521222e-02
0.000000000000000000e+00 5.300925925925925597e-01 5.186965811965812412e-01 8.190883190883190695e-03 1.816239316239316379e-02
0.000000000000000000e+00 5.347222222222222099e-01 5.371260683760683552e-01 8.547008547008547868e-03 1.869658119658119608e-02
0.000000000000000000e+00 5.367699430199430743e-01 5.551549145299145005e-01 8.368945868945869282e-03 1.842948717948717993e-02
0.000000000000000000e+00 6.242877492877493273e-01 9.493856837606837740e-01 1.103988603988603941e-02 2.430555555555555594e-02
0.000000000000000000e+00 6.309650997150997309e-01 9.833066239316239354e-01 1.121794871794871799e-02 2.483974358974358823e-02
0.000000000000000000e+00 6.131588319088319139e-01 4.748931623931623713e-01 1.477920227920227932e-02 1.228632478632478604e-02
0.000000000000000000e+00 6.148504273504273865e-01 4.905181623931623713e-01 1.175213675213675202e-02 1.041666666666666609e-02
0.000000000000000000e+00 6.207264957264957417e-01 5.062767094017094349e-01 1.246438746438746463e-02 1.148504273504273587e-02
0.000000000000000000e+00 6.246438746438746081e-01 5.301816239316239354e-01 1.246438746438746463e-02 1.121794871794871799e-02
0.000000000000000000e+00 6.272257834757835049e-01 5.384615384615384359e-01 1.335470085470085409e-02 1.121794871794871799e-02
0.000000000000000000e+00 6.929309116809116986e-01 5.121527777777777901e-01 8.725071225071224720e-03 1.629273504273504383e-02
0.000000000000000000e+00 6.875890313390313757e-01 5.301816239316239354e-01 8.012820512820512109e-03 1.602564102564102422e-02
0.000000000000000000e+00 6.629273504273504036e-01 5.984241452991453381e-01 1.495726495726495790e-02 1.201923076923076990e-02
0.000000000000000000e+00 7.701210826210825866e-01 5.583600427350426942e-01 8.190883190883190695e-03 1.522435897435897405e-02
0.000000000000000000e+00 7.961182336182336394e-01 7.819177350427350959e-01 8.903133903133903307e-03 1.789529914529914417e-02
0.000000000000000000e+00 8.048433048433047965e-01 7.784455128205127750e-01 7.834757834757835257e-03 1.629273504273504383e-02
0.000000000000000000e+00 8.235398860398860377e-01 7.816506410256410797e-01 9.615384615384615918e-03 2.056623931623931603e-02
0.000000000000000000e+00 8.319088319088319139e-01 7.789797008547008073e-01 8.190883190883190695e-03 1.682692307692307612e-02
0.000000000000000000e+00 8.094729344729344467e-01 8.170405982905982745e-01 1.460113960113960073e-02 1.068376068376068397e-02
0.000000000000000000e+00 8.141025641025640969e-01 8.365384615384615641e-01 1.495726495726495790e-02 1.121794871794871799e-02
0.000000000000000000e+00 8.167735042735042583e-01 8.494925213675214026e-01 1.566951566951567051e-02 1.201923076923076990e-02
0.000000000000000000e+00 8.230947293447293811e-01 9.312232905982905651e-01 9.437321937321937332e-03 2.056623931623931603e-02
0.000000000000000000e+00 8.285256410256410797e-01 9.552617521367521292e-01 9.259259259259258745e-03 2.056623931623931603e-02
0.000000000000000000e+00 8.321759259259259300e-01 9.805021367521367104e-01 8.725071225071224720e-03 1.816239316239316379e-02
0.000000000000000000e+00 7.620192307692307265e-01 3.125000000000000000e-02 8.012820512820512109e-03 1.068376068376068397e-02
0.000000000000000000e+00 7.877492877492877632e-01 7.411858974358974395e-02 7.834757834757835257e-03 1.095085470085470011e-02
0.000000000000000000e+00 7.996794871794872250e-01 9.708867521367521569e-02 9.971509971509971357e-03 8.279914529914529989e-03
0.000000000000000000e+00 8.809650997150997309e-01 6.477029914529915111e-02 7.656695156695156670e-03 1.041666666666666609e-02
0.000000000000000000e+00 8.964565527065526673e-01 5.074786324786324798e-02 1.157407407407407343e-02 9.081196581196581893e-03
0.000000000000000000e+00 8.093839031339031820e-01 2.907318376068376287e-01 7.300569800569800365e-03 2.110042735042735179e-02
0.000000000000000000e+00 8.148148148148147696e-01 2.859241452991452825e-01 8.547008547008547868e-03 1.789529914529914417e-02
0.000000000000000000e+00 8.845263532763533165e-01 6.351495726495726135e-01 1.050569800569800538e-02 6.410256410256410034e-03
0.000000000000000000e+00 8.868411680911680861e-01 6.442307692307692735e-01 1.655982905982905998e-02 1.335470085470085409e-02
0.000000000000000000e+00 8.903133903133902960e-01 6.543803418803418870e-01 1.638176638176638139e-02 9.081196581196581893e-03
0.000000000000000000e+00 9.569088319088319139e-01 6.419604700854700807e-01 8.903133903133903307e-03 1.842948717948717993e-02
0.000000000000000000e+00 9.657229344729344467e-01 6.452991452991453381e-01 6.944444444444444059e-03 1.228632478632478604e-02
0.000000000000000000e+00 9.726673789173788665e-01 6.427617521367521292e-01 9.081196581196581893e-03 1.949786324786324798e-02
0.000000000000000000e+00 9.817485754985755264e-01 6.439636752136752573e-01 8.725071225071224720e-03 1.709401709401709574e-02
0.000000000000000000e+00 9.899394586894586512e-01 6.418269230769231282e-01 1.121794871794871799e-02 2.136752136752136794e-02
