0.000000000000000000e+00 2.277421652421652287e-01 7.745726495726495964e-03 4.629629629629629373e-03 9.081196581196581893e-03
0.000000000000000000e+00 2.315705128205128305e-01 2.991452991452991581e-02 6.232193732193732315e-03 7.478632478632478951e-03
0.000000000000000000e+00 1.836716524216524260e-01 2.174145299145299193e-01 6.944444444444444059e-03 2.083333333333333218e-02
0.000000000000000000e+00 1.912393162393162260e-01 2.124732905982905928e-01 4.985754985754985678e-03 1.682692307692307612e-02
0.000000000000000000e+00 2.759971509971509852e-03 4.342948717948718063e-01 4.807692307692307959e-03 1.549145299145299193e-02
0.000000000000000000e+00 6.588319088319088968e-02 4.763621794871794601e-01 7.834757834757835257e-03 1.789529914529914417e-02
0.000000000000000000e+00 2.626424501424501345e-02 6.945779914529914834e-01 8.012820512820512109e-03 1.789529914529914417e-02
0.000000000000000000e+00 3.472222222222222376e-02 6.913728632478632896e-01 6.766381766381766340e-03 1.682692307692307612e-02
0.000000000000000000e+00 5.359686609686609843e-02 6.943108974358974672e-01 8.190883190883190695e-03 2.003205128205128374e-02
0.000000000000000000e+00 6.232193732193732488e-02 6.919070512820513219e-01 7.122507122507122646e-03 1.736111111111111188e-02
0.000000000000000000e+00 2.822293447293447444e-02 7.293002136752136932e-01 1.299857549857549865e-02 9.882478632478632063e-03
0.000000000000000000e+00 2.724358974358974395e-02 7.479967948717948234e-01 1.388888888888888812e-02 1.095085470085470011e-02
0.000000000000000000e+00 2.644230769230769204e-02 7.609508547008546619e-01 1.513532763532763475e-02 1.121794871794871799e-02
0.000000000000000000e+00 8.725071225071224720e-03 8.392094017094017255e-01 8.190883190883190695e-03 2.190170940170940023e-02
0.000000000000000000e+00 6.232193732193732315e-03 8.648504273504273865e-01 7.478632478632478951e-03 1.976495726495726413e-02
0.000000000000000000e+00 3.383190883190883170e-03 8.884882478632478708e-01 5.698005698005698290e-03 1.736111111111111188e-02
0.000000000000000000e+00 2.047720797720797674e-03 9.185363247863247427e-01 3.027065527065526864e-03 1.923076923076923184e-02
0.000000000000000000e+00 1.914173789173789081e-02 9.443108974358974672e-01 1.620370370370370280e-02 1.201923076923076990e-02
0.000000000000000000e+00 1.350605413105413211e-01 9.337606837606837740e-01 1.584757834757834910e-02 1.121794871794871799e-02
0.000000000000000000e+00 1.534009971509971426e-01 9.334935897435897578e-01 1.477920227920227932e-02 1.175213675213675202e-02
0.000000000000000000e+00 1.579415954415954448e-01 5.592948717948718063e-01 1.673789173789173856e-02 1.442307692307692388e-02
0.000000000000000000e+00 2.294337606837606736e-01 5.538194444444444198e-01 9.081196581196581893e-03 2.430555555555555594e-02
0.000000000000000000e+00 2.375356125356125336e-01 5.587606837606837740e-01 6.054131054131053728e-03 1.709401709401709574e-02
0.000000000000000000e+00 2.459045584045584099e-01 5.575587606837606458e-01 7.122507122507122646e-03 2.003205128205128374e-02
0.000000000000000000e+00 2.546296296296296502e-01 5.583600427350426942e-01 6.410256410256410034e-03 1.682692307692307612e-02
0.000000000000000000e+00 2.633547008547008628e-01 5.559561965811965489e-01 6.410256410256410034e-03 2.056623931623931603e-02
0.000000000000000000e+00 1.939102564102564152e-01 9.655448717948718063e-01 1.780626780626780661e-02 1.335470085470085409e-02
0.000000000000000000e+00 1.561609686609686520e-01 9.766292735042735318e-01 1.602564102564102422e-02 1.148504273504273587e-02
0.000000000000000000e+00 1.569622507122507005e-01 9.887820512820513219e-01 1.798433048433048520e-02 1.282051282051282007e-02
0.000000000000000000e+00 3.020833333333333148e-01 5.412660256410256610e-01 1.406695156695156670e-02 1.041666666666666609e-02
0.000000000000000000e+00 3.019052706552706744e-01 5.508814102564102422e-01 1.299857549857549865e-02 1.041666666666666609e-02
0.000000000000000000e+00 3.022613960113960108e-01 5.683760683760683552e-01 1.371082621082621127e-02 1.068376068376068397e-02
0.000000000000000000e+00 2.906873219373219408e-01 6.029647435897436125e-01 1.228632478632478604e-02 1.041666666666666609e-02
0.000000000000000000e+00 2.900641025641025883e-01 6.121794871794872250e-01 1.210826210826210746e-02 1.068376068376068397e-02
0.000000000000000000e+00 2.904202279202279247e-01 6.213942307692307265e-01 1.317663817663817724e-02 9.882478632478632063e-03
0.000000000000000000e+00 2.898860398860398924e-01 6.310096153846154188e-01 1.317663817663817724e-02 1.095085470085470011e-02
0.000000000000000000e+00 3.059116809116809166e-01 9.015758547008546619e-01 1.353276353276353268e-02 1.201923076923076990e-02
0.000000000000000000e+00 3.323539886039886260e-01 8.517628205128204844e-01 7.656695156695156670e-03 2.029914529914529989e-02
0.000000000000000000e+00 3.596866096866097040e-01 8.533653846153845812e-01 7.478632478632478951e-03 2.190170940170940023e-02
0.000000000000000000e+00 3.686787749287749327e-01 8.513621794871795156e-01 7.656695156695156670e-03 2.323717948717948789e-02
0.000000000000000000e+00 3.833689458689458762e-01 6.438301282051281937e-01 1.282051282051282007e-02 6.143162393162393022e-03
0.000000000000000000e+00 4.209401709401709435e-01 6.411591880341880323e-01 1.282051282051282007e-02 5.608974358974358997e-03
0.000000000000000000e+00 4.849537037037037202e-01 6.876335470085470636e-01 7.300569800569800365e-03 1.896367521367521222e-02
0.000000000000000000e+00 5.108618233618233972e-01 7.748397435897436125e-01 1.388888888888888812e-02 1.014957264957264994e-02
0.000000000000000000e+00 5.100605413105413488e-01 7.851228632478632896e-01 1.442307692307692388e-02 1.041666666666666609e-02
0.000000000000000000e+00 5.113960113960114295e-01 7.958066239316239354e-01 1.495726495726495790e-02 1.148504273504273587e-02
0.000000000000000000e+00 5.091702279202279247e-01 8.050213675213675479e-01 1.264245014245014322e-02 9.615384615384615918e-03
0.000000000000000000e+00 5.079237891737892197e-01 8.147702991452991927e-01 1.086182336182336255e-02 8.814102564102564014e-03
0.000000000000000000e+00 4.303774928774928843e-01 9.138621794871795156e-01 1.495726495726495790e-02 1.362179487179487197e-02
0.000000000000000000e+00 4.297542735042735318e-01 9.260149572649573058e-01 1.762820512820512803e-02 1.282051282051282007e-02
0.000000000000000000e+00 4.304665242165242045e-01 9.384348290598291120e-01 1.477920227920227932e-02 1.201923076923076990e-02
0.000000000000000000e+00 4.307336182336182206e-01 9.620726495726495964e-01 1.709401709401709574e-02 1.282051282051282007e-02
0.000000000000000000e+00 4.316239316239316448e-01 9.751602564102563875e-01 1.531339031339031334e-02 1.121794871794871799e-02
0.000000000000000000e+00 7.334401709401708880e-01 4.982638888888888951e-01 1.353276353276353268e-02 1.095085470085470011e-02
0.000000000000000000e+00 6.331018518518518601e-01 7.180822649572649041e-01 1.050569800569800538e-02 9.348290598290598039e-03
0.000000000000000000e+00 6.652421652421652842e-01 7.565438034188034511e-01 1.424501424501424529e-02 1.095085470085470011e-02
0.000000000000000000e+00 6.679131054131054457e-01 7.677617521367521292e-01 1.638176638176638139e-02 1.148504273504273587e-02
0.000000000000000000e+00 6.703169515669515910e-01 7.792467948717948234e-01 1.655982905982905998e-02 1.255341880341880392e-02
0.000000000000000000e+00 6.741452991452991927e-01 8.002136752136752573e-01 1.709401709401709574e-02 1.175213675213675202e-02
0.000000000000000000e+00 6.766381766381766028e-01 8.114316239316239354e-01 1.566951566951567051e-02 1.121794871794871799e-02
0.000000000000000000e+00 6.788639601139601076e-01 8.219818376068376287e-01 1.477920227920227932e-02 1.255341880341880392e-02
0.000000000000000000e+00 6.902599715099715372e-01 9.192040598290598385e-01 1.264245014245014322e-02 1.095085470085470011e-02
0.000000000000000000e+00 6.967592592592593004e-01 9.416399572649573058e-01 1.638176638176638139e-02 1.362179487179487197e-02
0.000000000000000000e+00 7.010327635327635587e-01 9.679487179487179516e-01 1.602564102564102422e-02 1.388888888888888812e-02
0.000000000000000000e+00 7.283653846153845812e-01 9.272168803418803229e-01 1.014957264957264994e-02 2.537393162393162399e-02
0.000000000000000000e+00 7.900641025641025328e-01 4.947916666666666852e-01 1.282051282051282007e-02 1.095085470085470011e-02
0.000000000000000000e+00 8.076032763532763337e-01 4.930555555555555802e-01 1.228632478632478604e-02 1.014957264957264994e-02
0.000000000000000000e+00 8.493589743589743390e-01 5.197649572649573058e-01 1.103988603988603941e-02 1.923076923076923184e-02
0.000000000000000000e+00 8.418803418803418870e-01 6.408920940170940161e-01 1.103988603988603941e-02 1.469017094017094002e-02
0.000000000000000000e+00 8.921830484330484090e-01 6.817574786324785974e-01 1.050569800569800538e-02 1.949786324786324798e-02
0.000000000000000000e+00 8.795405982905982745e-01 7.979433760683760646e-01 1.549145299145299193e-02 1.201923076923076990e-02
0.000000000000000000e+00 9.256588319088319139e-01 8.146367521367521292e-01 1.584757834757834910e-02 1.175213675213675202e-02
0.000000000000000000e+00 9.128383190883191389e-01 7.323717948717948234e-01 1.655982905982905998e-02 1.014957264957264994e-02
0.000000000000000000e+00 9.147970085470085166e-01 7.411858974358974672e-01 1.513532763532763475e-02 1.121794871794871799e-02
0.000000000000000000e+00 9.179131054131054457e-01 7.525373931623932089e-01 1.638176638176638139e-02 1.308760683760683795e-02
0.000000000000000000e+00 9.195156695156695426e-01 7.634882478632478708e-01 1.460113960113960073e-02 1.041666666666666609e-02
0.000000000000000000e+00 9.237001424501424252e-01 7.756410256410256610e-01 1.620370370370370280e-02 1.121794871794871799e-02
0.000000000000000000e+00 9.488960113960114295e-01 7.378472222222222099e-01 1.602564102564102422e-02 1.148504273504273587e-02
0.000000000000000000e+00 9.517450142450142314e-01 7.469284188034187588e-01 1.388888888888888812e-02 9.882478632478632063e-03
0.000000000000000000e+00 9.537927350427350959e-01 7.578792735042735318e-01 1.940883190883191042e-02 1.522435897435897405e-02
0.000000000000000000e+00 9.676816239316239354e-01 8.040865384615384359e-01 1.727207977207977085e-02 1.362179487179487197e-02
0.000000000000000000e+00 8.676103988603988126e-01 1.575854700854700807e-01 1.620370370370370280e-02 1.388888888888888812e-02
0.000000000000000000e+00 8.876424501424501345e-01 2.781784188034188143e-01 7.478632478632478951e-03 8.814102564102564014e-03
0.000000000000000000e+00 9.645655270655271174e-01 4.001068376068376287e-01 1.317663817663817724e-02 9.615384615384615918e-03
0.000000000000000000e+00 9.694622507122506727e-01 4.155982905982906206e-01 1.228632478632478604e-02 1.014957264957264994e-02
0.000000000000000000e+00 9.007300569800569257e-01 5.811965811965812412e-01 9.793447293447292770e-03 1.762820512820512803e-02
0.000000000000000000e+00 9.237001424501424252e-01 5.785256410256410797e-01 1.050569800569800538e-02 1.816239316239316379e-02
0.000000000000000000e+00 9.320690883190883014e-01 5.779914529914529364e-01 1.014957264957264994e-02 1.816239316239316379e-02
0.000000000000000000e+00 9.396367521367521292e-01 5.759882478632478708e-01 9.971509971509971357e-03 1.629273504273504383e-02
0.000000000000000000e+00 9.041132478632478708e-01 6.156517094017094349e-01 9.793447293447292770e-03 1.549145299145299193e-02
0.000000000000000000e+00 9.585113960113960108e-01 6.097756410256410797e-01 1.068376068376068397e-02 1.388888888888888812e-02
