0.000000000000000000e+00 9.437321937321936638e-02 6.415598290598291120e-01 7.834757834757835257e-03 1.709401709401709574e-02
0.000000000000000000e+00 1.035434472934472910e-01 7.267628205128204844e-01 8.368945868945869282e-03 1.121794871794871799e-02
0.000000000000000000e+00 1.012286324786324798e-01 7.370459401709401615e-01 9.081196581196581893e-03 1.041666666666666609e-02
0.000000000000000000e+00 1.006944444444444475e-01 7.473290598290598385e-01 9.437321937321937332e-03 1.068376068376068397e-02
0.000000000000000000e+00 9.909188034188033678e-02 7.568108974358974672e-01 1.193019943019943060e-02 8.814102564102564014e-03
0.000000000000000000e+00 1.004273504273504314e-01 7.668269230769231282e-01 1.388888888888888812e-02 1.175213675213675202e-02
0.000000000000000000e+00 9.971509971509971704e-02 7.767094017094017255e-01 1.638176638176638139e-02 1.068376068376068397e-02
0.000000000000000000e+00 2.373575498575498655e-01 6.701388888888888395e-01 1.246438746438746463e-02 1.068376068376068397e-02
0.000000000000000000e+00 2.640669515669515910e-01 7.075320512820513219e-01 1.317663817663817724e-02 1.121794871794871799e-02
0.000000000000000000e+00 2.659366096866097040e-01 7.180822649572649041e-01 1.655982905982905998e-02 1.201923076923076990e-02
0.000000000000000000e+00 2.670049857549857686e-01 7.298344017094017255e-01 1.762820512820512803e-02 1.255341880341880392e-02
0.000000000000000000e+00 2.667378917378917524e-01 7.504006410256410797e-01 1.566951566951567051e-02 1.148504273504273587e-02
0.000000000000000000e+00 2.677172364672364413e-01 7.612179487179486781e-01 1.442307692307692388e-02 1.175213675213675202e-02
0.000000000000000000e+00 2.685185185185185452e-01 7.717681623931623713e-01 1.495726495726495790e-02 1.201923076923076990e-02
0.000000000000000000e+00 2.653133903133902960e-01 8.672542735042735318e-01 1.353276353276353268e-02 1.228632478632478604e-02
0.000000000000000000e+00 2.675391737891738009e-01 8.896901709401708880e-01 1.513532763532763475e-02 1.388888888888888812e-02
0.000000000000000000e+00 2.682514245014245291e-01 9.147970085470085166e-01 1.584757834757834910e-02 1.442307692307692388e-02
0.000000000000000000e+00 3.012820512820512664e-01 8.748664529914529364e-01 8.903133903133903307e-03 2.483974358974358823e-02
0.000000000000000000e+00 3.685897435897436125e-01 9.967948717948718063e-01 1.566951566951567051e-02 5.876068376068376009e-03
0.000000000000000000e+00 3.729522792022791911e-01 4.523237179487179516e-01 1.335470085470085409e-02 1.041666666666666609e-02
0.000000000000000000e+00 4.306445868945869004e-01 4.483173076923077094e-01 1.228632478632478604e-02 9.882478632478632063e-03
0.000000000000000000e+00 4.506766381766381668e-01 4.461805555555555802e-01 1.353276353276353268e-02 9.348290598290598039e-03
0.000000000000000000e+00 4.833511396011396233e-01 4.584668803418803229e-01 9.081196581196581893e-03 1.949786324786324798e-02
0.000000000000000000e+00 5.279558404558404305e-01 5.325854700854700807e-01 7.478632478632478951e-03 1.709401709401709574e-02
0.000000000000000000e+00 5.509259259259259300e-01 5.297809829059828557e-01 8.190883190883190695e-03 1.789529914529914417e-02
0.000000000000000000e+00 5.597400284900284628e-01 5.291132478632478708e-01 8.012820512820512109e-03 1.869658119658119608e-02
0.000000000000000000e+00 5.678418803418803229e-01 5.271100427350426942e-01 8.547008547008547868e-03 1.682692307692307612e-02
0.000000000000000000e+00 5.263532763532763337e-01 5.661057692307692735e-01 8.190883190883190695e-03 1.362179487179487197e-02
0.000000000000000000e+00 5.808404558404558493e-01 5.606303418803418870e-01 7.478632478632478951e-03 1.388888888888888812e-02
0.000000000000000000e+00 4.584223646723646906e-01 5.912126068376067911e-01 7.300569800569800365e-03 1.415598290598290600e-02
0.000000000000000000e+00 5.159366096866097040e-01 6.813568376068376287e-01 1.477920227920227932e-02 9.615384615384615918e-03
0.000000000000000000e+00 5.171830484330484090e-01 6.903044871794872250e-01 1.442307692307692388e-02 1.148504273504273587e-02
0.000000000000000000e+00 5.186075498575498655e-01 7.007211538461538547e-01 1.584757834757834910e-02 1.255341880341880392e-02
0.000000000000000000e+00 5.194088319088319139e-01 7.119391025641025328e-01 1.531339031339031334e-02 1.148504273504273587e-02
0.000000000000000000e+00 5.213675213675214026e-01 7.238247863247863068e-01 1.566951566951567051e-02 1.175213675213675202e-02
0.000000000000000000e+00 5.523504273504273865e-01 6.858974358974359031e-01 1.638176638176638139e-02 1.175213675213675202e-02
0.000000000000000000e+00 5.535078347578347158e-01 6.947115384615384359e-01 1.335470085470085409e-02 1.014957264957264994e-02
0.000000000000000000e+00 5.543981481481481399e-01 7.060630341880341776e-01 2.012108262108262130e-02 1.522435897435897405e-02
0.000000000000000000e+00 4.723112535612535856e-01 7.467948717948718063e-01 1.477920227920227932e-02 1.228632478632478604e-02
0.000000000000000000e+00 5.162927350427350959e-01 7.621527777777777901e-01 1.335470085470085409e-02 1.255341880341880392e-02
0.000000000000000000e+00 5.598290598290598385e-01 7.516025641025640969e-01 1.424501424501424529e-02 1.282051282051282007e-02
0.000000000000000000e+00 6.176994301994301884e-01 7.407852564102563875e-01 1.317663817663817724e-02 9.348290598290598039e-03
0.000000000000000000e+00 6.644408831908832358e-01 7.343750000000000000e-01 1.798433048433048520e-02 1.148504273504273587e-02
0.000000000000000000e+00 5.577813390313390851e-01 1.021634615384615363e-01 1.050569800569800538e-02 8.814102564102564014e-03
0.000000000000000000e+00 5.594729344729344467e-01 1.107104700854700807e-01 8.190883190883190695e-03 3.472222222222222029e-03
0.000000000000000000e+00 5.610754985754985436e-01 1.176549145299145283e-01 1.602564102564102422e-02 1.308760683760683795e-02
0.000000000000000000e+00 5.619658119658119677e-01 1.308760683760683829e-01 9.971509971509971357e-03 9.615384615384615918e-03
0.000000000000000000e+00 6.210826210826211335e-01 3.543002136752136932e-01 1.246438746438746463e-02 9.882478632478632063e-03
0.000000000000000000e+00 6.235754985754985436e-01 3.689903846153846367e-01 1.175213675213675202e-02 9.348290598290598039e-03
0.000000000000000000e+00 6.474358974358974672e-01 4.475160256410256610e-01 8.547008547008547868e-03 9.348290598290598039e-03
0.000000000000000000e+00 6.486823361823361722e-01 4.561965811965811857e-01 9.971509971509971357e-03 9.615384615384615918e-03
0.000000000000000000e+00 6.516203703703703498e-01 4.692841880341880323e-01 1.406695156695156670e-02 1.175213675213675202e-02
0.000000000000000000e+00 6.520655270655271174e-01 4.783653846153846367e-01 1.210826210826210746e-02 9.615384615384615918e-03
0.000000000000000000e+00 6.935541310541311066e-01 4.556623931623931534e-01 1.246438746438746463e-02 9.615384615384615918e-03
0.000000000000000000e+00 6.962250712250712681e-01 4.626068376068376287e-01 1.139601139601139658e-02 8.012820512820512109e-03
0.000000000000000000e+00 6.993411680911680861e-01 4.700854700854700807e-01 1.050569800569800538e-02 8.547008547008547868e-03
0.000000000000000000e+00 6.988069800569800538e-01 4.805021367521367659e-01 1.406695156695156670e-02 1.014957264957264994e-02
0.000000000000000000e+00 6.704059829059828557e-01 5.065438034188034511e-01 8.190883190883190695e-03 1.736111111111111188e-02
0.000000000000000000e+00 6.910612535612535856e-01 5.052083333333333703e-01 7.834757834757835257e-03 1.415598290598290600e-02
0.000000000000000000e+00 6.965811965811965489e-01 5.288461538461538547e-01 8.547008547008547868e-03 1.602564102564102422e-02
0.000000000000000000e+00 6.804665242165242045e-01 5.584935897435897578e-01 8.725071225071224720e-03 1.709401709401709574e-02
0.000000000000000000e+00 7.020121082621082476e-01 5.539529914529914834e-01 1.014957264957264994e-02 1.816239316239316379e-02
0.000000000000000000e+00 7.059294871794872250e-01 5.771901709401708880e-01 9.793447293447292770e-03 1.923076923076923184e-02
0.000000000000000000e+00 6.890135327635327211e-01 6.021634615384615641e-01 9.081196581196581893e-03 1.789529914529914417e-02
0.000000000000000000e+00 6.974715099715099731e-01 6.486378205128204844e-01 9.615384615384615918e-03 1.896367521367521222e-02
0.000000000000000000e+00 7.248041310541311066e-01 6.709401709401708880e-01 7.656695156695156670e-03 1.602564102564102422e-02
0.000000000000000000e+00 7.388710826210825866e-01 7.518696581196581130e-01 1.442307692307692388e-02 1.175213675213675202e-02
0.000000000000000000e+00 6.879451566951566566e-01 7.570779914529914834e-01 1.121794871794871799e-02 1.148504273504273587e-02
0.000000000000000000e+00 7.411858974358974672e-01 7.621527777777777901e-01 1.549145299145299193e-02 1.148504273504273587e-02
0.000000000000000000e+00 7.458155270655271174e-01 7.951388888888888395e-01 1.513532763532763475e-02 1.175213675213675202e-02
0.000000000000000000e+00 6.983618233618233972e-01 8.075587606837606458e-01 1.816239316239316379e-02 1.201923076923076990e-02
0.000000000000000000e+00 7.301460113960114295e-01 8.222489316239316448e-01 1.121794871794871799e-02 2.270299145299145213e-02
0.000000000000000000e+00 7.385149572649573058e-01 8.633814102564102422e-01 1.050569800569800538e-02 2.323717948717948789e-02
0.000000000000000000e+00 7.415420227920227481e-01 8.868856837606837740e-01 9.437321937321937332e-03 1.896367521367521222e-02
0.000000000000000000e+00 7.556980056980057148e-01 9.590010683760683552e-01 9.971509971509971357e-03 2.323717948717948789e-02
0.000000000000000000e+00 8.593304843304843121e-01 4.196047008547008628e-01 1.032763532763532680e-02 2.029914529914529989e-02
0.000000000000000000e+00 8.806089743589743390e-01 4.985309829059829112e-01 1.050569800569800538e-02 1.789529914529914417e-02
0.000000000000000000e+00 8.864850427350426942e-01 5.162927350427350959e-01 1.086182336182336255e-02 1.709401709401709574e-02
0.000000000000000000e+00 8.919159544159543929e-01 5.343215811965812412e-01 9.259259259259258745e-03 1.575854700854700807e-02
0.000000000000000000e+00 8.898682336182336394e-01 5.817307692307692735e-01 9.081196581196581893e-03 1.923076923076923184e-02
0.000000000000000000e+00 9.121260683760683552e-01 6.022970085470085166e-01 1.014957264957264994e-02 1.655982905982905998e-02
0.000000000000000000e+00 9.035790598290598385e-01 6.307425213675214026e-01 1.050569800569800538e-02 2.110042735042735179e-02
0.000000000000000000e+00 9.087428774928775210e-01 6.502403846153845812e-01 8.368945868945869282e-03 1.736111111111111188e-02
0.000000000000000000e+00 9.473824786324785974e-01 7.260950854700854995e-01 1.157407407407407343e-02 2.056623931623931603e-02
0.000000000000000000e+00 8.771367521367521292e-01 7.747061965811965489e-01 9.259259259259258745e-03 1.629273504273504383e-02
0.000000000000000000e+00 8.841702279202279247e-01 7.709668803418803229e-01 1.014957264957264994e-02 1.789529914529914417e-02
0.000000000000000000e+00 9.008190883190883014e-01 7.690972222222222099e-01 1.317663817663817724e-02 2.056623931623931603e-02
0.000000000000000000e+00 9.168447293447293811e-01 7.669604700854700807e-01 9.971509971509971357e-03 1.629273504273504383e-02
0.000000000000000000e+00 9.581552706552706189e-01 7.636217948717948234e-01 1.210826210826210746e-02 2.350427350427350404e-02
0.000000000000000000e+00 9.653668091168091658e-01 7.863247863247863068e-01 1.086182336182336255e-02 2.136752136752136794e-02
0.000000000000000000e+00 9.751602564102563875e-01 8.195779914529914834e-01 1.086182336182336255e-02 1.842948717948717993e-02
0.000000000000000000e+00 9.812143874643874941e-01 8.438835470085470636e-01 1.264245014245014322e-02 2.430555555555555594e-02
0.000000000000000000e+00 9.885149572649573058e-01 8.695245726495726135e-01 1.086182336182336255e-02 1.896367521367521222e-02
0.000000000000000000e+00 9.943910256410256610e-01 8.884882478632478708e-01 1.050569800569800538e-02 1.629273504273504383e-02
0.000000000000000000e+00 9.973290598290598385e-01 9.070512820512820484e-01 4.985754985754985678e-03 1.869658119658119608e-02
0.000000000000000000e+00 9.856659544159543929e-01 9.143963675213675479e-01 4.095441595441595348e-03 1.469017094017094002e-02
0.000000000000000000e+00 8.261217948717948234e-01 3.659188034188034372e-02 9.081196581196581893e-03 8.012820512820512109e-03
0.000000000000000000e+00 8.381410256410256610e-01 6.089743589743589619e-02 1.103988603988603941e-02 8.547008547008547868e-03
0.000000000000000000e+00 8.384971509971509418e-01 6.663995726495726413e-02 1.175213675213675202e-02 7.745726495726495964e-03
0.000000000000000000e+00 8.400997150997151497e-01 7.171474358974358476e-02 1.068376068376068397e-02 7.745726495726495964e-03
0.000000000000000000e+00 8.418803418803418870e-01 7.692307692307692735e-02 1.175213675213675202e-02 8.012820512820512109e-03
0.000000000000000000e+00 8.462428774928775210e-01 5.448717948717948789e-02 9.081196581196581893e-03 6.410256410256410034e-03
0.000000000000000000e+00 8.744658119658119677e-01 5.515491452991452825e-02 1.103988603988603941e-02 7.211538461538461939e-03
0.000000000000000000e+00 8.749109686609686243e-01 6.103098290598290426e-02 1.228632478632478604e-02 6.677350427350427046e-03
0.000000000000000000e+00 8.768696581196581130e-01 6.583867521367521569e-02 1.086182336182336255e-02 8.814102564102564014e-03
0.000000000000000000e+00 8.779380341880341776e-01 7.171474358974358476e-02 9.793447293447292770e-03 7.745726495726495964e-03
0.000000000000000000e+00 9.746260683760683552e-01 1.400908119658119677e-01 6.588319088319088621e-03 8.814102564102564014e-03
0.000000000000000000e+00 9.915420227920227481e-01 2.497329059829059839e-01 9.793447293447292770e-03 1.228632478632478604e-02
0.000000000000000000e+00 8.550569800569800538e-01 3.221153846153846367e-01 6.766381766381766340e-03 1.175213675213675202e-02
