0.000000000000000000e+00 1.415598290598290600e-02 8.974358974358974672e-01 1.762820512820512803e-02 1.175213675213675202e-02
0.000000000000000000e+00 6.917735042735043138e-02 9.373664529914529364e-01 1.762820512820512803e-02 1.255341880341880392e-02
0.000000000000000000e+00 9.188034188034188698e-02 9.375000000000000000e-01 1.887464387464387466e-02 1.282051282051282007e-02
0.000000000000000000e+00 4.077635327635327489e-02 9.740918803418803229e-01 9.971509971509971357e-03 2.350427350427350404e-02
0.000000000000000000e+00 4.985754985754985852e-02 9.772970085470085166e-01 9.615384615384615918e-03 2.083333333333333218e-02
0.000000000000000000e+00 3.614672364672364552e-02 9.953258547008546619e-01 8.547008547008547868e-03 8.279914529914529989e-03
0.000000000000000000e+00 1.177884615384615363e-01 8.193108974358974672e-01 5.519943019943019703e-03 1.789529914529914417e-02
0.000000000000000000e+00 1.047008547008547036e-01 8.551014957264957417e-01 8.547008547008547868e-03 2.430555555555555594e-02
0.000000000000000000e+00 1.161858974358974395e-01 8.517628205128204844e-01 9.081196581196581893e-03 1.976495726495726413e-02
0.000000000000000000e+00 1.704950142450142314e-01 8.333333333333333703e-01 1.727207977207977085e-02 1.282051282051282007e-02
0.000000000000000000e+00 1.988069800569800538e-01 8.401442307692307265e-01 1.477920227920227932e-02 1.255341880341880392e-02
0.000000000000000000e+00 2.747507122507122368e-01 9.268162393162393542e-01 1.780626780626780661e-02 9.615384615384615918e-03
0.000000000000000000e+00 2.459045584045584099e-01 5.594284188034187588e-01 1.032763532763532680e-02 1.949786324786324798e-02
0.000000000000000000e+00 2.569444444444444198e-01 5.616987179487179516e-01 1.495726495726495790e-02 2.777777777777777624e-02
0.000000000000000000e+00 4.115918803418803229e-01 5.223023504273504036e-01 1.442307692307692388e-02 1.308760683760683795e-02
0.000000000000000000e+00 5.354344729344728826e-01 3.015491452991452825e-01 1.103988603988603941e-02 9.615384615384615918e-03
0.000000000000000000e+00 6.477029914529914834e-01 1.726762820512820484e-01 8.368945868945869282e-03 9.348290598290598039e-03
0.000000000000000000e+00 6.559829059829059839e-01 1.824252136752136655e-01 1.103988603988603941e-02 1.335470085470085409e-02
0.000000000000000000e+00 6.235754985754985436e-01 2.803151709401709435e-01 1.246438746438746463e-02 9.882478632478632063e-03
0.000000000000000000e+00 6.965811965811965489e-01 2.560096153846153633e-01 1.460113960113960073e-02 1.308760683760683795e-02
0.000000000000000000e+00 5.397079772079772519e-01 3.573717948717948789e-01 7.122507122507122646e-03 1.068376068376068397e-02
0.000000000000000000e+00 6.420940170940171443e-01 4.590010683760683552e-01 1.032763532763532680e-02 1.789529914529914417e-02
0.000000000000000000e+00 6.109330484330484090e-01 4.623397435897436125e-01 1.246438746438746463e-02 1.175213675213675202e-02
0.000000000000000000e+00 5.804843304843304574e-01 5.090811965811965489e-01 1.353276353276353268e-02 1.068376068376068397e-02
0.000000000000000000e+00 5.967770655270655533e-01 5.156250000000000000e-01 1.513532763532763475e-02 1.308760683760683795e-02
0.000000000000000000e+00 5.267094017094017255e-01 6.426282051282051766e-01 8.903133903133903307e-03 4.807692307692307959e-03
0.000000000000000000e+00 5.464743589743589203e-01 6.511752136752136932e-01 1.460113960113960073e-02 1.442307692307692388e-02
0.000000000000000000e+00 5.509259259259259300e-01 6.710737179487179516e-01 1.780626780626780661e-02 1.415598290598290600e-02
0.000000000000000000e+00 8.167735042735042583e-01 1.081730769230769204e-02 9.615384615384615918e-03 6.677350427350427046e-03
0.000000000000000000e+00 8.159722222222222099e-01 1.816239316239316379e-02 1.121794871794871799e-02 9.615384615384615918e-03
0.000000000000000000e+00 8.245192307692307265e-01 7.865918803418803229e-02 6.232193732193732315e-03 1.095085470085470011e-02
0.000000000000000000e+00 8.119658119658119677e-01 1.076388888888888951e-01 6.766381766381766340e-03 1.175213675213675202e-02
0.000000000000000000e+00 8.055555555555555802e-01 1.216613247863247843e-01 7.834757834757835257e-03 1.255341880341880392e-02
0.000000000000000000e+00 8.005698005698005382e-01 1.332799145299145283e-01 7.834757834757835257e-03 1.282051282051282007e-02
0.000000000000000000e+00 8.082264957264957417e-01 1.360844017094016978e-01 6.766381766381766340e-03 1.255341880341880392e-02
0.000000000000000000e+00 9.075854700854700807e-01 1.571848290598290565e-01 9.615384615384615918e-03 7.745726495726495964e-03
0.000000000000000000e+00 7.404736467236466835e-01 4.345619658119658224e-01 1.335470085470085409e-02 1.282051282051282007e-02
0.000000000000000000e+00 6.923967236467236663e-01 5.173611111111111605e-01 8.012820512820512109e-03 1.495726495726495790e-02
0.000000000000000000e+00 6.678240740740740700e-01 6.033653846153845812e-01 8.368945868945869282e-03 1.709401709401709574e-02
0.000000000000000000e+00 6.624821937321937471e-01 6.212606837606837740e-01 8.725071225071224720e-03 1.655982905982905998e-02
0.000000000000000000e+00 6.532229344729344467e-01 6.619925213675214026e-01 1.157407407407407343e-02 2.430555555555555594e-02
0.000000000000000000e+00 6.337250712250712681e-01 6.822916666666666297e-01 9.615384615384615918e-03 1.949786324786324798e-02
0.000000000000000000e+00 6.472578347578347158e-01 6.911057692307692735e-01 7.834757834757835257e-03 1.682692307692307612e-02
0.000000000000000000e+00 6.418269230769231282e-01 7.171474358974359031e-01 8.368945868945869282e-03 1.602564102564102422e-02
0.000000000000000000e+00 7.963853276353276556e-01 7.763087606837606458e-01 1.584757834757834910e-02 1.415598290598290600e-02
0.000000000000000000e+00 8.943198005698005382e-01 9.313568376068376287e-01 1.050569800569800538e-02 1.602564102564102422e-02
0.000000000000000000e+00 8.809650997150997309e-01 7.813835470085470636e-01 1.477920227920227932e-02 1.415598290598290600e-02
0.000000000000000000e+00 9.477386039886039892e-01 7.512019230769231282e-01 1.477920227920227932e-02 1.415598290598290600e-02
