0.000000000000000000e+00 3.294159544159544484e-02 3.819444444444444753e-02 1.139601139601139658e-02 9.081196581196581893e-03
0.000000000000000000e+00 8.547008547008547175e-02 3.126335470085470081e-01 6.410256410256410034e-03 1.469017094017094002e-02
0.000000000000000000e+00 1.384437321937321830e-01 2.813835470085470081e-01 6.232193732193732315e-03 1.308760683760683795e-02
0.000000000000000000e+00 3.579059829059828834e-02 4.082532051282051211e-01 1.103988603988603941e-02 8.814102564102564014e-03
0.000000000000000000e+00 6.686253561253560629e-02 4.126602564102563875e-01 6.944444444444444059e-03 1.442307692307692388e-02
0.000000000000000000e+00 8.395655270655270896e-02 3.823450854700854440e-01 1.228632478632478604e-02 9.882478632478632063e-03
0.000000000000000000e+00 8.511396011396010763e-02 3.719284188034188143e-01 1.282051282051282007e-02 9.882478632478632063e-03
0.000000000000000000e+00 8.716168091168091658e-02 3.636485042735042583e-01 1.264245014245014322e-02 1.041666666666666609e-02
0.000000000000000000e+00 9.036680911680911032e-02 3.568376068376068466e-01 1.121794871794871799e-02 9.615384615384615918e-03
0.000000000000000000e+00 9.250356125356125336e-02 3.501602564102563875e-01 1.228632478632478604e-02 1.014957264957264994e-02
0.000000000000000000e+00 9.508547008547008073e-02 3.429487179487179516e-01 1.139601139601139658e-02 1.228632478632478604e-02
0.000000000000000000e+00 1.003383190883190834e-01 3.373397435897436125e-01 1.050569800569800538e-02 1.282051282051282007e-02
0.000000000000000000e+00 1.061253561253561323e-01 3.290598290598290565e-01 1.068376068376068397e-02 1.388888888888888812e-02
0.000000000000000000e+00 1.202813390313390296e-01 3.206463675213675479e-01 7.300569800569800365e-03 1.469017094017094002e-02
0.000000000000000000e+00 1.276709401709401615e-01 3.177083333333333148e-01 5.341880341880341984e-03 1.362179487179487197e-02
0.000000000000000000e+00 1.347934472934473049e-01 3.186431623931623713e-01 6.054131054131053728e-03 1.388888888888888812e-02
0.000000000000000000e+00 1.657763532763532888e-01 3.235844017094017255e-01 1.103988603988603941e-02 1.201923076923076990e-02
0.000000000000000000e+00 1.732549857549857686e-01 3.377403846153846367e-01 8.903133903133903307e-03 1.469017094017094002e-02
0.000000000000000000e+00 1.705840455840455794e-01 3.505608974358974117e-01 1.317663817663817724e-02 8.814102564102564014e-03
0.000000000000000000e+00 1.678240740740740700e-01 3.589743589743589758e-01 1.477920227920227932e-02 9.081196581196581893e-03
0.000000000000000000e+00 1.665776353276353372e-01 3.679220085470085722e-01 1.193019943019943060e-02 9.882478632478632063e-03
0.000000000000000000e+00 1.617699430199430188e-01 3.759348290598290565e-01 1.406695156695156670e-02 1.148504273504273587e-02
0.000000000000000000e+00 1.579415954415954448e-01 3.830128205128205399e-01 9.259259259259258745e-03 9.615384615384615918e-03
0.000000000000000000e+00 1.534009971509971426e-01 3.902243589743589758e-01 1.264245014245014322e-02 1.282051282051282007e-02
0.000000000000000000e+00 1.493945868945869004e-01 3.966346153846153633e-01 1.210826210826210746e-02 1.335470085470085409e-02
0.000000000000000000e+00 1.684472934472934502e-01 4.216079059829059839e-01 1.210826210826210746e-02 1.148504273504273587e-02
0.000000000000000000e+00 1.841168091168091103e-01 4.117254273504273310e-01 1.460113960113960073e-02 1.041666666666666609e-02
0.000000000000000000e+00 3.009259259259259092e-02 7.442574786324785974e-01 1.032763532763532680e-02 2.110042735042735179e-02
0.000000000000000000e+00 1.228632478632478604e-02 7.549412393162393542e-01 1.460113960113960073e-02 1.629273504273504383e-02
0.000000000000000000e+00 7.478632478632478951e-03 7.645566239316239354e-01 1.353276353276353268e-02 1.575854700854700807e-02
0.000000000000000000e+00 3.570156695156695426e-02 8.687232905982905651e-01 1.477920227920227932e-02 1.308760683760683795e-02
0.000000000000000000e+00 3.234508547008547175e-01 1.963141025641025605e-02 8.725071225071224720e-03 8.814102564102564014e-03
0.000000000000000000e+00 2.417200854700854717e-01 1.498397435897435848e-01 1.050569800569800538e-02 8.547008547008547868e-03
0.000000000000000000e+00 2.399394586894586789e-01 1.566506410256410242e-01 1.086182336182336255e-02 8.814102564102564014e-03
0.000000000000000000e+00 2.254273504273504314e-01 2.712339743589743390e-01 9.259259259259258745e-03 1.148504273504273587e-02
0.000000000000000000e+00 2.853454415954416179e-01 1.432959401709401615e-01 1.086182336182336255e-02 7.745726495726495964e-03
0.000000000000000000e+00 2.850783475783476018e-01 1.503739316239316171e-01 1.282051282051282007e-02 9.615384615384615918e-03
0.000000000000000000e+00 2.830306267806267928e-01 1.562500000000000000e-01 9.437321937321937332e-03 8.012820512820512109e-03
0.000000000000000000e+00 2.819622507122507282e-01 1.603899572649572780e-01 9.793447293447292770e-03 5.074786324786324972e-03
0.000000000000000000e+00 2.973646723646723444e-01 1.362179487179487059e-01 6.054131054131053728e-03 1.549145299145299193e-02
0.000000000000000000e+00 3.038639601139601076e-01 1.372863247863247982e-01 5.876068376068376009e-03 1.175213675213675202e-02
0.000000000000000000e+00 3.097400284900284628e-01 1.378205128205128305e-01 6.232193732193732315e-03 1.121794871794871799e-02
0.000000000000000000e+00 3.162393162393162260e-01 1.368856837606837740e-01 5.698005698005698290e-03 1.095085470085470011e-02
0.000000000000000000e+00 3.269230769230769273e-01 1.388888888888888951e-01 5.341880341880341984e-03 1.068376068376068397e-02
0.000000000000000000e+00 3.329772079772079785e-01 1.383547008547008628e-01 4.985754985754985678e-03 1.014957264957264994e-02
0.000000000000000000e+00 3.132122507122507282e-01 1.605235042735042861e-01 1.210826210826210746e-02 9.615384615384615918e-03
0.000000000000000000e+00 3.132122507122507282e-01 1.790865384615384637e-01 5.341880341880341984e-03 9.348290598290598039e-03
0.000000000000000000e+00 3.382300569800569812e-01 1.730769230769230727e-01 1.014957264957264994e-02 8.547008547008547868e-03
0.000000000000000000e+00 3.375178062678062529e-01 1.848290598290598385e-01 9.793447293447292770e-03 8.547008547008547868e-03
0.000000000000000000e+00 3.362713675213675479e-01 1.909722222222222099e-01 1.157407407407407343e-02 6.410256410256410034e-03
0.000000000000000000e+00 3.368055555555555802e-01 1.545138888888888951e-01 3.027065527065526864e-03 6.143162393162393022e-03
0.000000000000000000e+00 3.371616809116809166e-01 1.659989316239316171e-01 5.519943019943019703e-03 5.608974358974358997e-03
0.000000000000000000e+00 3.222934472934472772e-01 2.112713675213675202e-01 4.629629629629629373e-03 4.807692307692307959e-03
0.000000000000000000e+00 3.288817663817663606e-01 2.130074786324786251e-01 5.341880341880341984e-03 9.882478632478632063e-03
0.000000000000000000e+00 3.416132478632478708e-01 2.142094017094016978e-01 5.519943019943019703e-03 8.547008547008547868e-03
0.000000000000000000e+00 3.495370370370370350e-01 1.917735042735042861e-01 6.410256410256410034e-03 1.175213675213675202e-02
0.000000000000000000e+00 3.563924501424501345e-01 1.903044871794871695e-01 4.807692307692307959e-03 8.814102564102564014e-03
0.000000000000000000e+00 3.640491452991452825e-01 1.887019230769230727e-01 5.519943019943019703e-03 1.095085470085470011e-02
0.000000000000000000e+00 3.698361823361823175e-01 1.948450854700854717e-01 5.698005698005698290e-03 1.308760683760683795e-02
0.000000000000000000e+00 3.884437321937321830e-01 2.875267094017093794e-01 5.519943019943019703e-03 1.415598290598290600e-02
0.000000000000000000e+00 3.859508547008547175e-01 3.039529914529914278e-01 6.232193732193732315e-03 1.602564102564102422e-02
0.000000000000000000e+00 3.831018518518518601e-01 3.207799145299145560e-01 6.588319088319088621e-03 1.549145299145299193e-02
0.000000000000000000e+00 3.806089743589743390e-01 3.382745726495726690e-01 6.944444444444444059e-03 1.522435897435897405e-02
0.000000000000000000e+00 3.783831908831908897e-01 3.556356837606837740e-01 6.766381766381766340e-03 1.682692307692307612e-02
0.000000000000000000e+00 3.751780626780626959e-01 3.723290598290598385e-01 6.766381766381766340e-03 1.602564102564102422e-02
0.000000000000000000e+00 4.078525641025640969e-01 3.509615384615384359e-01 5.876068376068376009e-03 1.495726495726495790e-02
0.000000000000000000e+00 4.048254985754985991e-01 3.696581196581196771e-01 6.944444444444444059e-03 1.602564102564102422e-02
0.000000000000000000e+00 3.715277777777777901e-01 3.904914529914529919e-01 6.944444444444444059e-03 1.549145299145299193e-02
0.000000000000000000e+00 3.694800569800569812e-01 4.079861111111111049e-01 7.834757834757835257e-03 1.682692307692307612e-02
0.000000000000000000e+00 4.018874643874643660e-01 3.888888888888888951e-01 7.122507122507122646e-03 1.549145299145299193e-02
0.000000000000000000e+00 3.928952991452991372e-01 4.375000000000000000e-01 7.656695156695156670e-03 1.816239316239316379e-02
0.000000000000000000e+00 3.344017094017093794e-01 4.014423076923077094e-01 6.410256410256410034e-03 1.442307692307692388e-02
0.000000000000000000e+00 3.102742165242165506e-01 3.978365384615384359e-01 5.876068376068376009e-03 1.308760683760683795e-02
0.000000000000000000e+00 3.192663817663817794e-01 3.994391025641025883e-01 6.054131054131053728e-03 1.308760683760683795e-02
0.000000000000000000e+00 3.269230769230769273e-01 4.011752136752136932e-01 6.410256410256410034e-03 1.335470085470085409e-02
0.000000000000000000e+00 3.052884615384615641e-01 4.396367521367521292e-01 5.876068376068376009e-03 1.175213675213675202e-02
0.000000000000000000e+00 3.408119658119658224e-01 4.444444444444444198e-01 5.698005698005698290e-03 1.335470085470085409e-02
0.000000000000000000e+00 3.425925925925926152e-01 5.523504273504273865e-01 8.547008547008547868e-03 1.869658119658119608e-02
0.000000000000000000e+00 3.380519943019942852e-01 5.751869658119658224e-01 8.725071225071224720e-03 2.003205128205128374e-02
0.000000000000000000e+00 2.995014245014245291e-01 5.767895299145299193e-01 6.766381766381766340e-03 1.469017094017094002e-02
0.000000000000000000e+00 3.071581196581196771e-01 5.778579059829059839e-01 6.410256410256410034e-03 1.575854700854700807e-02
0.000000000000000000e+00 3.275462962962962798e-01 6.343482905982905651e-01 8.368945868945869282e-03 1.709401709401709574e-02
0.000000000000000000e+00 3.237179487179487336e-01 6.535790598290598385e-01 8.190883190883190695e-03 1.869658119658119608e-02
0.000000000000000000e+00 2.518696581196581130e-01 7.218215811965812412e-01 7.656695156695156670e-03 1.789529914529914417e-02
0.000000000000000000e+00 2.602386039886039892e-01 7.248931623931623713e-01 7.300569800569800365e-03 1.655982905982905998e-02
0.000000000000000000e+00 2.849893162393162260e-01 7.270299145299145005e-01 7.656695156695156670e-03 1.709401709401709574e-02
0.000000000000000000e+00 3.103632478632478708e-01 7.223557692307692735e-01 8.190883190883190695e-03 1.949786324786324798e-02
0.000000000000000000e+00 3.353810541310541238e-01 7.753739316239316448e-01 9.081196581196581893e-03 2.350427350427350404e-02
0.000000000000000000e+00 2.851673789173789220e-01 8.599091880341880323e-01 8.725071225071224720e-03 2.163461538461538408e-02
0.000000000000000000e+00 1.561609686609686520e-01 9.723557692307692735e-01 1.139601139601139658e-02 2.377136752136752018e-02
0.000000000000000000e+00 3.315527065527065775e-01 9.747596153846154188e-01 1.068376068376068397e-02 1.148504273504273587e-02
0.000000000000000000e+00 4.371438746438746636e-01 9.770299145299145005e-01 1.566951566951567051e-02 1.228632478632478604e-02
0.000000000000000000e+00 4.612713675213675479e-01 2.148771367521367659e-01 4.807692307692307959e-03 1.148504273504273587e-02
0.000000000000000000e+00 4.681267806267806475e-01 2.142094017094016978e-01 5.341880341880341984e-03 1.282051282051282007e-02
0.000000000000000000e+00 4.746260683760683552e-01 2.166132478632478708e-01 4.807692307692307959e-03 1.121794871794871799e-02
0.000000000000000000e+00 4.821047008547008628e-01 2.164797008547008628e-01 6.944444444444444059e-03 1.362179487179487197e-02
0.000000000000000000e+00 4.940349002849002691e-01 2.190170940170940161e-01 5.876068376068376009e-03 1.228632478632478604e-02
0.000000000000000000e+00 5.010683760683760646e-01 2.199519230769230727e-01 5.698005698005698290e-03 1.201923076923076990e-02
0.000000000000000000e+00 4.449786324786324521e-01 2.494658119658119677e-01 1.068376068376068397e-02 9.081196581196581893e-03
0.000000000000000000e+00 4.439992877492877632e-01 2.553418803418803229e-01 9.437321937321937332e-03 8.547008547008547868e-03
0.000000000000000000e+00 4.591346153846153633e-01 2.793803418803418870e-01 8.368945868945869282e-03 1.869658119658119608e-02
0.000000000000000000e+00 5.074786324786324521e-01 2.215544871794871695e-01 4.273504273504273934e-03 1.041666666666666609e-02
0.000000000000000000e+00 5.142450142450142314e-01 2.222222222222222099e-01 4.629629629629629373e-03 1.121794871794871799e-02
0.000000000000000000e+00 5.210113960113960108e-01 2.234241452991453103e-01 4.985754985754985678e-03 1.255341880341880392e-02
0.000000000000000000e+00 5.279558404558404305e-01 2.243589743589743668e-01 6.054131054131053728e-03 1.121794871794871799e-02
0.000000000000000000e+00 5.340099715099715372e-01 2.259615384615384637e-01 4.985754985754985678e-03 1.068376068376068397e-02
0.000000000000000000e+00 5.268874643874643660e-01 2.414529914529914556e-01 5.698005698005698290e-03 1.335470085470085409e-02
0.000000000000000000e+00 5.409544159544159569e-01 2.434561965811965767e-01 6.054131054131053728e-03 1.095085470085470011e-02
0.000000000000000000e+00 5.416666666666666297e-01 2.275641025641025605e-01 4.629629629629629373e-03 9.615384615384615918e-03
0.000000000000000000e+00 5.481659544159543929e-01 2.271634615384615363e-01 5.163817663817663398e-03 1.362179487179487197e-02
0.000000000000000000e+00 5.380163817663817794e-01 2.658920940170940161e-01 5.876068376068376009e-03 7.745726495726495964e-03
0.000000000000000000e+00 5.449608262108261991e-01 2.678952991452991372e-01 5.876068376068376009e-03 1.442307692307692388e-02
0.000000000000000000e+00 5.539529914529914834e-01 2.441239316239316171e-01 6.766381766381766340e-03 1.282051282051282007e-02
0.000000000000000000e+00 5.547542735042735318e-01 2.291666666666666574e-01 4.807692307692307959e-03 9.615384615384615918e-03
0.000000000000000000e+00 5.682870370370370905e-01 2.315705128205128305e-01 3.739316239316239476e-03 8.547008547008547868e-03
0.000000000000000000e+00 5.741631054131054457e-01 2.305021367521367659e-01 5.163817663817663398e-03 1.442307692307692388e-02
0.000000000000000000e+00 5.661502849002848503e-01 2.483974358974359031e-01 5.876068376068376009e-03 1.442307692307692388e-02
0.000000000000000000e+00 5.880519943019942852e-01 2.359775641025640969e-01 5.519943019943019703e-03 7.745726495726495964e-03
0.000000000000000000e+00 5.882300569800569257e-01 2.508012820512820484e-01 4.807692307692307959e-03 1.014957264957264994e-02
0.000000000000000000e+00 5.949074074074074403e-01 2.349091880341880323e-01 4.985754985754985678e-03 1.095085470085470011e-02
0.000000000000000000e+00 6.025641025641025328e-01 2.354433760683760646e-01 4.985754985754985678e-03 1.201923076923076990e-02
0.000000000000000000e+00 6.004273504273504036e-01 2.522702991452991372e-01 4.985754985754985678e-03 1.148504273504273587e-02
0.000000000000000000e+00 6.144052706552706189e-01 2.548076923076922906e-01 5.876068376068376009e-03 1.175213675213675202e-02
0.000000000000000000e+00 5.974893162393162260e-01 2.765758547008547175e-01 5.519943019943019703e-03 1.255341880341880392e-02
0.000000000000000000e+00 6.681801994301994618e-01 2.450587606837606736e-01 5.876068376068376009e-03 1.255341880341880392e-02
0.000000000000000000e+00 6.883903133903134242e-01 2.333066239316239354e-01 1.139601139601139658e-02 8.279914529914529989e-03
0.000000000000000000e+00 6.903490028490028019e-01 2.403846153846153910e-01 9.615384615384615918e-03 9.081196581196581893e-03
0.000000000000000000e+00 5.207443019943019946e-01 2.909989316239316448e-01 4.807692307692307959e-03 1.255341880341880392e-02
0.000000000000000000e+00 4.805911680911680861e-01 3.756677350427350404e-01 1.139601139601139658e-02 1.041666666666666609e-02
0.000000000000000000e+00 5.510149572649573058e-01 3.934294871794871695e-01 7.656695156695156670e-03 1.816239316239316379e-02
0.000000000000000000e+00 4.757834757834757955e-01 4.455128205128205399e-01 1.139601139601139658e-02 1.014957264957264994e-02
0.000000000000000000e+00 5.503917378917378977e-01 4.405715811965811857e-01 5.698005698005698290e-03 1.575854700854700807e-02
0.000000000000000000e+00 5.084579772079772519e-01 4.555288461538461453e-01 1.157407407407407343e-02 9.348290598290598039e-03
0.000000000000000000e+00 5.078347578347578439e-01 4.703525641025640969e-01 1.210826210826210746e-02 1.014957264957264994e-02
0.000000000000000000e+00 4.358084045584045829e-01 6.829594017094017255e-01 6.588319088319088621e-03 1.709401709401709574e-02
0.000000000000000000e+00 4.442663817663817794e-01 6.832264957264957417e-01 7.478632478632478951e-03 1.709401709401709574e-02
0.000000000000000000e+00 4.338497150997150942e-01 7.118055555555555802e-01 7.656695156695156670e-03 1.923076923076923184e-02
0.000000000000000000e+00 4.433760683760683552e-01 7.130074786324785974e-01 7.122507122507122646e-03 1.736111111111111188e-02
0.000000000000000000e+00 4.513888888888888951e-01 7.142094017094017255e-01 6.410256410256410034e-03 1.602564102564102422e-02
0.000000000000000000e+00 4.698183760683760646e-01 6.837606837606837740e-01 5.163817663817663398e-03 1.014957264957264994e-02
0.000000000000000000e+00 4.678596866096866314e-01 7.099358974358974672e-01 5.876068376068376009e-03 8.547008547008547868e-03
0.000000000000000000e+00 4.755163817663817794e-01 7.119391025641025328e-01 6.588319088319088621e-03 1.148504273504273587e-02
0.000000000000000000e+00 4.774750712250712126e-01 6.848290598290598385e-01 6.232193732193732315e-03 1.602564102564102422e-02
0.000000000000000000e+00 4.855769230769230727e-01 6.850961538461538547e-01 4.985754985754985678e-03 1.495726495726495790e-02
0.000000000000000000e+00 4.838853276353276556e-01 7.138087606837606458e-01 5.876068376068376009e-03 1.415598290598290600e-02
0.000000000000000000e+00 4.924323361823361722e-01 7.135416666666666297e-01 7.300569800569800365e-03 1.469017094017094002e-02
0.000000000000000000e+00 5.019586894586894887e-01 6.857638888888888395e-01 6.766381766381766340e-03 1.682692307692307612e-02
0.000000000000000000e+00 5.007122507122506727e-01 7.130074786324785974e-01 6.410256410256410034e-03 1.148504273504273587e-02
0.000000000000000000e+00 5.109508547008546619e-01 6.848290598290598385e-01 6.944444444444444059e-03 1.602564102564102422e-02
0.000000000000000000e+00 5.169159544159543929e-01 7.123397435897436125e-01 6.766381766381766340e-03 6.410256410256410034e-03
0.000000000000000000e+00 5.360576923076922906e-01 6.846955128205127750e-01 7.300569800569800365e-03 1.522435897435897405e-02
0.000000000000000000e+00 5.340099715099715372e-01 7.168803418803418870e-01 7.122507122507122646e-03 1.282051282051282007e-02
0.000000000000000000e+00 5.511930199430199462e-01 7.139423076923077094e-01 6.232193732193732315e-03 6.944444444444444059e-03
0.000000000000000000e+00 5.679309116809116986e-01 7.172809829059828557e-01 7.656695156695156670e-03 1.522435897435897405e-02
0.000000000000000000e+00 5.862713675213675479e-01 6.881677350427350959e-01 4.095441595441595348e-03 1.682692307692307612e-02
0.000000000000000000e+00 5.931267806267805920e-01 6.899038461538461453e-01 6.766381766381766340e-03 2.029914529914529989e-02
0.000000000000000000e+00 5.767450142450142314e-01 7.183493589743589203e-01 7.478632478632478951e-03 1.415598290598290600e-02
0.000000000000000000e+00 5.844907407407406996e-01 7.186164529914529364e-01 6.944444444444444059e-03 1.255341880341880392e-02
0.000000000000000000e+00 6.446759259259259300e-01 4.750267094017093794e-01 1.121794871794871799e-02 9.882478632478632063e-03
0.000000000000000000e+00 6.106659544159543929e-01 5.212339743589743390e-01 1.549145299145299193e-02 1.041666666666666609e-02
0.000000000000000000e+00 6.107549857549857686e-01 5.392628205128204844e-01 1.424501424501424529e-02 9.081196581196581893e-03
0.000000000000000000e+00 6.121794871794872250e-01 5.478098290598291120e-01 1.317663817663817724e-02 1.068376068376068397e-02
0.000000000000000000e+00 6.124465811965812412e-01 5.575587606837606458e-01 1.193019943019943060e-02 1.095085470085470011e-02
0.000000000000000000e+00 6.464565527065526673e-01 5.596955128205127750e-01 1.335470085470085409e-02 1.095085470085470011e-02
0.000000000000000000e+00 6.507300569800569257e-01 5.718482905982905651e-01 7.656695156695156670e-03 1.014957264957264994e-02
0.000000000000000000e+00 6.123575498575498655e-01 5.770566239316239354e-01 1.139601139601139658e-02 1.041666666666666609e-02
0.000000000000000000e+00 6.128917378917378977e-01 5.874732905982905651e-01 1.246438746438746463e-02 9.882478632478632063e-03
0.000000000000000000e+00 6.477920227920227481e-01 5.898771367521367104e-01 1.531339031339031334e-02 1.041666666666666609e-02
0.000000000000000000e+00 6.485042735042735318e-01 6.006944444444444198e-01 1.175213675213675202e-02 1.121794871794871799e-02
0.000000000000000000e+00 6.108440170940171443e-01 5.960202991452991927e-01 1.193019943019943060e-02 1.095085470085470011e-02
0.000000000000000000e+00 6.125356125356125059e-01 6.071047008547008073e-01 1.388888888888888812e-02 1.014957264957264994e-02
0.000000000000000000e+00 6.129807692307692735e-01 6.168536324786324521e-01 1.513532763532763475e-02 1.095085470085470011e-02
0.000000000000000000e+00 6.124465811965812412e-01 6.266025641025640969e-01 1.264245014245014322e-02 1.175213675213675202e-02
0.000000000000000000e+00 6.556267806267805920e-01 7.861912393162393542e-01 1.282051282051282007e-02 1.148504273504273587e-02
0.000000000000000000e+00 6.550035612535612950e-01 7.954059829059828557e-01 1.299857549857549865e-02 8.547008547008547868e-03
0.000000000000000000e+00 6.610576923076922906e-01 8.104967948717948234e-01 4.451566951566951653e-03 8.814102564102564014e-03
0.000000000000000000e+00 6.574074074074074403e-01 8.214476495726495964e-01 1.317663817663817724e-02 1.041666666666666609e-02
0.000000000000000000e+00 6.167200854700854995e-01 8.425480769230768718e-01 1.477920227920227932e-02 1.201923076923076990e-02
0.000000000000000000e+00 6.168981481481481399e-01 8.569711538461538547e-01 1.371082621082621127e-02 1.308760683760683795e-02
0.000000000000000000e+00 6.567841880341880323e-01 8.460202991452991927e-01 1.371082621082621127e-02 1.095085470085470011e-02
0.000000000000000000e+00 6.605235042735042583e-01 8.685897435897436125e-01 9.437321937321937332e-03 1.068376068376068397e-02
0.000000000000000000e+00 6.184116809116808611e-01 8.924946581196581130e-01 1.638176638176638139e-02 1.201923076923076990e-02
0.000000000000000000e+00 6.178774928774928288e-01 9.042467948717948234e-01 1.139601139601139658e-02 1.095085470085470011e-02
0.000000000000000000e+00 6.205484330484331013e-01 9.151976495726495964e-01 7.834757834757835257e-03 9.348290598290598039e-03
0.000000000000000000e+00 6.590990028490028019e-01 8.936965811965812412e-01 1.549145299145299193e-02 1.282051282051282007e-02
0.000000000000000000e+00 6.592770655270655533e-01 9.196047008547008073e-01 1.549145299145299193e-02 1.175213675213675202e-02
0.000000000000000000e+00 7.500000000000000000e-01 3.338675213675213523e-03 1.210826210826210746e-02 5.608974358974358997e-03
0.000000000000000000e+00 7.502670940170940161e-01 9.214743589743589966e-03 1.086182336182336255e-02 8.279914529914529989e-03
0.000000000000000000e+00 7.766203703703703498e-01 3.205128205128205017e-03 8.368945868945869282e-03 5.341880341880341984e-03
0.000000000000000000e+00 7.749287749287748772e-01 7.345085470085470011e-03 7.834757834757835257e-03 7.211538461538461939e-03
0.000000000000000000e+00 7.753739316239316448e-01 1.736111111111111188e-02 9.081196581196581893e-03 8.547008547008547868e-03
0.000000000000000000e+00 7.489316239316239354e-01 1.789529914529914417e-02 9.971509971509971357e-03 6.944444444444444059e-03
0.000000000000000000e+00 7.485754985754985436e-01 2.403846153846153980e-02 9.259259259259258745e-03 8.012820512820512109e-03
0.000000000000000000e+00 8.797186609686609149e-01 7.305021367521367937e-02 5.876068376068376009e-03 1.201923076923076990e-02
0.000000000000000000e+00 9.101673789173788665e-01 1.860309829059829112e-01 4.807692307692307959e-03 1.255341880341880392e-02
0.000000000000000000e+00 9.290420227920227481e-01 2.119391025641025605e-01 6.232193732193732315e-03 1.362179487179487197e-02
0.000000000000000000e+00 8.364494301994301884e-01 3.943643162393162260e-01 6.588319088319088621e-03 1.255341880341880392e-02
0.000000000000000000e+00 8.415242165242164951e-01 4.298878205128205399e-01 7.834757834757835257e-03 1.896367521367521222e-02
0.000000000000000000e+00 8.183760683760683552e-01 4.425747863247863068e-01 9.615384615384615918e-03 8.547008547008547868e-03
0.000000000000000000e+00 8.181980056980057148e-01 4.493856837606837740e-01 8.903133903133903307e-03 6.677350427350427046e-03
0.000000000000000000e+00 8.197115384615384359e-01 4.695512820512820484e-01 1.086182336182336255e-02 9.615384615384615918e-03
0.000000000000000000e+00 8.212250712250712681e-01 4.841079059829059839e-01 1.139601139601139658e-02 1.041666666666666609e-02
0.000000000000000000e+00 8.260327635327635587e-01 5.041399572649573058e-01 6.766381766381766340e-03 9.882478632478632063e-03
0.000000000000000000e+00 8.258547008547008073e-01 5.136217948717948234e-01 1.210826210826210746e-02 8.012820512820512109e-03
0.000000000000000000e+00 8.272792022792022637e-01 5.212339743589743390e-01 1.424501424501424529e-02 8.279914529914529989e-03
0.000000000000000000e+00 8.288817663817663606e-01 5.300480769230768718e-01 1.460113960113960073e-02 1.148504273504273587e-02
0.000000000000000000e+00 8.563034188034187588e-01 5.411324786324785974e-01 7.478632478632478951e-03 1.655982905982905998e-02
0.000000000000000000e+00 8.305733618233618332e-01 5.488782051282051766e-01 1.264245014245014322e-02 1.068376068376068397e-02
0.000000000000000000e+00 8.303952991452991927e-01 5.598290598290598385e-01 1.193019943019943060e-02 9.615384615384615918e-03
0.000000000000000000e+00 8.496260683760683552e-01 5.600961538461538547e-01 9.437321937321937332e-03 1.816239316239316379e-02
0.000000000000000000e+00 8.593304843304843121e-01 5.618322649572649041e-01 8.903133903133903307e-03 2.216880341880341984e-02
0.000000000000000000e+00 8.349358974358974672e-01 5.694444444444444198e-01 9.259259259259258745e-03 1.014957264957264994e-02
0.000000000000000000e+00 8.353810541310541238e-01 5.799946581196581130e-01 1.014957264957264994e-02 8.814102564102564014e-03
0.000000000000000000e+00 8.351139601139601076e-01 5.884081196581196771e-01 1.210826210826210746e-02 1.014957264957264994e-02
0.000000000000000000e+00 8.347578347578347158e-01 5.982905982905982745e-01 1.175213675213675202e-02 9.081196581196581893e-03
0.000000000000000000e+00 8.650284900284900269e-01 6.067040598290598385e-01 7.478632478632478951e-03 1.736111111111111188e-02
0.000000000000000000e+00 8.364494301994301884e-01 6.065705128205127750e-01 1.193019943019943060e-02 1.014957264957264994e-02
0.000000000000000000e+00 8.397435897435897578e-01 6.187232905982905651e-01 7.122507122507122646e-03 9.348290598290598039e-03
0.000000000000000000e+00 8.385861823361823175e-01 6.284722222222222099e-01 1.050569800569800538e-02 9.615384615384615918e-03
0.000000000000000000e+00 8.399216524216523982e-01 6.386217948717948234e-01 1.388888888888888812e-02 9.615384615384615918e-03
0.000000000000000000e+00 8.396545584045583821e-01 6.474358974358974672e-01 1.193019943019943060e-02 1.014957264957264994e-02
0.000000000000000000e+00 8.892450142450142314e-01 6.583867521367521292e-01 1.317663817663817724e-02 1.121794871794871799e-02
0.000000000000000000e+00 8.848824786324785974e-01 7.662927350427350959e-01 8.012820512820512109e-03 1.869658119658119608e-02
0.000000000000000000e+00 8.884437321937321830e-01 7.913995726495726135e-01 9.081196581196581893e-03 2.190170940170940023e-02
0.000000000000000000e+00 8.926282051282051766e-01 8.217147435897436125e-01 8.903133903133903307e-03 2.110042735042735179e-02
0.000000000000000000e+00 8.615562678062678170e-01 7.968750000000000000e-01 1.014957264957264994e-02 1.201923076923076990e-02
0.000000000000000000e+00 8.620014245014244736e-01 8.215811965811965489e-01 1.531339031339031334e-02 1.121794871794871799e-02
0.000000000000000000e+00 8.673433048433047965e-01 8.444177350427350959e-01 9.615384615384615918e-03 1.201923076923076990e-02
0.000000000000000000e+00 8.665420227920227481e-01 8.561698717948718063e-01 1.335470085470085409e-02 1.148504273504273587e-02
0.000000000000000000e+00 8.668981481481481399e-01 8.683226495726495964e-01 1.477920227920227932e-02 1.228632478632478604e-02
0.000000000000000000e+00 8.690349002849002691e-01 8.819444444444444198e-01 1.620370370370370280e-02 1.282051282051282007e-02
0.000000000000000000e+00 8.726851851851852304e-01 8.946314102564102422e-01 9.259259259259258745e-03 1.095085470085470011e-02
0.000000000000000000e+00 8.739316239316239354e-01 9.041132478632478708e-01 1.032763532763532680e-02 9.081196581196581893e-03
0.000000000000000000e+00 9.052706552706553111e-01 9.218750000000000000e-01 8.190883190883190695e-03 1.789529914529914417e-02
0.000000000000000000e+00 8.800747863247863068e-01 9.835737179487179516e-01 1.584757834757834910e-02 1.255341880341880392e-02
