0.000000000000000000e+00 3.668091168091167781e-02 5.996260683760683968e-02 1.246438746438746463e-02 8.279914529914529989e-03
0.000000000000000000e+00 9.437321937321936638e-02 6.117788461538461453e-01 1.246438746438746463e-02 1.201923076923076990e-02
0.000000000000000000e+00 1.158297720797720753e-01 6.375534188034187588e-01 1.442307692307692388e-02 1.014957264957264994e-02
0.000000000000000000e+00 1.326566951566951480e-01 6.555822649572649041e-01 1.353276353276353268e-02 1.255341880341880392e-02
0.000000000000000000e+00 1.477029914529914556e-01 6.738782051282051766e-01 1.157407407407407343e-02 1.068376068376068397e-02
0.000000000000000000e+00 1.550925925925925875e-01 6.834935897435897578e-01 1.175213675213675202e-02 1.014957264957264994e-02
0.000000000000000000e+00 1.647970085470085444e-01 6.916399572649573058e-01 1.620370370370370280e-02 1.095085470085470011e-02
0.000000000000000000e+00 1.702279202279202153e-01 7.003205128205127750e-01 1.388888888888888812e-02 1.014957264957264994e-02
0.000000000000000000e+00 1.996972934472934502e-01 7.298344017094017255e-01 1.050569800569800538e-02 1.201923076923076990e-02
0.000000000000000000e+00 2.032585470085470081e-01 7.394497863247863068e-01 1.299857549857549865e-02 1.095085470085470011e-02
0.000000000000000000e+00 2.527599715099715372e-01 7.803151709401708880e-01 1.193019943019943060e-02 1.522435897435897405e-02
0.000000000000000000e+00 6.686253561253560629e-02 8.537660256410256610e-01 9.793447293447292770e-03 2.483974358974358823e-02
0.000000000000000000e+00 7.719017094017094349e-02 8.553685897435897578e-01 8.368945868945869282e-03 2.056623931623931603e-02
0.000000000000000000e+00 8.493589743589743946e-02 8.593750000000000000e-01 7.834757834757835257e-03 1.896367521367521222e-02
0.000000000000000000e+00 9.321581196581196771e-02 8.640491452991453381e-01 7.656695156695156670e-03 1.816239316239316379e-02
0.000000000000000000e+00 1.099537037037037063e-01 8.736645299145299193e-01 9.081196581196581893e-03 1.976495726495726413e-02
0.000000000000000000e+00 1.206374643874643937e-01 8.787393162393162260e-01 8.368945868945869282e-03 1.869658119658119608e-02
0.000000000000000000e+00 1.371972934472934502e-01 8.874198717948718063e-01 7.300569800569800365e-03 1.949786324786324798e-02
0.000000000000000000e+00 1.464565527065526951e-01 8.911591880341880323e-01 7.656695156695156670e-03 2.003205128205128374e-02
0.000000000000000000e+00 9.900284900284900269e-02 9.174679487179486781e-01 1.495726495726495790e-02 2.136752136752136794e-02
0.000000000000000000e+00 1.089743589743589758e-01 9.232104700854700807e-01 1.531339031339031334e-02 2.110042735042735179e-02
0.000000000000000000e+00 1.173433048433048381e-01 9.294871794871795156e-01 1.317663817663817724e-02 1.762820512820512803e-02
0.000000000000000000e+00 8.725071225071224720e-03 9.817040598290598385e-01 1.495726495726495790e-02 2.056623931623931603e-02
0.000000000000000000e+00 8.760683760683760091e-02 9.850427350427350959e-01 1.602564102564102422e-02 1.869658119658119608e-02
0.000000000000000000e+00 2.340633903133903237e-01 2.831196581196581130e-01 1.193019943019943060e-02 8.547008547008547868e-03
0.000000000000000000e+00 2.503561253561253364e-01 2.800480769230769273e-01 1.353276353276353268e-02 1.148504273504273587e-02
0.000000000000000000e+00 3.514066951566951480e-01 5.435363247863247982e-02 1.050569800569800538e-02 8.814102564102564014e-03
0.000000000000000000e+00 3.896901709401709435e-01 5.208333333333333044e-03 1.086182336182336255e-02 8.279914529914529989e-03
0.000000000000000000e+00 4.031339031339031265e-01 3.310630341880341776e-01 7.478632478632478951e-03 1.469017094017094002e-02
0.000000000000000000e+00 4.512108262108261991e-01 2.995459401709401615e-01 6.054131054131053728e-03 1.362179487179487197e-02
0.000000000000000000e+00 3.682336182336182206e-01 4.280181623931623713e-01 1.103988603988603941e-02 1.041666666666666609e-02
0.000000000000000000e+00 3.955662393162392987e-01 4.154647435897436125e-01 6.588319088319088621e-03 1.415598290598290600e-02
0.000000000000000000e+00 4.122150997150997309e-01 4.021100427350427498e-01 1.246438746438746463e-02 1.148504273504273587e-02
0.000000000000000000e+00 4.116809116809116986e-01 3.910256410256410242e-01 1.317663817663817724e-02 1.014957264957264994e-02
0.000000000000000000e+00 4.123041310541310511e-01 3.830128205128205399e-01 1.299857549857549865e-02 1.121794871794871799e-02
0.000000000000000000e+00 4.147079772079771964e-01 3.756677350427350404e-01 1.032763532763532680e-02 9.882478632478632063e-03
0.000000000000000000e+00 4.159544159544159569e-01 3.688568376068376287e-01 1.210826210826210746e-02 1.121794871794871799e-02
0.000000000000000000e+00 4.172898860398860377e-01 3.615117521367521292e-01 1.228632478632478604e-02 1.255341880341880392e-02
0.000000000000000000e+00 4.212962962962962798e-01 3.552350427350427498e-01 1.068376068376068397e-02 1.228632478632478604e-02
0.000000000000000000e+00 4.260149572649572502e-01 3.477564102564102422e-01 1.121794871794871799e-02 1.442307692307692388e-02
0.000000000000000000e+00 4.388354700854700807e-01 3.398771367521367659e-01 8.725071225071224720e-03 1.522435897435897405e-02
0.000000000000000000e+00 4.456908831908831803e-01 3.362713675213675479e-01 6.410256410256410034e-03 1.442307692307692388e-02
0.000000000000000000e+00 4.529914529914529919e-01 3.373397435897436125e-01 6.054131054131053728e-03 1.495726495726495790e-02
0.000000000000000000e+00 4.612713675213675479e-01 3.357371794871794601e-01 6.232193732193732315e-03 1.442307692307692388e-02
0.000000000000000000e+00 4.841524216524216717e-01 3.424145299145299193e-01 1.175213675213675202e-02 1.228632478632478604e-02
0.000000000000000000e+00 4.936787749287749327e-01 3.559027777777777901e-01 1.050569800569800538e-02 1.522435897435897405e-02
0.000000000000000000e+00 4.934116809116809166e-01 3.696581196581196771e-01 1.282051282051282007e-02 9.615384615384615918e-03
0.000000000000000000e+00 4.918981481481481399e-01 3.784722222222222099e-01 1.477920227920227932e-02 9.615384615384615918e-03
0.000000000000000000e+00 4.918981481481481399e-01 3.872863247863247982e-01 1.157407407407407343e-02 1.014957264957264994e-02
0.000000000000000000e+00 4.883368945868946098e-01 3.952991452991452825e-01 1.406695156695156670e-02 1.175213675213675202e-02
0.000000000000000000e+00 4.854878917378917524e-01 4.023771367521367659e-01 9.437321937321937332e-03 1.041666666666666609e-02
0.000000000000000000e+00 4.827279202279202153e-01 4.098557692307692180e-01 1.353276353276353268e-02 1.308760683760683795e-02
0.000000000000000000e+00 4.796118233618233417e-01 4.159989316239316448e-01 1.299857549857549865e-02 1.308760683760683795e-02
0.000000000000000000e+00 5.020477207977207534e-01 4.415064102564102422e-01 1.193019943019943060e-02 1.228632478632478604e-02
0.000000000000000000e+00 5.165598290598291120e-01 4.313568376068376287e-01 1.460113960113960073e-02 1.175213675213675202e-02
0.000000000000000000e+00 3.118767806267806475e-01 9.172008547008546619e-01 1.264245014245014322e-02 1.923076923076923184e-02
0.000000000000000000e+00 4.166666666666666852e-01 7.678952991452991927e-01 7.478632478632478951e-03 1.976495726495726413e-02
0.000000000000000000e+00 4.005519943019942852e-01 7.787126068376067911e-01 1.513532763532763475e-02 1.522435897435897405e-02
0.000000000000000000e+00 3.963675213675213471e-01 7.885950854700854995e-01 1.531339031339031334e-02 1.575854700854700807e-02
0.000000000000000000e+00 3.857727920227920215e-01 8.074252136752136932e-01 1.299857549857549865e-02 1.388888888888888812e-02
0.000000000000000000e+00 3.824786324786324521e-01 8.179754273504273865e-01 1.745014245014244944e-02 1.736111111111111188e-02
0.000000000000000000e+00 3.691239316239316448e-01 8.474893162393162260e-01 1.602564102564102422e-02 1.709401709401709574e-02
0.000000000000000000e+00 4.409722222222222099e-01 8.935630341880341776e-01 1.477920227920227932e-02 1.201923076923076990e-02
0.000000000000000000e+00 5.930377492877493273e-01 3.378739316239316032e-02 9.437321937321937332e-03 8.814102564102564014e-03
0.000000000000000000e+00 5.326745014245014564e-01 1.662660256410256332e-01 1.050569800569800538e-02 8.814102564102564014e-03
0.000000000000000000e+00 5.318732193732194080e-01 1.728098290598290565e-01 1.032763532763532680e-02 9.081196581196581893e-03
0.000000000000000000e+00 5.585826210826211335e-01 1.605235042735042861e-01 6.410256410256410034e-03 6.944444444444444059e-03
0.000000000000000000e+00 5.576032763532763337e-01 1.668002136752136655e-01 5.519943019943019703e-03 7.211538461538461939e-03
0.000000000000000000e+00 5.588497150997151497e-01 1.728098290598290565e-01 4.451566951566951653e-03 8.012820512820512109e-03
0.000000000000000000e+00 5.593839031339031820e-01 1.832264957264957139e-01 1.086182336182336255e-02 7.478632478632478951e-03
0.000000000000000000e+00 5.597400284900284628e-01 1.885683760683760646e-01 1.193019943019943060e-02 6.410256410256410034e-03
0.000000000000000000e+00 5.691773504273504036e-01 2.138087606837606736e-01 6.588319088319088621e-03 8.814102564102564014e-03
0.000000000000000000e+00 5.755876068376067911e-01 1.595886752136752018e-01 9.081196581196581893e-03 7.745726495726495964e-03
0.000000000000000000e+00 5.764779202279202153e-01 1.665331196581196493e-01 1.157407407407407343e-02 9.882478632478632063e-03
0.000000000000000000e+00 5.753205128205127750e-01 1.721420940170940161e-01 8.190883190883190695e-03 7.211538461538461939e-03
0.000000000000000000e+00 5.757656695156695426e-01 1.780181623931623991e-01 1.050569800569800538e-02 7.745726495726495964e-03
0.000000000000000000e+00 5.754985754985755264e-01 1.834935897435897301e-01 8.903133903133903307e-03 6.944444444444444059e-03
0.000000000000000000e+00 5.759437321937321830e-01 1.891025641025640969e-01 5.876068376068376009e-03 5.876068376068376009e-03
0.000000000000000000e+00 5.859152421652421561e-01 1.530448717948718063e-01 5.163817663817663398e-03 1.335470085470085409e-02
0.000000000000000000e+00 5.923254985754985436e-01 1.530448717948718063e-01 5.519943019943019703e-03 1.282051282051282007e-02
0.000000000000000000e+00 5.983796296296296502e-01 1.534455128205128305e-01 5.163817663817663398e-03 1.095085470085470011e-02
0.000000000000000000e+00 6.044337606837606458e-01 1.526442307692307820e-01 5.163817663817663398e-03 1.095085470085470011e-02
0.000000000000000000e+00 6.153846153846154188e-01 1.546474358974359031e-01 4.985754985754985678e-03 1.068376068376068397e-02
0.000000000000000000e+00 6.211716524216523982e-01 1.541132478632478708e-01 4.451566951566951653e-03 1.014957264957264994e-02
0.000000000000000000e+00 6.052350427350426942e-01 1.770833333333333426e-01 1.175213675213675202e-02 8.012820512820512109e-03
0.000000000000000000e+00 6.289173789173788665e-01 1.706730769230769273e-01 5.698005698005698290e-03 5.876068376068376009e-03
0.000000000000000000e+00 6.312321937321937471e-01 1.764155982905983022e-01 9.971509971509971357e-03 6.143162393162393022e-03
0.000000000000000000e+00 6.313212250712251228e-01 1.817574786324786251e-01 7.656695156695156670e-03 7.211538461538461939e-03
0.000000000000000000e+00 6.326566951566952035e-01 1.891025641025640969e-01 1.032763532763532680e-02 9.081196581196581893e-03
0.000000000000000000e+00 6.334579772079772519e-01 2.012553418803418870e-01 9.793447293447292770e-03 8.279914529914529989e-03
0.000000000000000000e+00 6.330128205128204844e-01 2.075320512820512941e-01 1.175213675213675202e-02 6.410256410256410034e-03
0.000000000000000000e+00 6.464565527065526673e-01 2.081997863247863345e-01 5.519943019943019703e-03 1.148504273504273587e-02
0.000000000000000000e+00 6.532229344729344467e-01 2.088675213675213749e-01 5.876068376068376009e-03 1.282051282051282007e-02
0.000000000000000000e+00 6.601673789173788665e-01 2.081997863247863345e-01 6.232193732193732315e-03 1.682692307692307612e-02
0.000000000000000000e+00 6.419159544159543929e-01 2.307692307692307820e-01 5.341880341880341984e-03 8.547008547008547868e-03
0.000000000000000000e+00 6.486823361823361722e-01 2.317040598290598385e-01 4.985754985754985678e-03 7.745726495726495964e-03
0.000000000000000000e+00 5.239494301994301884e-01 3.072916666666666852e-01 9.437321937321937332e-03 1.148504273504273587e-02
0.000000000000000000e+00 6.996972934472934780e-01 3.052884615384615641e-01 5.519943019943019703e-03 1.388888888888888812e-02
0.000000000000000000e+00 6.998753561253561184e-01 3.213141025641025883e-01 5.519943019943019703e-03 1.602564102564102422e-02
0.000000000000000000e+00 6.997863247863247427e-01 3.392094017094017255e-01 6.054131054131053728e-03 1.602564102564102422e-02
0.000000000000000000e+00 6.999643874643874941e-01 3.564369658119658224e-01 6.410256410256410034e-03 1.469017094017094002e-02
0.000000000000000000e+00 7.001424501424501345e-01 3.741987179487179516e-01 6.410256410256410034e-03 1.655982905982905998e-02
0.000000000000000000e+00 7.290776353276353650e-01 3.699252136752136932e-01 6.588319088319088621e-03 1.442307692307692388e-02
0.000000000000000000e+00 7.291666666666666297e-01 3.876869658119658224e-01 6.054131054131053728e-03 1.522435897435897405e-02
0.000000000000000000e+00 7.000534188034187588e-01 3.914262820512820484e-01 6.588319088319088621e-03 1.575854700854700807e-02
0.000000000000000000e+00 6.989850427350426942e-01 4.097222222222222099e-01 6.232193732193732315e-03 1.442307692307692388e-02
0.000000000000000000e+00 6.997863247863247427e-01 4.270833333333333148e-01 6.410256410256410034e-03 1.655982905982905998e-02
0.000000000000000000e+00 7.288105413105413488e-01 4.078525641025640969e-01 6.766381766381766340e-03 1.549145299145299193e-02
0.000000000000000000e+00 6.398682336182336394e-01 4.169337606837607013e-01 6.232193732193732315e-03 1.388888888888888812e-02
0.000000000000000000e+00 6.490384615384615641e-01 4.186698717948718063e-01 6.054131054131053728e-03 1.308760683760683795e-02
0.000000000000000000e+00 6.569622507122506727e-01 4.205395299145299193e-01 6.232193732193732315e-03 1.362179487179487197e-02
0.000000000000000000e+00 6.644408831908832358e-01 4.209401709401709435e-01 5.876068376068376009e-03 1.442307692307692388e-02
0.000000000000000000e+00 6.422720797720797847e-01 4.594017094017093794e-01 6.054131054131053728e-03 1.282051282051282007e-02
0.000000000000000000e+00 7.279202279202279247e-01 4.572649572649572502e-01 6.410256410256410034e-03 1.762820512820512803e-02
0.000000000000000000e+00 6.567841880341880323e-01 5.982905982905982745e-01 6.588319088319088621e-03 1.655982905982905998e-02
0.000000000000000000e+00 6.644408831908832358e-01 5.990918803418803229e-01 6.588319088319088621e-03 1.602564102564102422e-02
0.000000000000000000e+00 6.954237891737892197e-01 5.730502136752136932e-01 6.944444444444444059e-03 1.949786324786324798e-02
0.000000000000000000e+00 6.947115384615384359e-01 5.962873931623932089e-01 6.944444444444444059e-03 1.949786324786324798e-02
0.000000000000000000e+00 6.939992877492877632e-01 6.559829059829059839e-01 6.944444444444444059e-03 1.549145299145299193e-02
0.000000000000000000e+00 6.929309116809116986e-01 6.753472222222222099e-01 6.588319088319088621e-03 1.896367521367521222e-02
0.000000000000000000e+00 6.325676638176638278e-01 7.450587606837606458e-01 7.656695156695156670e-03 1.842948717948717993e-02
0.000000000000000000e+00 6.410256410256410797e-01 7.478632478632478708e-01 7.122507122507122646e-03 1.709401709401709574e-02
0.000000000000000000e+00 6.656873219373219408e-01 7.502670940170940161e-01 6.588319088319088621e-03 1.655982905982905998e-02
0.000000000000000000e+00 6.905270655270655533e-01 7.455929487179486781e-01 6.766381766381766340e-03 1.949786324786324798e-02
0.000000000000000000e+00 7.234686609686609149e-01 7.990117521367521292e-01 7.834757834757835257e-03 2.377136752136752018e-02
0.000000000000000000e+00 6.860754985754985436e-01 8.842147435897436125e-01 7.478632478632478951e-03 2.163461538461538408e-02
0.000000000000000000e+00 5.765669515669515910e-01 9.925213675213675479e-01 5.698005698005698290e-03 1.282051282051282007e-02
0.000000000000000000e+00 7.533831908831908342e-01 9.974626068376067911e-01 1.638176638176638139e-02 4.540598290598290947e-03
0.000000000000000000e+00 7.498219373219373596e-01 2.658920940170940161e-01 1.032763532763532680e-02 6.677350427350427046e-03
0.000000000000000000e+00 7.522257834757835049e-01 2.729700854700854440e-01 5.876068376068376009e-03 8.547008547008547868e-03
0.000000000000000000e+00 7.609508547008546619e-01 2.311698717948718063e-01 5.163817663817663398e-03 1.148504273504273587e-02
0.000000000000000000e+00 7.675391737891738009e-01 2.323717948717948789e-01 5.519943019943019703e-03 9.081196581196581893e-03
0.000000000000000000e+00 7.741274928774928288e-01 2.326388888888888951e-01 5.519943019943019703e-03 1.014957264957264994e-02
0.000000000000000000e+00 7.817841880341880323e-01 2.327724358974359031e-01 6.588319088319088621e-03 1.308760683760683795e-02
0.000000000000000000e+00 7.938924501424501345e-01 2.353098290598290565e-01 5.163817663817663398e-03 1.282051282051282007e-02
0.000000000000000000e+00 8.011039886039885705e-01 2.361111111111111049e-01 6.054131054131053728e-03 1.388888888888888812e-02
0.000000000000000000e+00 8.079594017094017255e-01 2.374465811965811857e-01 4.807692307692307959e-03 1.068376068376068397e-02
0.000000000000000000e+00 8.146367521367521292e-01 2.391826923076923184e-01 4.985754985754985678e-03 9.348290598290598039e-03
0.000000000000000000e+00 8.218482905982905651e-01 2.397168803418803507e-01 5.876068376068376009e-03 1.308760683760683795e-02
0.000000000000000000e+00 8.287927350427350959e-01 2.413194444444444475e-01 5.876068376068376009e-03 1.041666666666666609e-02
0.000000000000000000e+00 8.352920227920227481e-01 2.439903846153846090e-01 4.985754985754985678e-03 7.211538461538461939e-03
0.000000000000000000e+00 8.427706552706553111e-01 2.446581196581196493e-01 5.341880341880341984e-03 9.081196581196581893e-03
0.000000000000000000e+00 8.493589743589743390e-01 2.459935897435897301e-01 4.985754985754985678e-03 8.547008547008547868e-03
0.000000000000000000e+00 8.563924501424501345e-01 2.451923076923076816e-01 4.807692307692307959e-03 1.068376068376068397e-02
0.000000000000000000e+00 8.627136752136752573e-01 2.458600427350427220e-01 4.629629629629629373e-03 1.041666666666666609e-02
0.000000000000000000e+00 8.762464387464387050e-01 2.483974358974359031e-01 5.698005698005698290e-03 1.175213675213675202e-02
0.000000000000000000e+00 8.904914529914529364e-01 2.495993589743589758e-01 5.698005698005698290e-03 1.255341880341880392e-02
0.000000000000000000e+00 8.970797720797720753e-01 2.510683760683760646e-01 4.629629629629629373e-03 1.121794871794871799e-02
0.000000000000000000e+00 9.048254985754985436e-01 2.522702991452991372e-01 4.807692307692307959e-03 1.041666666666666609e-02
0.000000000000000000e+00 9.715990028490028019e-01 2.614850427350427498e-01 5.876068376068376009e-03 1.282051282051282007e-02
0.000000000000000000e+00 9.894943019943019946e-01 2.498664529914529919e-01 1.139601139601139658e-02 7.745726495726495964e-03
0.000000000000000000e+00 9.925213675213675479e-01 2.566773504273504036e-01 9.615384615384615918e-03 8.547008547008547868e-03
0.000000000000000000e+00 8.304843304843304574e-01 2.581463675213675479e-01 6.054131054131053728e-03 1.255341880341880392e-02
0.000000000000000000e+00 8.441951566951566566e-01 2.598824786324786529e-01 6.054131054131053728e-03 1.121794871794871799e-02
0.000000000000000000e+00 8.576388888888888395e-01 2.609508547008547175e-01 5.876068376068376009e-03 1.388888888888888812e-02
0.000000000000000000e+00 8.705484330484331013e-01 2.649572649572649596e-01 6.410256410256410034e-03 1.495726495726495790e-02
0.000000000000000000e+00 7.686965811965812412e-01 2.971420940170940161e-01 6.766381766381766340e-03 1.736111111111111188e-02
0.000000000000000000e+00 8.115206552706553111e-01 2.769764957264957417e-01 5.163817663817663398e-03 8.012820512820512109e-03
0.000000000000000000e+00 8.318198005698005382e-01 3.080929487179487336e-01 5.876068376068376009e-03 1.308760683760683795e-02
0.000000000000000000e+00 8.457086894586894887e-01 2.849893162393162260e-01 5.876068376068376009e-03 1.282051282051282007e-02
0.000000000000000000e+00 8.524750712250712681e-01 2.852564102564102422e-01 5.876068376068376009e-03 1.282051282051282007e-02
0.000000000000000000e+00 8.926282051282051766e-01 2.673611111111111049e-01 6.410256410256410034e-03 1.175213675213675202e-02
0.000000000000000000e+00 9.191595441595441507e-01 2.715010683760683552e-01 5.698005698005698290e-03 1.308760683760683795e-02
0.000000000000000000e+00 9.066061253561253919e-01 2.942040598290598385e-01 5.163817663817663398e-03 8.279914529914529989e-03
0.000000000000000000e+00 8.793625356125356340e-01 4.118589743589743390e-01 8.012820512820512109e-03 1.762820512820512803e-02
0.000000000000000000e+00 8.459757834757835049e-01 4.752938034188033956e-01 1.175213675213675202e-02 1.041666666666666609e-02
0.000000000000000000e+00 8.475783475783476018e-01 4.903846153846153633e-01 1.246438746438746463e-02 1.014957264957264994e-02
0.000000000000000000e+00 9.615384615384615641e-01 5.412660256410256610e-01 8.190883190883190695e-03 1.095085470085470011e-02
0.000000000000000000e+00 9.643874643874643660e-01 5.588942307692307265e-01 6.766381766381766340e-03 8.279914529914529989e-03
0.000000000000000000e+00 9.661680911680912143e-01 5.682425213675214026e-01 8.547008547008547868e-03 1.095085470085470011e-02
0.000000000000000000e+00 9.673254985754985436e-01 5.779914529914529364e-01 7.656695156695156670e-03 1.014957264957264994e-02
0.000000000000000000e+00 9.953703703703703498e-01 5.794604700854700807e-01 8.547008547008547868e-03 9.882478632478632063e-03
0.000000000000000000e+00 9.954594017094017255e-01 5.913461538461538547e-01 3.383190883190883170e-03 6.944444444444444059e-03
0.000000000000000000e+00 9.981303418803418870e-01 6.091079059829059839e-01 3.383190883190883170e-03 7.211538461538461939e-03
0.000000000000000000e+00 9.788105413105413488e-01 6.382211538461538547e-01 7.122507122507122646e-03 9.882478632478632063e-03
0.000000000000000000e+00 9.772079772079772519e-01 6.478365384615384359e-01 8.903133903133903307e-03 1.041666666666666609e-02
0.000000000000000000e+00 8.081374643874643660e-01 7.007211538461538547e-01 7.300569800569800365e-03 6.143162393162393022e-03
0.000000000000000000e+00 8.172186609686609149e-01 7.055288461538461453e-01 7.300569800569800365e-03 1.682692307692307612e-02
0.000000000000000000e+00 8.110754985754985436e-01 7.349091880341880323e-01 7.834757834757835257e-03 1.842948717948717993e-02
0.000000000000000000e+00 8.207799145299145005e-01 7.359775641025640969e-01 6.944444444444444059e-03 1.736111111111111188e-02
0.000000000000000000e+00 8.288817663817663606e-01 7.371794871794872250e-01 7.122507122507122646e-03 1.655982905982905998e-02
0.000000000000000000e+00 8.369836182336182206e-01 7.362446581196581130e-01 7.300569800569800365e-03 1.736111111111111188e-02
0.000000000000000000e+00 8.448183760683760646e-01 7.365117521367521292e-01 7.300569800569800365e-03 1.629273504273504383e-02
0.000000000000000000e+00 8.291488603988603767e-01 7.063301282051281937e-01 2.314814814814814686e-03 8.814102564102564014e-03
0.000000000000000000e+00 8.430377492877493273e-01 7.067307692307692735e-01 4.807692307692307959e-03 1.228632478632478604e-02
0.000000000000000000e+00 8.587072649572649041e-01 7.073985042735042583e-01 6.232193732193732315e-03 1.575854700854700807e-02
0.000000000000000000e+00 8.610220797720797847e-01 7.339743589743589203e-01 6.944444444444444059e-03 9.615384615384615918e-03
0.000000000000000000e+00 8.698361823361823175e-01 7.369123931623932089e-01 7.478632478632478951e-03 1.549145299145299193e-02
0.000000000000000000e+00 8.782941595441595695e-01 7.371794871794872250e-01 8.368945868945869282e-03 1.549145299145299193e-02
0.000000000000000000e+00 8.758903133903134242e-01 7.080662393162393542e-01 6.054131054131053728e-03 1.228632478632478604e-02
0.000000000000000000e+00 8.837250712250712681e-01 7.073985042735042583e-01 7.478632478632478951e-03 1.682692307692307612e-02
0.000000000000000000e+00 8.948539886039885705e-01 7.393162393162393542e-01 7.300569800569800365e-03 1.335470085470085409e-02
0.000000000000000000e+00 9.089209401709401615e-01 7.068643162393162260e-01 8.012820512820512109e-03 1.575854700854700807e-02
0.000000000000000000e+00 9.123041310541311066e-01 7.401175213675214026e-01 8.368945868945869282e-03 1.335470085470085409e-02
0.000000000000000000e+00 9.162215099715099731e-01 7.080662393162393542e-01 7.300569800569800365e-03 1.655982905982905998e-02
0.000000000000000000e+00 9.210292022792022637e-01 7.398504273504273865e-01 7.656695156695156670e-03 1.282051282051282007e-02
0.000000000000000000e+00 9.287749287749287319e-01 7.402510683760683552e-01 7.478632478632478951e-03 1.362179487179487197e-02
0.000000000000000000e+00 9.454237891737892197e-01 7.367788461538461453e-01 6.944444444444444059e-03 1.148504273504273587e-02
0.000000000000000000e+00 9.543269230769231282e-01 7.410523504273504036e-01 8.012820512820512109e-03 1.415598290598290600e-02
0.000000000000000000e+00 9.620726495726495964e-01 7.421207264957264682e-01 7.834757834757835257e-03 1.362179487179487197e-02
0.000000000000000000e+00 9.682158119658119677e-01 7.134081196581196771e-01 5.519943019943019703e-03 1.762820512820512803e-02
