0.000000000000000000e+00 6.374643874643874664e-02 1.491720085470085444e-01 7.122507122507122646e-03 1.148504273504273587e-02
0.000000000000000000e+00 6.953347578347578162e-02 1.590544871794871695e-01 8.368945868945869282e-03 1.201923076923076990e-02
0.000000000000000000e+00 4.059829059829059977e-02 2.362446581196581130e-01 1.103988603988603941e-02 9.348290598290598039e-03
0.000000000000000000e+00 6.597222222222222376e-02 2.379807692307692180e-01 1.228632478632478604e-02 9.081196581196581893e-03
0.000000000000000000e+00 9.125712250712250673e-02 2.298344017094016978e-01 1.549145299145299193e-02 1.201923076923076990e-02
0.000000000000000000e+00 7.923789173789173856e-02 4.054487179487179516e-01 1.175213675213675202e-02 1.121794871794871799e-02
0.000000000000000000e+00 7.033475783475783352e-03 4.865117521367521292e-01 1.014957264957264994e-02 1.415598290598290600e-02
0.000000000000000000e+00 1.068376068376068484e-03 4.780982905982906206e-01 1.780626780626780661e-03 8.012820512820512109e-03
0.000000000000000000e+00 2.884615384615384776e-02 7.371794871794872250e-01 1.068376068376068397e-02 8.547008547008547868e-03
0.000000000000000000e+00 7.674501424501424529e-02 7.572115384615384359e-01 1.317663817663817724e-02 1.388888888888888812e-02
0.000000000000000000e+00 1.143162393162393126e-01 7.434561965811965489e-01 1.602564102564102422e-02 1.469017094017094002e-02
0.000000000000000000e+00 7.211538461538460898e-02 8.895566239316239354e-01 7.478632478632478951e-03 1.842948717948717993e-02
0.000000000000000000e+00 8.066239316239316726e-02 8.883547008547008073e-01 6.766381766381766340e-03 1.388888888888888812e-02
0.000000000000000000e+00 2.548076923076922906e-01 1.095085470085470011e-02 5.698005698005698290e-03 5.341880341880341984e-03
0.000000000000000000e+00 2.985220797720797847e-01 2.537393162393162399e-02 6.232193732193732315e-03 1.014957264957264994e-02
0.000000000000000000e+00 2.401175213675213749e-01 9.561965811965811302e-02 8.368945868945869282e-03 1.068376068376068397e-02
0.000000000000000000e+00 2.279202279202279247e-01 1.115117521367521430e-01 9.615384615384615918e-03 1.362179487179487197e-02
0.000000000000000000e+00 2.011217948717948789e-01 1.473023504273504314e-01 9.437321937321937332e-03 1.255341880341880392e-02
0.000000000000000000e+00 2.066417378917378977e-01 1.525106837606837740e-01 8.368945868945869282e-03 1.175213675213675202e-02
0.000000000000000000e+00 2.772435897435897578e-01 5.170940170940171443e-01 7.478632478632478951e-03 1.014957264957264994e-02
0.000000000000000000e+00 2.864138176638176825e-01 5.288461538461538547e-01 8.368945868945869282e-03 1.549145299145299193e-02
0.000000000000000000e+00 3.179309116809116986e-01 5.494123931623932089e-01 6.944444444444444059e-03 1.549145299145299193e-02
0.000000000000000000e+00 1.908831908831908897e-01 7.140758547008546619e-01 1.531339031339031334e-02 1.255341880341880392e-02
0.000000000000000000e+00 2.591702279202279247e-01 6.828258547008546619e-01 1.477920227920227932e-02 1.415598290598290600e-02
0.000000000000000000e+00 2.750178062678062529e-01 6.761485042735042583e-01 1.442307692307692388e-02 1.255341880341880392e-02
0.000000000000000000e+00 3.330662393162392987e-01 1.324786324786324798e-01 4.451566951566951653e-03 6.944444444444444059e-03
0.000000000000000000e+00 3.515847578347578439e-01 6.400908119658119677e-01 1.335470085470085409e-02 1.255341880341880392e-02
0.000000000000000000e+00 3.854166666666666852e-01 6.223290598290598385e-01 1.335470085470085409e-02 1.388888888888888812e-02
0.000000000000000000e+00 3.587072649572649596e-01 6.733440170940171443e-01 1.157407407407407343e-02 1.014957264957264994e-02
0.000000000000000000e+00 3.795405982905982745e-01 6.887019230769231282e-01 7.300569800569800365e-03 9.348290598290598039e-03
0.000000000000000000e+00 4.043803418803418870e-01 6.848290598290598385e-01 7.478632478632478951e-03 1.602564102564102422e-02
0.000000000000000000e+00 4.002849002849002691e-01 7.060630341880341776e-01 8.903133903133903307e-03 2.163461538461538408e-02
0.000000000000000000e+00 4.136396011396011319e-01 9.106570512820513219e-01 1.317663817663817724e-02 2.270299145299145213e-02
0.000000000000000000e+00 4.066951566951567121e-01 9.915865384615384359e-01 1.495726495726495790e-02 1.682692307692307612e-02
0.000000000000000000e+00 4.558404558404558493e-01 5.997596153846154188e-01 6.054131054131053728e-03 7.745726495726495964e-03
0.000000000000000000e+00 4.637642450142450135e-01 6.390224358974359031e-01 7.300569800569800365e-03 1.469017094017094002e-02
0.000000000000000000e+00 4.800569800569800538e-01 6.587873931623932089e-01 1.424501424501424529e-02 1.629273504273504383e-02
0.000000000000000000e+00 5.025819088319087857e-01 6.788194444444444198e-01 1.264245014245014322e-02 1.362179487179487197e-02
0.000000000000000000e+00 5.103276353276353650e-01 6.830929487179486781e-01 1.139601139601139658e-02 1.308760683760683795e-02
0.000000000000000000e+00 5.155804843304843121e-01 6.884348290598291120e-01 1.193019943019943060e-02 1.255341880341880392e-02
0.000000000000000000e+00 5.240384615384615641e-01 6.925747863247863068e-01 1.139601139601139658e-02 1.175213675213675202e-02
0.000000000000000000e+00 5.313390313390313757e-01 6.975160256410256610e-01 1.210826210826210746e-02 1.308760683760683795e-02
0.000000000000000000e+00 5.443376068376067911e-01 7.119391025641025328e-01 1.602564102564102422e-02 1.522435897435897405e-02
0.000000000000000000e+00 5.534188034188034511e-01 7.171474358974359031e-01 1.282051282051282007e-02 1.335470085470085409e-02
0.000000000000000000e+00 5.305377492877493273e-01 7.433226495726495964e-01 5.163817663817663398e-03 1.014957264957264994e-02
0.000000000000000000e+00 7.083333333333333703e-01 1.010950854700854717e-01 1.210826210826210746e-02 8.279914529914529989e-03
0.000000000000000000e+00 7.189280626780626404e-01 7.079326923076922906e-01 4.451566951566951653e-03 9.882478632478632063e-03
0.000000000000000000e+00 7.016559829059828557e-01 7.251602564102563875e-01 1.121794871794871799e-02 1.976495726495726413e-02
0.000000000000000000e+00 6.555377492877493273e-01 7.978098290598291120e-01 1.050569800569800538e-02 1.869658119658119608e-02
0.000000000000000000e+00 6.645299145299145005e-01 8.376068376068376287e-01 1.139601139601139658e-02 1.923076923076923184e-02
0.000000000000000000e+00 6.425391737891738009e-01 8.281250000000000000e-01 1.264245014245014322e-02 2.163461538461538408e-02
0.000000000000000000e+00 6.320334757834757955e-01 8.490918803418803229e-01 1.228632478632478604e-02 2.029914529914529989e-02
0.000000000000000000e+00 6.761930199430199462e-01 8.664529914529914834e-01 1.371082621082621127e-02 1.335470085470085409e-02
0.000000000000000000e+00 6.434294871794872250e-01 8.819444444444444198e-01 1.121794871794871799e-02 2.083333333333333218e-02
0.000000000000000000e+00 6.036324786324785974e-01 9.070512820512820484e-01 1.424501424501424529e-02 2.617521367521367590e-02
0.000000000000000000e+00 6.228632478632478708e-01 9.237446581196581130e-01 1.032763532763532680e-02 1.842948717948717993e-02
0.000000000000000000e+00 5.917913105413105113e-01 9.309561965811965489e-01 1.299857549857549865e-02 2.110042735042735179e-02
0.000000000000000000e+00 6.137820512820513219e-01 9.417735042735042583e-01 1.068376068376068397e-02 1.976495726495726413e-02
0.000000000000000000e+00 5.788817663817663606e-01 9.573985042735042583e-01 1.175213675213675202e-02 1.949786324786324798e-02
0.000000000000000000e+00 6.058582621082621023e-01 9.627403846153845812e-01 1.228632478632478604e-02 2.003205128205128374e-02
0.000000000000000000e+00 5.669515669515668987e-01 9.807692307692307265e-01 1.353276353276353268e-02 2.350427350427350404e-02
0.000000000000000000e+00 5.577813390313390851e-01 9.975961538461538547e-01 6.588319088319088621e-03 4.273504273504273934e-03
0.000000000000000000e+00 8.332443019943019946e-01 3.338675213675213523e-03 1.121794871794871799e-02 5.074786324786324972e-03
0.000000000000000000e+00 8.411680911680912143e-01 2.938034188034188005e-03 3.205128205128205017e-03 4.807692307692307959e-03
0.000000000000000000e+00 8.350249287749287319e-01 1.135149572649572607e-02 8.725071225071224720e-03 7.745726495726495964e-03
0.000000000000000000e+00 8.363603988603988126e-01 2.123397435897435986e-02 9.971509971509971357e-03 7.745726495726495964e-03
0.000000000000000000e+00 8.097400284900284628e-01 3.058226495726495617e-02 9.793447293447292770e-03 7.211538461538461939e-03
0.000000000000000000e+00 8.103632478632478708e-01 3.579059829059828834e-02 8.190883190883190695e-03 7.478632478632478951e-03
0.000000000000000000e+00 8.121438746438746081e-01 4.647435897435897578e-02 1.175213675213675202e-02 8.547008547008547868e-03
0.000000000000000000e+00 8.385861823361823175e-01 3.672542735042735179e-02 9.081196581196581893e-03 8.279914529914529989e-03
0.000000000000000000e+00 8.402777777777777901e-01 4.620726495726495964e-02 9.971509971509971357e-03 7.478632478632478951e-03
0.000000000000000000e+00 9.564636752136752573e-01 1.068376068376068397e-02 4.095441595441595348e-03 7.478632478632478951e-03
0.000000000000000000e+00 9.647435897435897578e-01 1.308760683760683795e-02 1.032763532763532680e-02 1.014957264957264994e-02
0.000000000000000000e+00 9.499643874643874941e-01 3.231837606837607152e-02 1.032763532763532680e-02 7.478632478632478951e-03
0.000000000000000000e+00 9.508547008547008073e-01 3.752670940170940023e-02 8.547008547008547868e-03 7.211538461538461939e-03
0.000000000000000000e+00 9.518340455840456071e-01 4.393696581196580853e-02 9.081196581196581893e-03 7.745726495726495964e-03
0.000000000000000000e+00 9.251246438746438816e-01 4.046474358974359170e-02 7.656695156695156670e-03 8.279914529914529989e-03
0.000000000000000000e+00 9.271723646723646350e-01 5.074786324786324798e-02 1.068376068376068397e-02 9.081196581196581893e-03
0.000000000000000000e+00 9.670584045584045274e-01 1.016292735042735040e-01 1.139601139601139658e-02 9.348290598290598039e-03
0.000000000000000000e+00 8.779380341880341776e-01 3.318643162393162260e-01 7.300569800569800365e-03 9.882478632478632063e-03
0.000000000000000000e+00 8.796296296296296502e-01 3.587072649572649596e-01 9.615384615384615918e-03 1.442307692307692388e-02
0.000000000000000000e+00 8.262108262108261991e-01 6.706730769230768718e-01 1.282051282051282007e-02 1.228632478632478604e-02
0.000000000000000000e+00 8.555911680911680861e-01 6.967147435897436125e-01 1.460113960113960073e-02 1.041666666666666609e-02
0.000000000000000000e+00 8.780270655270655533e-01 7.152777777777777901e-01 1.460113960113960073e-02 1.228632478632478604e-02
0.000000000000000000e+00 8.977029914529914834e-01 7.343750000000000000e-01 1.335470085470085409e-02 1.201923076923076990e-02
0.000000000000000000e+00 9.089209401709401615e-01 7.441239316239316448e-01 1.442307692307692388e-02 1.175213675213675202e-02
0.000000000000000000e+00 9.200498575498575748e-01 7.525373931623932089e-01 1.673789173789173856e-02 1.095085470085470011e-02
0.000000000000000000e+00 9.284188034188034511e-01 7.610844017094017255e-01 1.388888888888888812e-02 1.095085470085470011e-02
0.000000000000000000e+00 9.660790598290598385e-01 7.911324786324785974e-01 1.299857549857549865e-02 1.175213675213675202e-02
0.000000000000000000e+00 9.733796296296296502e-01 8.011485042735042583e-01 1.406695156695156670e-02 1.095085470085470011e-02
0.000000000000000000e+00 8.730413105413105113e-01 9.184027777777777901e-01 1.246438746438746463e-02 2.537393162393162399e-02
0.000000000000000000e+00 8.827457264957264682e-01 9.198717948717948234e-01 1.014957264957264994e-02 2.083333333333333218e-02
0.000000000000000000e+00 8.915598290598291120e-01 9.237446581196581130e-01 8.903133903133903307e-03 1.949786324786324798e-02
0.000000000000000000e+00 9.013532763532763337e-01 9.280181623931623713e-01 8.190883190883190695e-03 1.842948717948717993e-02
0.000000000000000000e+00 9.205840455840456071e-01 9.383012820512820484e-01 8.903133903133903307e-03 2.029914529914529989e-02
0.000000000000000000e+00 9.326923076923077094e-01 9.433760683760683552e-01 9.615384615384615918e-03 1.923076923076923184e-02
0.000000000000000000e+00 9.518340455840456071e-01 9.520566239316239354e-01 1.050569800569800538e-02 2.056623931623931603e-02
0.000000000000000000e+00 9.621616809116808611e-01 9.556623931623932089e-01 9.437321937321937332e-03 1.976495726495726413e-02
0.000000000000000000e+00 8.547008547008546619e-01 9.918536324786324521e-01 1.460113960113960073e-02 1.629273504273504383e-02
0.000000000000000000e+00 9.238782051282051766e-01 9.815705128205127750e-01 1.086182336182336255e-02 1.762820512820512803e-02
0.000000000000000000e+00 9.356303418803418870e-01 9.882478632478632896e-01 1.228632478632478604e-02 2.083333333333333218e-02
0.000000000000000000e+00 9.450676638176638278e-01 9.926549145299145005e-01 1.121794871794871799e-02 1.415598290598290600e-02
