0.000000000000000000e+00 2.670940170940170992e-03 4.714209401709401615e-02 4.629629629629629373e-03 8.814102564102564014e-03
0.000000000000000000e+00 5.243945868945869282e-02 1.123130341880341915e-01 8.368945868945869282e-03 8.814102564102564014e-03
0.000000000000000000e+00 3.116096866096866244e-02 5.972222222222222099e-01 1.388888888888888812e-02 1.388888888888888812e-02
0.000000000000000000e+00 1.047898860398860377e-01 5.786591880341880323e-01 6.588319088319088621e-03 1.362179487179487197e-02
0.000000000000000000e+00 1.063924501424501484e-01 6.140491452991453381e-01 6.588319088319088621e-03 1.709401709401709574e-02
0.000000000000000000e+00 1.344373219373219339e-02 6.670673076923077094e-01 6.588319088319088621e-03 1.629273504273504383e-02
0.000000000000000000e+00 3.961894586894586928e-02 6.595886752136752573e-01 6.588319088319088621e-03 1.629273504273504383e-02
0.000000000000000000e+00 2.350427350427350404e-02 6.833600427350426942e-01 7.834757834757835257e-03 2.003205128205128374e-02
0.000000000000000000e+00 3.178418803418803229e-02 6.805555555555555802e-01 7.656695156695156670e-03 2.136752136752136794e-02
0.000000000000000000e+00 1.282051282051282007e-02 8.847489316239316448e-01 1.246438746438746463e-02 1.842948717948717993e-02
0.000000000000000000e+00 1.193910256410256471e-01 6.342147435897436125e-01 1.406695156695156670e-02 1.629273504273504383e-02
0.000000000000000000e+00 1.396901709401709435e-01 6.534455128205127750e-01 1.335470085470085409e-02 1.415598290598290600e-02
0.000000000000000000e+00 1.466346153846153910e-01 6.577190170940171443e-01 1.193019943019943060e-02 1.255341880341880392e-02
0.000000000000000000e+00 1.507300569800569812e-01 6.635950854700854995e-01 1.050569800569800538e-02 1.095085470085470011e-02
0.000000000000000000e+00 1.594551282051281937e-01 6.673344017094017255e-01 1.157407407407407343e-02 1.255341880341880392e-02
0.000000000000000000e+00 1.654202279202279247e-01 6.725427350427350959e-01 1.246438746438746463e-02 1.282051282051282007e-02
0.000000000000000000e+00 1.762820512820512941e-01 6.865651709401708880e-01 1.424501424501424529e-02 1.415598290598290600e-02
0.000000000000000000e+00 3.805199430199430188e-01 8.506944444444444753e-02 1.246438746438746463e-02 8.279914529914529989e-03
0.000000000000000000e+00 3.129451566951567121e-01 7.330395299145299193e-01 1.371082621082621127e-02 2.056623931623931603e-02
0.000000000000000000e+00 3.157941595441595695e-01 7.441239316239316448e-01 8.012820512820512109e-03 1.388888888888888812e-02
0.000000000000000000e+00 2.978098290598290565e-01 7.374465811965812412e-01 1.014957264957264994e-02 1.228632478632478604e-02
0.000000000000000000e+00 2.778668091168091103e-01 7.696314102564102422e-01 5.163817663817663398e-03 1.041666666666666609e-02
0.000000000000000000e+00 2.569444444444444198e-01 8.030181623931623713e-01 1.388888888888888812e-02 2.056623931623931603e-02
0.000000000000000000e+00 2.433226495726495686e-01 8.237179487179486781e-01 1.406695156695156670e-02 2.136752136752136794e-02
0.000000000000000000e+00 2.780448717948718063e-01 8.123664529914529364e-01 1.264245014245014322e-02 1.896367521367521222e-02
0.000000000000000000e+00 2.846331908831908897e-01 8.420138888888888395e-01 1.299857549857549865e-02 1.629273504273504383e-02
0.000000000000000000e+00 2.500000000000000000e-01 8.559027777777777901e-01 1.353276353276353268e-02 2.110042735042735179e-02
0.000000000000000000e+00 2.053062678062678170e-01 8.806089743589743390e-01 1.602564102564102422e-02 2.510683760683760785e-02
0.000000000000000000e+00 2.224893162393162260e-01 8.975694444444444198e-01 1.157407407407407343e-02 1.842948717948717993e-02
0.000000000000000000e+00 2.105591168091168197e-01 9.150641025641025328e-01 1.193019943019943060e-02 1.923076923076923184e-02
0.000000000000000000e+00 1.901709401709401615e-01 9.042467948717948234e-01 1.353276353276353268e-02 2.056623931623931603e-02
0.000000000000000000e+00 1.994301994301994341e-01 9.362980769230768718e-01 1.353276353276353268e-02 2.110042735042735179e-02
0.000000000000000000e+00 1.732549857549857686e-01 9.304220085470085166e-01 1.317663817663817724e-02 1.896367521367521222e-02
0.000000000000000000e+00 1.573183760683760646e-01 9.533920940170940161e-01 1.513532763532763475e-02 2.216880341880341984e-02
0.000000000000000000e+00 1.420940170940170888e-01 9.771634615384615641e-01 1.246438746438746463e-02 1.842948717948717993e-02
0.000000000000000000e+00 5.786146723646723444e-01 4.139957264957264994e-03 1.014957264957264994e-02 7.211538461538461939e-03
0.000000000000000000e+00 5.499465811965812412e-01 1.335470085470085409e-02 8.725071225071224720e-03 6.944444444444444059e-03
0.000000000000000000e+00 5.501246438746438816e-01 1.829594017094017186e-02 8.012820512820512109e-03 6.677350427350427046e-03
0.000000000000000000e+00 5.505698005698005382e-01 2.911324786324786390e-02 1.139601139601139658e-02 7.478632478632478951e-03
0.000000000000000000e+00 5.785256410256410797e-01 1.949786324786324798e-02 8.903133903133903307e-03 7.478632478632478951e-03
0.000000000000000000e+00 5.787037037037037202e-01 2.884615384615384776e-02 9.615384615384615918e-03 7.478632478632478951e-03
0.000000000000000000e+00 5.689992877492877632e-01 3.114316239316239354e-01 1.335470085470085409e-02 1.175213675213675202e-02
0.000000000000000000e+00 5.669515669515668987e-01 3.376068376068376287e-01 1.495726495726495790e-02 1.655982905982905998e-02
0.000000000000000000e+00 4.656339031339031265e-01 6.474358974358974672e-01 1.139601139601139658e-02 1.282051282051282007e-02
0.000000000000000000e+00 4.914529914529914278e-01 6.732104700854700807e-01 1.424501424501424529e-02 1.095085470085470011e-02
0.000000000000000000e+00 5.110398860398860377e-01 6.916399572649573058e-01 1.460113960113960073e-02 1.201923076923076990e-02
0.000000000000000000e+00 5.283119658119658224e-01 7.108707264957264682e-01 1.282051282051282007e-02 1.201923076923076990e-02
0.000000000000000000e+00 5.373931623931623713e-01 7.200854700854700807e-01 1.246438746438746463e-02 1.068376068376068397e-02
0.000000000000000000e+00 5.467414529914529364e-01 7.287660256410256610e-01 1.442307692307692388e-02 9.882478632478632063e-03
0.000000000000000000e+00 5.547542735042735318e-01 7.373130341880341776e-01 1.371082621082621127e-02 1.041666666666666609e-02
0.000000000000000000e+00 5.905448717948718063e-01 7.665598290598291120e-01 7.656695156695156670e-03 1.121794871794871799e-02
0.000000000000000000e+00 5.938390313390313757e-01 7.771100427350426942e-01 1.353276353276353268e-02 1.148504273504273587e-02
0.000000000000000000e+00 6.493945868945868449e-01 8.194444444444444198e-01 1.282051282051282007e-02 1.602564102564102422e-02
0.000000000000000000e+00 4.066061253561253364e-01 9.861111111111111605e-01 1.406695156695156670e-02 1.923076923076923184e-02
0.000000000000000000e+00 4.439992877492877632e-01 9.684829059829059839e-01 9.793447293447292770e-03 2.136752136752136794e-02
0.000000000000000000e+00 4.751602564102563875e-01 8.923611111111111605e-01 9.793447293447292770e-03 2.457264957264957209e-02
0.000000000000000000e+00 4.850427350427350404e-01 8.947649572649573058e-01 8.190883190883190695e-03 2.029914529914529989e-02
0.000000000000000000e+00 4.935007122507122368e-01 8.983707264957264682e-01 6.944444444444444059e-03 1.842948717948717993e-02
0.000000000000000000e+00 5.025819088319087857e-01 9.030448717948718063e-01 5.876068376068376009e-03 1.762820512820512803e-02
0.000000000000000000e+00 5.206552706552706189e-01 9.133279914529914834e-01 7.478632478632478951e-03 2.003205128205128374e-02
0.000000000000000000e+00 5.317841880341880323e-01 9.184027777777777901e-01 7.656695156695156670e-03 1.842948717948717993e-02
0.000000000000000000e+00 5.499465811965812412e-01 9.269497863247863068e-01 7.656695156695156670e-03 1.949786324786324798e-02
0.000000000000000000e+00 5.592948717948718063e-01 9.305555555555555802e-01 7.478632478632478951e-03 1.976495726495726413e-02
0.000000000000000000e+00 5.176282051282051766e-01 9.568643162393162260e-01 1.068376068376068397e-02 1.896367521367521222e-02
0.000000000000000000e+00 5.275997150997151497e-01 9.638087606837606458e-01 1.353276353276353268e-02 2.110042735042735179e-02
0.000000000000000000e+00 5.364138176638176825e-01 9.692841880341880323e-01 1.157407407407407343e-02 1.709401709401709574e-02
0.000000000000000000e+00 6.638176638176638278e-01 3.472222222222222029e-03 6.054131054131053728e-03 6.410256410256410034e-03
0.000000000000000000e+00 6.638176638176638278e-01 1.282051282051282007e-02 6.766381766381766340e-03 7.478632478632478951e-03
0.000000000000000000e+00 6.646189458689458762e-01 2.337072649572649596e-02 8.368945868945869282e-03 7.745726495726495964e-03
0.000000000000000000e+00 6.655092592592593004e-01 3.352029914529914417e-02 1.050569800569800538e-02 7.745726495726495964e-03
0.000000000000000000e+00 6.913283475783476018e-01 1.535790598290598212e-02 1.014957264957264994e-02 7.745726495726495964e-03
0.000000000000000000e+00 6.915954415954416179e-01 2.056623931623931603e-02 8.547008547008547868e-03 6.944444444444444059e-03
0.000000000000000000e+00 6.915954415954416179e-01 2.670940170940170819e-02 8.903133903133903307e-03 7.478632478632478951e-03
0.000000000000000000e+00 6.719195156695156879e-01 8.400106837606838295e-02 1.050569800569800538e-02 8.279914529914529989e-03
0.000000000000000000e+00 8.399216524216523982e-01 2.203525641025641177e-02 9.971509971509971357e-03 8.279914529914529989e-03
0.000000000000000000e+00 8.723290598290598385e-01 6.343482905982905651e-02 9.615384615384615918e-03 9.348290598290598039e-03
0.000000000000000000e+00 8.321759259259259300e-01 1.972489316239316171e-01 1.050569800569800538e-02 8.814102564102564014e-03
0.000000000000000000e+00 8.324430199430199462e-01 2.037927350427350404e-01 1.032763532763532680e-02 9.615384615384615918e-03
0.000000000000000000e+00 8.595085470085470636e-01 1.924412393162393264e-01 1.032763532763532680e-02 7.211538461538461939e-03
0.000000000000000000e+00 8.592414529914529364e-01 1.984508547008546897e-01 9.081196581196581893e-03 7.478632478632478951e-03
0.000000000000000000e+00 8.608440170940171443e-01 2.043269230769230727e-01 7.656695156695156670e-03 8.547008547008547868e-03
0.000000000000000000e+00 8.626246438746438816e-01 2.154113247863247982e-01 1.193019943019943060e-02 7.745726495726495964e-03
0.000000000000000000e+00 8.631588319088319139e-01 2.210202991452991372e-01 1.193019943019943060e-02 8.279914529914529989e-03
0.000000000000000000e+00 8.780270655270655533e-01 2.463942307692307820e-01 9.971509971509971357e-03 8.814102564102564014e-03
0.000000000000000000e+00 8.837250712250712681e-01 1.833600427350427220e-01 6.054131054131053728e-03 1.575854700854700807e-02
0.000000000000000000e+00 8.900462962962962798e-01 1.849626068376068466e-01 6.232193732193732315e-03 1.362179487179487197e-02
0.000000000000000000e+00 8.960113960113960108e-01 1.850961538461538547e-01 6.054131054131053728e-03 1.175213675213675202e-02
0.000000000000000000e+00 9.021545584045583821e-01 1.846955128205128305e-01 5.876068376068376009e-03 1.148504273504273587e-02
0.000000000000000000e+00 9.129273504273504036e-01 1.862980769230769273e-01 5.698005698005698290e-03 1.148504273504273587e-02
0.000000000000000000e+00 9.191595441595441507e-01 1.857638888888888951e-01 5.698005698005698290e-03 1.041666666666666609e-02
0.000000000000000000e+00 9.069622507122506727e-01 2.088675213675213749e-01 1.228632478632478604e-02 9.081196581196581893e-03
0.000000000000000000e+00 9.313568376068376287e-01 1.959134615384615363e-01 7.300569800569800365e-03 6.677350427350427046e-03
0.000000000000000000e+00 9.306445868945868449e-01 2.021901709401709435e-01 7.656695156695156670e-03 5.876068376068376009e-03
0.000000000000000000e+00 9.322471509971509418e-01 2.084668803418803507e-01 9.437321937321937332e-03 6.677350427350427046e-03
0.000000000000000000e+00 9.339387464387464144e-01 2.142094017094016978e-01 8.190883190883190695e-03 6.944444444444444059e-03
0.000000000000000000e+00 9.361645299145299193e-01 2.207532051282051211e-01 1.050569800569800538e-02 7.211538461538461939e-03
0.000000000000000000e+00 8.791844729344728826e-01 1.983173076923076816e-01 5.876068376068376009e-03 8.279914529914529989e-03
0.000000000000000000e+00 8.801638176638176825e-01 2.092681623931623991e-01 6.410256410256410034e-03 5.608974358974358997e-03
0.000000000000000000e+00 9.523682336182336394e-01 2.407852564102564152e-01 5.876068376068376009e-03 1.201923076923076990e-02
0.000000000000000000e+00 9.591346153846154188e-01 2.413194444444444475e-01 6.944444444444444059e-03 1.308760683760683795e-02
0.000000000000000000e+00 9.666132478632478708e-01 2.413194444444444475e-01 6.588319088319088621e-03 1.736111111111111188e-02
0.000000000000000000e+00 9.727564102564102422e-01 2.425213675213675202e-01 6.410256410256410034e-03 1.068376068376068397e-02
0.000000000000000000e+00 9.587784900284900269e-01 2.648237179487179516e-01 5.876068376068376009e-03 8.279914529914529989e-03
0.000000000000000000e+00 9.647435897435897578e-01 2.634882478632478708e-01 6.054131054131053728e-03 9.882478632478632063e-03
0.000000000000000000e+00 7.284544159544159569e-01 3.639155982905982745e-01 8.547008547008547868e-03 1.522435897435897405e-02
0.000000000000000000e+00 7.715455840455840431e-01 3.323985042735042583e-01 7.478632478632478951e-03 1.362179487179487197e-02
0.000000000000000000e+00 8.352029914529914834e-01 3.593750000000000000e-01 8.012820512820512109e-03 1.362179487179487197e-02
0.000000000000000000e+00 7.085113960113960108e-01 4.623397435897436125e-01 1.139601139601139658e-02 9.615384615384615918e-03
0.000000000000000000e+00 7.305911680911680861e-01 4.326923076923077094e-01 6.766381766381766340e-03 1.442307692307692388e-02
0.000000000000000000e+00 8.441061253561253919e-01 4.768963675213675479e-01 1.121794871794871799e-02 1.148504273504273587e-02
0.000000000000000000e+00 8.572827635327635587e-01 4.659455128205128305e-01 1.549145299145299193e-02 1.201923076923076990e-02
0.000000000000000000e+00 9.788105413105413488e-01 4.531250000000000000e-01 7.834757834757835257e-03 1.362179487179487197e-02
0.000000000000000000e+00 9.879807692307692735e-01 4.544604700854700807e-01 7.300569800569800365e-03 1.362179487179487197e-02
0.000000000000000000e+00 9.959045584045583821e-01 4.564636752136752018e-01 7.834757834757835257e-03 1.335470085470085409e-02
0.000000000000000000e+00 9.870904558404558493e-01 4.957264957264957417e-01 8.012820512820512109e-03 1.282051282051282007e-02
0.000000000000000000e+00 7.481303418803418870e-01 4.356303418803418870e-01 1.264245014245014322e-02 1.014957264957264994e-02
0.000000000000000000e+00 7.465277777777777901e-01 4.253472222222222099e-01 1.264245014245014322e-02 1.041666666666666609e-02
0.000000000000000000e+00 7.458155270655271174e-01 4.165331196581196771e-01 1.371082621082621127e-02 1.041666666666666609e-02
0.000000000000000000e+00 7.470619658119658224e-01 4.094551282051281937e-01 1.086182336182336255e-02 9.081196581196581893e-03
0.000000000000000000e+00 7.468839031339031820e-01 4.023771367521367659e-01 1.228632478632478604e-02 1.095085470085470011e-02
0.000000000000000000e+00 7.473290598290598385e-01 3.951655982905982745e-01 1.282051282051282007e-02 1.201923076923076990e-02
0.000000000000000000e+00 7.509793447293446889e-01 3.892895299145299193e-01 1.050569800569800538e-02 1.201923076923076990e-02
0.000000000000000000e+00 7.540954415954416179e-01 3.811431623931623713e-01 1.210826210826210746e-02 1.388888888888888812e-02
0.000000000000000000e+00 7.655804843304843121e-01 3.729967948717948789e-01 1.014957264957264994e-02 1.575854700854700807e-02
0.000000000000000000e+00 7.719017094017094349e-01 3.692574786324786529e-01 7.478632478632478951e-03 1.362179487179487197e-02
0.000000000000000000e+00 7.792022792022792466e-01 3.704594017094017255e-01 6.766381766381766340e-03 1.388888888888888812e-02
0.000000000000000000e+00 7.879273504273504036e-01 3.684561965811966044e-01 6.054131054131053728e-03 1.575854700854700807e-02
0.000000000000000000e+00 7.953169515669515910e-01 3.716613247863247982e-01 5.876068376068376009e-03 1.041666666666666609e-02
0.000000000000000000e+00 8.111645299145299193e-01 3.756677350427350404e-01 1.193019943019943060e-02 1.148504273504273587e-02
0.000000000000000000e+00 8.231837606837606458e-01 3.898237179487179516e-01 1.139601139601139658e-02 1.415598290598290600e-02
0.000000000000000000e+00 8.248753561253561184e-01 4.035790598290598385e-01 1.299857549857549865e-02 9.615384615384615918e-03
0.000000000000000000e+00 8.245192307692307265e-01 4.122596153846153633e-01 1.513532763532763475e-02 9.348290598290598039e-03
0.000000000000000000e+00 8.258547008547008073e-01 4.213408119658119677e-01 1.103988603988603941e-02 9.882478632478632063e-03
0.000000000000000000e+00 8.234508547008546619e-01 4.298878205128205399e-01 1.406695156695156670e-02 1.148504273504273587e-02
0.000000000000000000e+00 8.216702279202279247e-01 4.372329059829059839e-01 1.050569800569800538e-02 1.014957264957264994e-02
0.000000000000000000e+00 8.198005698005698116e-01 4.444444444444444198e-01 1.388888888888888812e-02 1.335470085470085409e-02
0.000000000000000000e+00 8.177528490028490582e-01 4.511217948717948789e-01 1.442307692307692388e-02 1.335470085470085409e-02
0.000000000000000000e+00 8.102742165242164951e-01 8.079594017094017255e-01 8.368945868945869282e-03 2.083333333333333218e-02
0.000000000000000000e+00 7.957621082621082476e-01 8.187767094017094349e-01 1.566951566951567051e-02 1.522435897435897405e-02
0.000000000000000000e+00 7.929131054131054457e-01 8.290598290598291120e-01 1.673789173789173856e-02 1.602564102564102422e-02
0.000000000000000000e+00 7.850783475783476018e-01 8.476228632478632896e-01 1.424501424501424529e-02 1.522435897435897405e-02
0.000000000000000000e+00 7.833867521367521292e-01 8.587072649572649041e-01 1.869658119658119608e-02 1.869658119658119608e-02
0.000000000000000000e+00 7.744836182336182206e-01 8.886217948717948234e-01 1.655982905982905998e-02 1.709401709401709574e-02
0.000000000000000000e+00 8.528311965811965489e-01 9.358974358974359031e-01 1.477920227920227932e-02 1.228632478632478604e-02
0.000000000000000000e+00 7.675391737891738009e-01 9.905181623931623713e-01 1.869658119658119608e-02 1.522435897435897405e-02
